channel_id,sequence,send_height,ack_height,block_delay,send_time,ack_time,time_delay_sec
channel-208,1489864,30280102,30280112,10,2025-02-24 20:03:13.093565,2025-02-24 20:03:28.976841,15.883276
channel-208,1489865,30280250,30280256,6,2025-02-24 20:06:23.510802,2025-02-24 20:06:34.520722,11.00992
channel-208,1489866,30280281,30280290,9,2025-02-24 20:07:04.411062,2025-02-24 20:07:18.214555,13.803493
channel-208,1489867,30280349,30280359,10,2025-02-24 20:08:43.967361,2025-02-24 20:08:56.010292,12.042931
channel-208,1489868,30280571,30280582,11,2025-02-24 20:13:33.035632,2025-02-24 20:13:47.266426,14.230794
channel-208,1489869,30280593,30280603,10,2025-02-24 20:14:01.487799,2025-02-24 20:14:16.769597,15.281798
channel-208,1489870,30280600,30280612,12,2025-02-24 20:14:09.312801,2025-02-24 20:14:28.533373,19.220572
channel-208,1489871,30280619,30280629,10,2025-02-24 20:14:37.922391,2025-02-24 20:14:52.079910,14.157519
channel-208,1489872,30280619,30280629,10,2025-02-24 20:14:37.922391,2025-02-24 20:14:52.079910,14.157519
channel-208,1489873,30280656,30280666,10,2025-02-24 20:15:25.694444,2025-02-24 20:15:38.217558,12.523114
channel-208,1489874,30280671,30280685,14,2025-02-24 20:15:45.097389,2025-02-24 20:16:02.514189,17.4168
channel-208,1489875,30280752,30280763,11,2025-02-24 20:17:32.164388,2025-02-24 20:17:45.197050,13.032662
channel-208,1489876,30280854,30280864,10,2025-02-24 20:19:44.952657,2025-02-24 20:19:58.812039,13.859382
channel-208,1489877,30280880,30280893,13,2025-02-24 20:20:19.258478,2025-02-24 20:20:34.689475,15.430997
channel-208,1489878,30280897,30280907,10,2025-02-24 20:20:39.442136,2025-02-24 20:20:51.353213,11.911077
channel-208,1489879,30280993,30281003,10,2025-02-24 20:22:45.513473,2025-02-24 20:22:57.108031,11.594558
channel-208,1489880,30281010,30281020,10,2025-02-24 20:23:05.418619,2025-02-24 20:23:18.617952,13.199333
channel-208,1489881,30281289,30281299,10,2025-02-24 20:29:08.755682,2025-02-24 20:29:25.710837,16.955155
channel-208,1489882,30281297,30281308,11,2025-02-24 20:29:23.441387,2025-02-24 20:29:38.256192,14.814805
channel-208,1489883,30281397,30281405,8,2025-02-24 20:31:33.071874,2025-02-24 20:31:44.713607,11.641733
channel-208,1489884,30281493,30281506,13,2025-02-24 20:33:38.513385,2025-02-24 20:33:54.416491,15.903106
channel-208,1489885,30281529,30281539,10,2025-02-24 20:34:23.689110,2025-02-24 20:34:35.684706,11.995596
channel-208,1489886,30281871,30281882,11,2025-02-24 20:41:54.780308,2025-02-24 20:42:08.803468,14.02316
channel-208,1489887,30281894,30281903,9,2025-02-24 20:42:24.249779,2025-02-24 20:42:39.989777,15.739998
channel-208,1489888,30281899,30281912,13,2025-02-24 20:42:31.252423,2025-02-24 20:42:50.906528,19.654105
channel-208,1489889,30282193,30282208,15,2025-02-24 20:49:05.113238,2025-02-24 20:49:23.231869,18.118631
channel-208,1489890,30282263,30282272,9,2025-02-24 20:50:39.849723,2025-02-24 20:50:52.381603,12.53188
channel-208,1489891,30282269,30282282,13,2025-02-24 20:50:48.781889,2025-02-24 20:51:03.935650,15.153761
channel-208,1489892,30282352,30282361,9,2025-02-24 20:52:32.467699,2025-02-24 20:52:43.160507,10.692808
channel-208,1489893,30282380,30282389,9,2025-02-24 20:53:10.195342,2025-02-24 20:53:20.939883,10.744541
channel-208,1489894,30282418,30282434,16,2025-02-24 20:54:05.350639,2025-02-24 20:54:26.379883,21.029244
channel-208,1489895,30282418,30282434,16,2025-02-24 20:54:05.350639,2025-02-24 20:54:26.379883,21.029244
channel-208,1489896,30282540,30282554,14,2025-02-24 20:56:43.144667,2025-02-24 20:57:02.485519,19.340852
channel-208,1489897,30282593,30282606,13,2025-02-24 20:57:52.171127,2025-02-24 20:58:11.101345,18.930218
channel-208,1489898,30282633,30282646,13,2025-02-24 20:58:48.560555,2025-02-24 20:59:03.575566,15.015011
channel-208,1489899,30282673,30282683,10,2025-02-24 20:59:37.618033,2025-02-24 20:59:54.766797,17.148764
channel-208,1489900,30282706,30282720,14,2025-02-24 21:00:24.877051,2025-02-24 21:00:41.314370,16.437319
channel-208,1489901,30282754,30282765,11,2025-02-24 21:01:26.432315,2025-02-24 21:01:40.041915,13.6096
channel-208,1489902,30283063,30283073,10,2025-02-24 21:08:20.227264,2025-02-24 21:08:31.978028,11.750764
channel-208,1489903,30283190,30283198,8,2025-02-24 21:11:04.076197,2025-02-24 21:11:15.925340,11.849143
channel-208,1489904,30283235,30283247,12,2025-02-24 21:12:04.867996,2025-02-24 21:12:21.077564,16.209568
channel-208,1489905,30283241,30283251,10,2025-02-24 21:12:13.924795,2025-02-24 21:12:25.540947,11.616152
channel-208,1489906,30283271,30283280,9,2025-02-24 21:12:50.590248,2025-02-24 21:13:02.386575,11.796327
channel-208,1489907,30283283,30283291,8,2025-02-24 21:13:07.595980,2025-02-24 21:13:18.676779,11.080799
channel-208,1489908,30283314,30283324,10,2025-02-24 21:13:48.817471,2025-02-24 21:14:00.827512,12.010041
channel-208,1489909,30283343,30283356,13,2025-02-24 21:14:24.998216,2025-02-24 21:14:40.181099,15.182883
channel-208,1489910,30283624,30283633,9,2025-02-24 21:20:35.345135,2025-02-24 21:20:45.701228,10.356093
channel-208,1489911,30283838,30283850,12,2025-02-24 21:25:12.776163,2025-02-24 21:25:31.539346,18.763183
channel-208,1489912,30283847,30283860,13,2025-02-24 21:25:27.672207,2025-02-24 21:25:43.402217,15.73001
channel-208,1489913,30283987,30284001,14,2025-02-24 21:28:31.413158,2025-02-24 21:28:48.580194,17.167036
channel-208,1489914,30284016,30284029,13,2025-02-24 21:29:09.631619,2025-02-24 21:29:24.906775,15.275156
channel-208,1489915,30284041,30284051,10,2025-02-24 21:29:40.394305,2025-02-24 21:29:53.075239,12.680934
channel-208,1489916,30284099,30284109,10,2025-02-24 21:31:02.901796,2025-02-24 21:31:16.950627,14.048831
channel-208,1489917,30284119,30284131,12,2025-02-24 21:31:30.941873,2025-02-24 21:31:44.662715,13.720842
channel-208,1489918,30284142,30284155,13,2025-02-24 21:31:56.978322,2025-02-24 21:32:14.103438,17.125116
channel-208,1489919,30284169,30284180,11,2025-02-24 21:32:33.039104,2025-02-24 21:32:48.709193,15.670089
channel-208,1489920,30284264,30284274,10,2025-02-24 21:34:39.538987,2025-02-24 21:34:55.588474,16.049487
channel-208,1489921,30284429,30284442,13,2025-02-24 21:38:16.632422,2025-02-24 21:38:32.089729,15.457307
channel-208,1489922,30284523,30284536,13,2025-02-24 21:40:23.075962,2025-02-24 21:40:40.245886,17.169924
channel-208,1489923,30284625,30284639,14,2025-02-24 21:42:32.469093,2025-02-24 21:42:50.961707,18.492614
channel-208,1489924,30284697,30284710,13,2025-02-24 21:44:12.463982,2025-02-24 21:44:28.432011,15.968029
channel-208,1489925,30284928,30284942,14,2025-02-24 21:49:14.615313,2025-02-24 21:49:32.763788,18.148475
channel-208,1489926,30284933,30284945,12,2025-02-24 21:49:21.972701,2025-02-24 21:49:36.227675,14.254974
channel-208,1489927,30285016,30285029,13,2025-02-24 21:51:07.385275,2025-02-24 21:51:25.059047,17.673772
channel-208,1489928,30285141,30285152,11,2025-02-24 21:53:55.086589,2025-02-24 21:54:10.257058,15.170469
channel-208,1489929,30285222,30285234,12,2025-02-24 21:55:39.556105,2025-02-24 21:55:53.388243,13.832138
channel-208,1489930,30285268,30285277,9,2025-02-24 21:56:37.363026,2025-02-24 21:56:51.985658,14.622632
channel-208,1489931,30285300,30285309,9,2025-02-24 21:57:20.149566,2025-02-24 21:57:37.372091,17.222525
channel-208,1489932,30285310,30285322,12,2025-02-24 21:57:38.535208,2025-02-24 21:57:54.351121,15.815913
channel-208,1489933,30285406,30285416,10,2025-02-24 21:59:41.630833,2025-02-24 21:59:54.330777,12.699944
channel-208,1489934,30285459,30285468,9,2025-02-24 22:00:54.407087,2025-02-24 22:01:07.424323,13.017236
channel-208,1489935,30285537,30285545,8,2025-02-24 22:02:44.034310,2025-02-24 22:02:59.490272,15.455962
channel-208,1489936,30285572,30285582,10,2025-02-24 22:03:41.858456,2025-02-24 22:03:55.636894,13.778438
channel-208,1489937,30285604,30285614,10,2025-02-24 22:04:27.982716,2025-02-24 22:04:40.943115,12.960399
channel-208,1489938,30285612,30285621,9,2025-02-24 22:04:38.510284,2025-02-24 22:04:49.825619,11.315335
channel-208,1489939,30285635,30285648,13,2025-02-24 22:05:15.892655,2025-02-24 22:05:33.093854,17.201199
channel-208,1489940,30285647,30285657,10,2025-02-24 22:05:31.924717,2025-02-24 22:05:45.078672,13.153955
channel-208,1489941,30285662,30285670,8,2025-02-24 22:05:50.476078,2025-02-24 22:06:01.838818,11.36274
channel-208,1489942,30285670,30285679,9,2025-02-24 22:06:01.838818,2025-02-24 22:06:13.399707,11.560889
channel-208,1489943,30285679,30285688,9,2025-02-24 22:06:13.399707,2025-02-24 22:06:25.438471,12.038764
channel-208,1489944,30285686,30285697,11,2025-02-24 22:06:23.063445,2025-02-24 22:06:36.542517,13.479072
channel-208,1489945,30285692,30285701,9,2025-02-24 22:06:30.045488,2025-02-24 22:06:42.893572,12.848084
channel-208,1489946,30285710,30285718,8,2025-02-24 22:06:54.772569,2025-02-24 22:07:08.382268,13.609699
channel-208,1489947,30285729,30285740,11,2025-02-24 22:07:22.634088,2025-02-24 22:07:37.424439,14.790351
channel-208,1489948,30285752,30285769,17,2025-02-24 22:07:52.850576,2025-02-24 22:08:13.445867,20.595291
channel-208,1489949,30285757,30285769,12,2025-02-24 22:07:58.618493,2025-02-24 22:08:13.445867,14.827374
channel-208,1489950,30285825,30285837,12,2025-02-24 22:09:30.513300,2025-02-24 22:09:45.980500,15.4672
channel-208,1489951,30285846,30285859,13,2025-02-24 22:09:57.528668,2025-02-24 22:10:15.177879,17.649211
channel-208,1489952,30285865,30285874,9,2025-02-24 22:10:27.049540,2025-02-24 22:10:38.333417,11.283877
channel-208,1489953,30285895,30285905,10,2025-02-24 22:11:07.866719,2025-02-24 22:11:23.867006,16.000287
channel-208,1489954,30285917,30285928,11,2025-02-24 22:11:38.813672,2025-02-24 22:11:54.138622,15.32495
channel-208,1489955,30285931,30285942,11,2025-02-24 22:11:59.735121,2025-02-24 22:12:16.109124,16.374003
channel-208,1489956,30285946,30285958,12,2025-02-24 22:12:22.256850,2025-02-24 22:12:36.199147,13.942297
channel-208,1489957,30285968,30285979,11,2025-02-24 22:12:48.595985,2025-02-24 22:13:04.642079,16.046094
channel-208,1489958,30286005,30286017,12,2025-02-24 22:13:41.687470,2025-02-24 22:13:56.135104,14.447634
channel-208,1489959,30286015,30286026,11,2025-02-24 22:13:53.800984,2025-02-24 22:14:07.853691,14.052707
channel-208,1489960,30286046,30286057,11,2025-02-24 22:14:35.343553,2025-02-24 22:14:49.040322,13.696769
channel-208,1489961,30286054,30286066,12,2025-02-24 22:14:44.619035,2025-02-24 22:15:01.648313,17.029278
channel-208,1489962,30286080,30286088,8,2025-02-24 22:15:18.762709,2025-02-24 22:15:30.463013,11.700304
channel-208,1489963,30286084,30286105,21,2025-02-24 22:15:23.177188,2025-02-24 22:15:51.851357,28.674169
channel-208,1489964,30286131,30286140,9,2025-02-24 22:16:26.674001,2025-02-24 22:16:38.748858,12.074857
channel-208,1489965,30286175,30286185,10,2025-02-24 22:17:28.496430,2025-02-24 22:17:42.795011,14.298581
channel-208,1489966,30286183,30286195,12,2025-02-24 22:17:40.231454,2025-02-24 22:17:54.939480,14.708026
channel-208,1489967,30286229,30286238,9,2025-02-24 22:18:36.780295,2025-02-24 22:18:52.716214,15.935919
channel-208,1489968,30286305,30286314,9,2025-02-24 22:20:19.870573,2025-02-24 22:20:31.800786,11.930213
channel-208,1489969,30286314,30286322,8,2025-02-24 22:20:31.800786,2025-02-24 22:20:44.000063,12.199277
channel-208,1489970,30286375,30286389,14,2025-02-24 22:21:56.030946,2025-02-24 22:22:13.444323,17.413377
channel-208,1489971,30286397,30286407,10,2025-02-24 22:22:24.736193,2025-02-24 22:22:41.002658,16.266465
channel-208,1489972,30286400,30286407,7,2025-02-24 22:22:28.508944,2025-02-24 22:22:41.002658,12.493714
channel-208,1489973,30286423,30286434,11,2025-02-24 22:23:00.328456,2025-02-24 22:23:16.518674,16.190218
channel-208,1489974,30286479,30286488,9,2025-02-24 22:24:13.679898,2025-02-24 22:24:25.005157,11.325259
channel-208,1489975,30286501,30286510,9,2025-02-24 22:24:42.538367,2025-02-24 22:24:53.426947,10.88858
channel-208,1489976,30286548,30286559,11,2025-02-24 22:25:43.396285,2025-02-24 22:26:01.636237,18.239952
channel-208,1489977,30286577,30286587,10,2025-02-24 22:26:24.978017,2025-02-24 22:26:39.194901,14.216884
channel-208,1489978,30286689,30286699,10,2025-02-24 22:28:50.272692,2025-02-24 22:29:02.393054,12.120362
channel-208,1489979,30286698,30286709,11,2025-02-24 22:29:01.219912,2025-02-24 22:29:15.102949,13.883037
channel-208,1489980,30286762,30286775,13,2025-02-24 22:30:30.173610,2025-02-24 22:30:45.133611,14.960001
channel-208,1489981,30286866,30286875,9,2025-02-24 22:32:43.457561,2025-02-24 22:32:54.134444,10.676883
channel-208,1489982,30286879,30286889,10,2025-02-24 22:32:58.922630,2025-02-24 22:33:11.272533,12.349903
channel-208,1489983,30286915,30286925,10,2025-02-24 22:33:44.392686,2025-02-24 22:33:56.788677,12.395991
channel-208,1489984,30287053,30287065,12,2025-02-24 22:36:49.813661,2025-02-24 22:37:04.285793,14.472132
channel-208,1489985,30287064,30287073,9,2025-02-24 22:37:03.176178,2025-02-24 22:37:15.327493,12.151315
channel-208,1489986,30287083,30287103,20,2025-02-24 22:37:28.671138,2025-02-24 22:37:56.077105,27.405967
channel-208,1489987,30287095,30287104,9,2025-02-24 22:37:43.510821,2025-02-24 22:37:57.325259,13.814438
channel-208,1489988,30287183,30287193,10,2025-02-24 22:39:42.789418,2025-02-24 22:39:58.646492,15.857074
channel-208,1489989,30287243,30287253,10,2025-02-24 22:41:01.488163,2025-02-24 22:41:15.268930,13.780767
channel-208,1489990,30287247,30287258,11,2025-02-24 22:41:07.686699,2025-02-24 22:41:21.421926,13.735227
channel-208,1489991,30287262,30287291,29,2025-02-24 22:41:25.822191,2025-02-24 22:42:03.124499,37.302308
channel-208,1489992,30287283,30287293,10,2025-02-24 22:41:52.246356,2025-02-24 22:42:06.693603,14.447247
channel-208,1489993,30287294,30287308,14,2025-02-24 22:42:07.913907,2025-02-24 22:42:24.818647,16.90474
channel-208,1489994,30287363,30287373,10,2025-02-24 22:43:38.723998,2025-02-24 22:43:51.484642,12.760644
channel-208,1489995,30287388,30287398,10,2025-02-24 22:44:09.527430,2025-02-24 22:44:22.234837,12.707407
channel-208,1489996,30287481,30287489,8,2025-02-24 22:46:17.668492,2025-02-24 22:46:27.937433,10.268941
channel-208,1489997,30287627,30287639,12,2025-02-24 22:49:30.637033,2025-02-24 22:49:46.000223,15.36319
channel-208,1489998,30287836,30287847,11,2025-02-24 22:54:11.006810,2025-02-24 22:54:24.432441,13.425631
channel-208,1489999,30287841,30287853,12,2025-02-24 22:54:17.643223,2025-02-24 22:54:31.736243,14.09302
channel-208,1490000,30287868,30287877,9,2025-02-24 22:54:51.602405,2025-02-24 22:55:03.935427,12.333022
channel-208,1490001,30287964,30287978,14,2025-02-24 22:57:03.853580,2025-02-24 22:57:22.134502,18.280922
channel-208,1490002,30287971,30287982,11,2025-02-24 22:57:13.489742,2025-02-24 22:57:27.907134,14.417392
channel-208,1490003,30287980,30287990,10,2025-02-24 22:57:25.434820,2025-02-24 22:57:37.129505,11.694685
channel-208,1490004,30287989,30287999,10,2025-02-24 22:57:35.946301,2025-02-24 22:57:49.750541,13.80424
channel-208,1490005,30288069,30288084,15,2025-02-24 22:59:29.852336,2025-02-24 22:59:47.603407,17.751071
channel-208,1490006,30288071,30288084,13,2025-02-24 22:59:32.608166,2025-02-24 22:59:47.603407,14.995241
channel-208,1490007,30288086,30288098,12,2025-02-24 22:59:50.053775,2025-02-24 23:00:05.731065,15.67729
channel-208,1490008,30288102,30288114,12,2025-02-24 23:00:11.637400,2025-02-24 23:00:27.038590,15.40119
channel-208,1490009,30288127,30288136,9,2025-02-24 23:00:46.258687,2025-02-24 23:00:56.921753,10.663066
channel-208,1490010,30288129,30288137,8,2025-02-24 23:00:48.482872,2025-02-24 23:01:02.764792,14.28192
channel-208,1490011,30288129,30288137,8,2025-02-24 23:00:48.482872,2025-02-24 23:01:02.764792,14.28192
channel-208,1490012,30288132,30288141,9,2025-02-24 23:00:52.183005,2025-02-24 23:01:07.865833,15.682828
channel-208,1490013,30288133,30288141,8,2025-02-24 23:00:53.271606,2025-02-24 23:01:07.865833,14.594227
channel-208,1490014,30288160,30288168,8,2025-02-24 23:01:32.863088,2025-02-24 23:01:43.795059,10.931971
channel-208,1490015,30288167,30288177,10,2025-02-24 23:01:42.562160,2025-02-24 23:01:54.651993,12.089833
channel-208,1490016,30288170,30288182,12,2025-02-24 23:01:46.112490,2025-02-24 23:02:02.539037,16.426547
channel-208,1490017,30288188,30288200,12,2025-02-24 23:02:09.409707,2025-02-24 23:02:24.433455,15.023748
channel-208,1490018,30288200,30288209,9,2025-02-24 23:02:24.433455,2025-02-24 23:02:35.649299,11.215844
channel-208,1490019,30288206,30288219,13,2025-02-24 23:02:32.177282,2025-02-24 23:02:48.872474,16.695192
channel-208,1490020,30288237,30288248,11,2025-02-24 23:03:21.086336,2025-02-24 23:03:35.522309,14.435973
channel-208,1490021,30288250,30288261,11,2025-02-24 23:03:37.869107,2025-02-24 23:03:53.843577,15.97447
channel-208,1490022,30288307,30288314,7,2025-02-24 23:04:50.200146,2025-02-24 23:05:01.511014,11.310868
channel-208,1490023,30288309,30288319,10,2025-02-24 23:04:53.457458,2025-02-24 23:05:09.921170,16.463712
channel-208,1490024,30288410,30288419,9,2025-02-24 23:07:08.721958,2025-02-24 23:07:20.356753,11.634795
channel-208,1490025,30288780,30288790,10,2025-02-24 23:15:14.876449,2025-02-24 23:15:28.329585,13.453136
channel-208,1490026,30288819,30288830,11,2025-02-24 23:16:05.639137,2025-02-24 23:16:20.968115,15.328978
channel-208,1490027,30288875,30288887,12,2025-02-24 23:17:21.973201,2025-02-24 23:17:36.365489,14.392288
channel-208,1490028,30288896,30288904,8,2025-02-24 23:17:49.005719,2025-02-24 23:17:59.534765,10.529046
channel-208,1490029,30289183,30289194,11,2025-02-24 23:24:07.565546,2025-02-24 23:24:22.760607,15.195061
channel-208,1490030,30289189,30289199,10,2025-02-24 23:24:16.007054,2025-02-24 23:24:29.396100,13.389046
channel-208,1490031,30289295,30289304,9,2025-02-24 23:26:41.260497,2025-02-24 23:26:52.515275,11.254778
channel-208,1490032,30289325,30289339,14,2025-02-24 23:27:20.170292,2025-02-24 23:27:37.533116,17.362824
channel-208,1490033,30289406,30289419,13,2025-02-24 23:29:06.984525,2025-02-24 23:29:23.776452,16.791927
channel-208,1490034,30289432,30289444,12,2025-02-24 23:29:40.698827,2025-02-24 23:30:00.336628,19.637801
channel-208,1490035,30289533,30289544,11,2025-02-24 23:32:03.287881,2025-02-24 23:32:15.992495,12.704614
channel-208,1490036,30289621,30289632,11,2025-02-24 23:33:57.406442,2025-02-24 23:34:11.431507,14.025065
channel-208,1490037,30289680,30289689,9,2025-02-24 23:35:15.387350,2025-02-24 23:35:28.025363,12.638013
channel-208,1490038,30289695,30289706,11,2025-02-24 23:35:37.054869,2025-02-24 23:35:50.829335,13.774466
channel-208,1490039,30289705,30289712,7,2025-02-24 23:35:49.721880,2025-02-24 23:36:00.056373,10.334493
channel-208,1490040,30289706,30289727,21,2025-02-24 23:35:50.829335,2025-02-24 23:36:22.795148,31.965813
channel-208,1490041,30289712,30289721,9,2025-02-24 23:36:00.056373,2025-02-24 23:36:15.160215,15.103842
channel-208,1490042,30289730,30289739,9,2025-02-24 23:36:26.533542,2025-02-24 23:36:37.287177,10.753635
channel-208,1490043,30289778,30289788,10,2025-02-24 23:37:26.119269,2025-02-24 23:37:41.999308,15.880039
channel-208,1490044,30289838,30289847,9,2025-02-24 23:38:46.920254,2025-02-24 23:38:57.390706,10.470452
channel-208,1490045,30289905,30289914,9,2025-02-24 23:40:23.337879,2025-02-24 23:40:33.848474,10.510595
channel-208,1490046,30289954,30289962,8,2025-02-24 23:41:26.358526,2025-02-24 23:41:38.924278,12.565752
channel-208,1490047,30289974,30289983,9,2025-02-24 23:41:56.372776,2025-02-24 23:42:07.956232,11.583456
channel-208,1490048,30290117,30290129,12,2025-02-24 23:45:03.975429,2025-02-24 23:45:23.695796,19.720367
channel-208,1490049,30290125,30290131,6,2025-02-24 23:45:14.414772,2025-02-24 23:45:26.411315,11.996543
channel-208,1490050,30290183,30290194,11,2025-02-24 23:46:32.565522,2025-02-24 23:46:47.556508,14.990986
channel-208,1490051,30290198,30290209,11,2025-02-24 23:46:52.302808,2025-02-24 23:47:05.053118,12.75031
channel-208,1490052,30290303,30290312,9,2025-02-24 23:49:10.615500,2025-02-24 23:49:26.755100,16.1396
channel-208,1490053,30290323,30290334,11,2025-02-24 23:49:40.617632,2025-02-24 23:49:54.686585,14.068953
channel-208,1490054,30290339,30290353,14,2025-02-24 23:50:01.685245,2025-02-24 23:50:19.745265,18.06002
channel-208,1490055,30290475,30290485,10,2025-02-24 23:53:00.558373,2025-02-24 23:53:14.059528,13.501155
channel-208,1490056,30290508,30290519,11,2025-02-24 23:53:42.093774,2025-02-24 23:53:59.988708,17.894934
channel-208,1490057,30290526,30290537,11,2025-02-24 23:54:08.963060,2025-02-24 23:54:23.211526,14.248466
channel-208,1490058,30290563,30290572,9,2025-02-24 23:54:57.436296,2025-02-24 23:55:08.761495,11.325199
channel-208,1490059,30290580,30290590,10,2025-02-24 23:55:18.561880,2025-02-24 23:55:32.257905,13.696025
channel-208,1490060,30290618,30290625,7,2025-02-24 23:56:06.389767,2025-02-24 23:56:16.398226,10.008459
channel-208,1490061,30290651,30290662,11,2025-02-24 23:56:50.366143,2025-02-24 23:57:04.976416,14.610273
channel-208,1490062,30290670,30290679,9,2025-02-24 23:57:14.316725,2025-02-24 23:57:28.002515,13.68579
channel-208,1490063,30290693,30290704,11,2025-02-24 23:57:45.217933,2025-02-24 23:57:57.934918,12.716985
channel-208,1490064,30290792,30290804,12,2025-02-24 23:59:57.626789,2025-02-25 00:00:11.474070,13.847281
channel-208,1490065,30290848,30290859,11,2025-02-25 00:01:10.126137,2025-02-25 00:01:23.199887,13.07375
channel-208,1490066,30290917,30290925,8,2025-02-25 00:02:40.140946,2025-02-25 00:02:50.777182,10.636236
channel-208,1490067,30290967,30290975,8,2025-02-25 00:03:52.222732,2025-02-25 00:04:03.313878,11.091146
channel-208,1490068,30290975,30290983,8,2025-02-25 00:04:03.313878,2025-02-25 00:04:12.670984,9.357106
channel-208,1490069,30291008,30291018,10,2025-02-25 00:04:49.589005,2025-02-25 00:05:02.037497,12.448492
channel-208,1490070,30291030,30291041,11,2025-02-25 00:05:16.309458,2025-02-25 00:05:29.726193,13.416735
channel-208,1490071,30291066,30291076,10,2025-02-25 00:06:04.405181,2025-02-25 00:06:17.237923,12.832742
channel-208,1490072,30291197,30291208,11,2025-02-25 00:08:55.217970,2025-02-25 00:09:13.189780,17.97181
channel-208,1490073,30291259,30291267,8,2025-02-25 00:10:21.213262,2025-02-25 00:10:31.529981,10.316719
channel-208,1490074,30291268,30291277,9,2025-02-25 00:10:32.684622,2025-02-25 00:10:43.713904,11.029282
channel-208,1490075,30291298,30291308,10,2025-02-25 00:11:08.860631,2025-02-25 00:11:23.751454,14.890823
channel-208,1490076,30291319,30291330,11,2025-02-25 00:11:38.675494,2025-02-25 00:11:52.800188,14.124694
channel-208,1490077,30291345,30291353,8,2025-02-25 00:12:11.059403,2025-02-25 00:12:28.593623,17.53422
channel-208,1490078,30291346,30291358,12,2025-02-25 00:12:12.223703,2025-02-25 00:12:35.518739,23.295036
channel-208,1490079,30291430,30291440,10,2025-02-25 00:14:12.418016,2025-02-25 00:14:26.362428,13.944412
channel-208,1490080,30291453,30291463,10,2025-02-25 00:14:44.698666,2025-02-25 00:15:00.183483,15.484817
channel-208,1490081,30291465,30291477,12,2025-02-25 00:15:02.368557,2025-02-25 00:15:17.212320,14.843763
channel-208,1490082,30291730,30291740,10,2025-02-25 00:20:59.945590,2025-02-25 00:21:13.245504,13.299914
channel-208,1490083,30291784,30291793,9,2025-02-25 00:22:12.801766,2025-02-25 00:22:24.328206,11.52644
channel-208,1490084,30291900,30291912,12,2025-02-25 00:24:45.412427,2025-02-25 00:24:59.238596,13.826169
channel-208,1490085,30291982,30291995,13,2025-02-25 00:26:40.460953,2025-02-25 00:26:55.570931,15.109978
channel-208,1490086,30291988,30292000,12,2025-02-25 00:26:47.394130,2025-02-25 00:27:01.677095,14.282965
channel-208,1490087,30292014,30292028,14,2025-02-25 00:27:19.871595,2025-02-25 00:27:36.883939,17.012344
channel-208,1490088,30292099,30292109,10,2025-02-25 00:29:11.661562,2025-02-25 00:29:22.926806,11.265244
channel-208,1490089,30292113,30292122,9,2025-02-25 00:29:27.635795,2025-02-25 00:29:40.757381,13.121586
channel-208,1490090,30292118,30292126,8,2025-02-25 00:29:33.505911,2025-02-25 00:29:46.449456,12.943545
channel-208,1490091,30292169,30292178,9,2025-02-25 00:30:40.037132,2025-02-25 00:30:55.375494,15.338362
channel-208,1490092,30292185,30292196,11,2025-02-25 00:31:04.899405,2025-02-25 00:31:19.106650,14.207245
channel-208,1490093,30292230,30292242,12,2025-02-25 00:32:03.362692,2025-02-25 00:32:18.338077,14.975385
channel-208,1490094,30292345,30292356,11,2025-02-25 00:34:34.400508,2025-02-25 00:34:48.559172,14.158664
channel-208,1490095,30292425,30292435,10,2025-02-25 00:36:23.314247,2025-02-25 00:36:36.100807,12.78656
channel-208,1490096,30292453,30292464,11,2025-02-25 00:36:58.747430,2025-02-25 00:37:12.562808,13.815378
channel-208,1490097,30292465,30292477,12,2025-02-25 00:37:13.715637,2025-02-25 00:37:30.530427,16.81479
channel-208,1490098,30292643,30292652,9,2025-02-25 00:41:06.355074,2025-02-25 00:41:18.142610,11.787536
channel-208,1490099,30292660,30292670,10,2025-02-25 00:41:30.578502,2025-02-25 00:41:42.082461,11.503959
channel-208,1490100,30292755,30292768,13,2025-02-25 00:43:34.549806,2025-02-25 00:43:50.824217,16.274411
channel-208,1490101,30292782,30292791,9,2025-02-25 00:44:07.302013,2025-02-25 00:44:23.225741,15.923728
channel-208,1490102,30292867,30292876,9,2025-02-25 00:46:00.977598,2025-02-25 00:46:12.425438,11.44784
channel-208,1490103,30292897,30292906,9,2025-02-25 00:46:39.778836,2025-02-25 00:46:53.872395,14.093559
channel-208,1490104,30292904,30292916,12,2025-02-25 00:46:50.420813,2025-02-25 00:47:05.822180,15.401367
channel-208,1490105,30292916,30292926,10,2025-02-25 00:47:05.822180,2025-02-25 00:47:17.978827,12.156647
channel-208,1490106,30292937,30292948,11,2025-02-25 00:47:32.159666,2025-02-25 00:47:47.511720,15.352054
channel-208,1490107,30293073,30293081,8,2025-02-25 00:50:33.319224,2025-02-25 00:50:47.437917,14.118693
channel-208,1490108,30293073,30293081,8,2025-02-25 00:50:33.319224,2025-02-25 00:50:47.437917,14.118693
channel-208,1490109,30293130,30293141,11,2025-02-25 00:51:50.633320,2025-02-25 00:52:03.426677,12.793357
channel-208,1490110,30293265,30293278,13,2025-02-25 00:54:50.469689,2025-02-25 00:55:06.513314,16.043625
channel-208,1490111,30293266,30293278,12,2025-02-25 00:54:51.614155,2025-02-25 00:55:06.513314,14.899159
channel-208,1490112,30293293,30293306,13,2025-02-25 00:55:25.840882,2025-02-25 00:55:41.995150,16.154268
channel-208,1490113,30293372,30293381,9,2025-02-25 00:57:06.490857,2025-02-25 00:57:20.210630,13.719773
channel-208,1490114,30293386,30293399,13,2025-02-25 00:57:27.694192,2025-02-25 00:57:42.816254,15.122062
channel-208,1490115,30293583,30293592,9,2025-02-25 01:01:51.435204,2025-02-25 01:02:03.366093,11.930889
channel-208,1490116,30293594,30293605,11,2025-02-25 01:02:07.181562,2025-02-25 01:02:21.227045,14.045483
channel-208,1490117,30293624,30293630,6,2025-02-25 01:02:44.980917,2025-02-25 01:02:56.334679,11.353762
channel-208,1490118,30293711,30293721,10,2025-02-25 01:04:40.482361,2025-02-25 01:04:52.625008,12.142647
channel-208,1490119,30293759,30293768,9,2025-02-25 01:05:42.955168,2025-02-25 01:05:57.171311,14.216143
channel-208,1490120,30293776,30293786,10,2025-02-25 01:06:07.559785,2025-02-25 01:06:20.740599,13.180814
channel-208,1490121,30293786,30293796,10,2025-02-25 01:06:20.740599,2025-02-25 01:06:32.227518,11.486919
channel-208,1490122,30293811,30293822,11,2025-02-25 01:06:51.371570,2025-02-25 01:07:06.388145,15.016575
channel-208,1490123,30293845,30293855,10,2025-02-25 01:07:38.389335,2025-02-25 01:07:51.080175,12.69084
channel-208,1490124,30293906,30293917,11,2025-02-25 01:09:00.044948,2025-02-25 01:09:15.852131,15.807183
channel-208,1490125,30293918,30293931,13,2025-02-25 01:09:18.069514,2025-02-25 01:09:33.812680,15.743166
channel-208,1490126,30293978,30293987,9,2025-02-25 01:10:37.777335,2025-02-25 01:10:49.852396,12.075061
channel-208,1490127,30293995,30294005,10,2025-02-25 01:10:59.161002,2025-02-25 01:11:13.484029,14.323027
channel-208,1490128,30294019,30294028,9,2025-02-25 01:11:31.858731,2025-02-25 01:11:45.175697,13.316966
channel-208,1490129,30294123,30294134,11,2025-02-25 01:13:50.752179,2025-02-25 01:14:06.072296,15.320117
channel-208,1490130,30294246,30294253,7,2025-02-25 01:16:29.917701,2025-02-25 01:16:42.072614,12.154913
channel-208,1490131,30294260,30294272,12,2025-02-25 01:16:51.493407,2025-02-25 01:17:07.321841,15.828434
channel-208,1490132,30294334,30294345,11,2025-02-25 01:18:25.464169,2025-02-25 01:18:38.295578,12.831409
channel-208,1490133,30294520,30294532,12,2025-02-25 01:22:34.599453,2025-02-25 01:22:48.731942,14.132489
channel-208,1490134,30294545,30294552,7,2025-02-25 01:23:05.375607,2025-02-25 01:23:18.586215,13.210608
channel-208,1490135,30294568,30294581,13,2025-02-25 01:23:38.530001,2025-02-25 01:23:54.922002,16.392001
channel-208,1490136,30294589,30294598,9,2025-02-25 01:24:04.471455,2025-02-25 01:24:17.117515,12.64606
channel-208,1490137,30294598,30294608,10,2025-02-25 01:24:17.117515,2025-02-25 01:24:29.488055,12.37054
channel-208,1490138,30294647,30294656,9,2025-02-25 01:25:20.241164,2025-02-25 01:25:34.949151,14.707987
channel-208,1490139,30294648,30294656,8,2025-02-25 01:25:21.471523,2025-02-25 01:25:34.949151,13.477628
channel-208,1490140,30294843,30294856,13,2025-02-25 01:29:37.838737,2025-02-25 01:29:53.473945,15.635208
channel-208,1490141,30294935,30294945,10,2025-02-25 01:31:42.161960,2025-02-25 01:31:55.958472,13.796512
channel-208,1490142,30294953,30294965,12,2025-02-25 01:32:05.150965,2025-02-25 01:32:20.105797,14.954832
channel-208,1490143,30294962,30294974,12,2025-02-25 01:32:15.718918,2025-02-25 01:32:30.430987,14.712069
channel-208,1490144,30294967,30294978,11,2025-02-25 01:32:22.447664,2025-02-25 01:32:36.312383,13.864719
channel-208,1490145,30295154,30295166,12,2025-02-25 01:36:29.033092,2025-02-25 01:36:47.389155,18.356063
channel-208,1490146,30295209,30295219,10,2025-02-25 01:37:42.424255,2025-02-25 01:37:55.383865,12.95961
channel-208,1490147,30295245,30295255,10,2025-02-25 01:38:35.845727,2025-02-25 01:38:48.576316,12.730589
channel-208,1490148,30295349,30295361,12,2025-02-25 01:40:51.105063,2025-02-25 01:41:07.528749,16.423686
channel-208,1490149,30295465,30295477,12,2025-02-25 01:43:23.933611,2025-02-25 01:43:38.155547,14.221936
channel-208,1490150,30295506,30295519,13,2025-02-25 01:44:20.447683,2025-02-25 01:44:36.500168,16.052485
channel-208,1490151,30295748,30295759,11,2025-02-25 01:49:31.395088,2025-02-25 01:49:51.064647,19.669559
channel-208,1490152,30295800,30295811,11,2025-02-25 01:50:41.374439,2025-02-25 01:50:54.286901,12.912462
channel-208,1490153,30295935,30295944,9,2025-02-25 01:53:46.067446,2025-02-25 01:53:57.452596,11.38515
channel-208,1490154,30296121,30296131,10,2025-02-25 01:57:50.730922,2025-02-25 01:58:04.098222,13.3673
channel-208,1490155,30296125,30296136,11,2025-02-25 01:57:55.518753,2025-02-25 01:58:09.858216,14.339463
channel-208,1490156,30296331,30296343,12,2025-02-25 02:02:28.849086,2025-02-25 02:02:43.855430,15.006344
channel-208,1490157,30296384,30296397,13,2025-02-25 02:03:37.436164,2025-02-25 02:03:52.934357,15.498193
channel-208,1490158,30296394,30296407,13,2025-02-25 02:03:49.327253,2025-02-25 02:04:05.344278,16.017025
channel-208,1490159,30296454,30296467,13,2025-02-25 02:05:04.687708,2025-02-25 02:05:21.480472,16.792764
channel-208,1490160,30296588,30296601,13,2025-02-25 02:08:03.998902,2025-02-25 02:08:19.466537,15.467635
channel-208,1490161,30296590,30296601,11,2025-02-25 02:08:06.136116,2025-02-25 02:08:19.466537,13.330421
channel-208,1490162,30296672,30296683,11,2025-02-25 02:09:53.462152,2025-02-25 02:10:10.982694,17.520542
channel-208,1490163,30296814,30296826,12,2025-02-25 02:13:05.954145,2025-02-25 02:13:21.902114,15.947969
channel-208,1490164,30296843,30296852,9,2025-02-25 02:13:46.840195,2025-02-25 02:13:58.245434,11.405239
channel-208,1490165,30296850,30296860,10,2025-02-25 02:13:55.922584,2025-02-25 02:14:09.329282,13.406698
channel-208,1490166,30296886,30296896,10,2025-02-25 02:14:43.886763,2025-02-25 02:14:59.802356,15.915593
channel-208,1490167,30296891,30296900,9,2025-02-25 02:14:53.796953,2025-02-25 02:15:04.519454,10.722501
channel-208,1490168,30296909,30296918,9,2025-02-25 02:15:15.569933,2025-02-25 02:15:27.858805,12.288872
channel-208,1490169,30296921,30296932,11,2025-02-25 02:15:31.475890,2025-02-25 02:15:45.642075,14.166185
channel-208,1490170,30296924,30296932,8,2025-02-25 02:15:35.047208,2025-02-25 02:15:45.642075,10.594867
channel-208,1490171,30296959,30296969,10,2025-02-25 02:16:24.641914,2025-02-25 02:16:38.493107,13.851193
channel-208,1490172,30296990,30297001,11,2025-02-25 02:17:05.822749,2025-02-25 02:17:19.783098,13.960349
channel-208,1490173,30297001,30297010,9,2025-02-25 02:17:19.783098,2025-02-25 02:17:32.223597,12.440499
channel-208,1490174,30297031,30297043,12,2025-02-25 02:17:57.733889,2025-02-25 02:18:12.095032,14.361143
channel-208,1490175,30297062,30297070,8,2025-02-25 02:18:41.114153,2025-02-25 02:18:52.154570,11.040417
channel-208,1490176,30297077,30297090,13,2025-02-25 02:19:00.884860,2025-02-25 02:19:16.526902,15.642042
channel-208,1490177,30297163,30297173,10,2025-02-25 02:20:56.549431,2025-02-25 02:21:11.270454,14.721023
channel-208,1490178,30297228,30297240,12,2025-02-25 02:22:19.947270,2025-02-25 02:22:38.682396,18.735126
channel-208,1490179,30297486,30297493,7,2025-02-25 02:28:00.398036,2025-02-25 02:28:09.765417,9.367381
channel-208,1490180,30297503,30297515,12,2025-02-25 02:28:24.088691,2025-02-25 02:28:39.015433,14.926742
channel-208,1490181,30297803,30297813,10,2025-02-25 02:34:56.339971,2025-02-25 02:35:09.722818,13.382847
channel-208,1490182,30297820,30297830,10,2025-02-25 02:35:18.815605,2025-02-25 02:35:31.703355,12.88775
channel-208,1490183,30297825,30297835,10,2025-02-25 02:35:24.545156,2025-02-25 02:35:38.021637,13.476481
channel-208,1490184,30297983,30297994,11,2025-02-25 02:38:54.767202,2025-02-25 02:39:08.029900,13.262698
channel-208,1490185,30298067,30298078,11,2025-02-25 02:40:42.035729,2025-02-25 02:40:57.118846,15.083117
channel-208,1490186,30298101,30298113,12,2025-02-25 02:41:29.742038,2025-02-25 02:41:43.401421,13.659383
channel-208,1490187,30298290,30298302,12,2025-02-25 02:45:38.231697,2025-02-25 02:45:54.079993,15.848296
channel-208,1490188,30298296,30298308,12,2025-02-25 02:45:45.918812,2025-02-25 02:46:00.742033,14.823221
channel-208,1490189,30298328,30298339,11,2025-02-25 02:46:26.676732,2025-02-25 02:46:41.663542,14.98681
channel-208,1490190,30298434,30298442,8,2025-02-25 02:48:49.363202,2025-02-25 02:48:59.130513,9.767311
channel-208,1490191,30298649,30298659,10,2025-02-25 02:53:41.836207,2025-02-25 02:53:55.355457,13.51925
channel-208,1490192,30298652,30298662,10,2025-02-25 02:53:46.462644,2025-02-25 02:53:58.907748,12.445104
channel-208,1490193,30298666,30298676,10,2025-02-25 02:54:07.045788,2025-02-25 02:54:20.239258,13.19347
channel-208,1490194,30298687,30298697,10,2025-02-25 02:54:35.395066,2025-02-25 02:54:48.723947,13.328881
channel-208,1490195,30298695,30298706,11,2025-02-25 02:54:46.326727,2025-02-25 02:55:01.062212,14.735485
channel-208,1490196,30298697,30298706,9,2025-02-25 02:54:48.723947,2025-02-25 02:55:01.062212,12.338265
channel-208,1490197,30298706,30298717,11,2025-02-25 02:55:01.062212,2025-02-25 02:55:18.675966,17.613754
channel-208,1490198,30298726,30298736,10,2025-02-25 02:55:29.928235,2025-02-25 02:55:41.425687,11.497452
channel-208,1490199,30298739,30298749,10,2025-02-25 02:55:45.191611,2025-02-25 02:55:59.400050,14.208439
channel-208,1490200,30298784,30298795,11,2025-02-25 02:56:56.391806,2025-02-25 02:57:12.875266,16.48346
channel-208,1490201,30298794,30298803,9,2025-02-25 02:57:11.722155,2025-02-25 02:57:24.678051,12.955896
channel-208,1490202,30298795,30298803,8,2025-02-25 02:57:12.875266,2025-02-25 02:57:24.678051,11.802785
channel-208,1490203,30298801,30298813,12,2025-02-25 02:57:22.311964,2025-02-25 02:57:36.568171,14.256207
channel-208,1490204,30298826,30298833,7,2025-02-25 02:57:59.653047,2025-02-25 02:58:11.545221,11.892174
channel-208,1490205,30298897,30298907,10,2025-02-25 02:59:37.465425,2025-02-25 02:59:51.487893,14.022468
channel-208,1490206,30298897,30298907,10,2025-02-25 02:59:37.465425,2025-02-25 02:59:51.487893,14.022468
channel-208,1490207,30298920,30298929,9,2025-02-25 03:00:07.558705,2025-02-25 03:00:26.225938,18.667233
channel-208,1490208,30298936,30298947,11,2025-02-25 03:00:34.702281,2025-02-25 03:00:50.766804,16.064523
channel-208,1490209,30298963,30298972,9,2025-02-25 03:01:14.538368,2025-02-25 03:01:24.903750,10.365382
channel-208,1490210,30298967,30298977,10,2025-02-25 03:01:19.390169,2025-02-25 03:01:30.784201,11.394032
channel-208,1490211,30298968,30298977,9,2025-02-25 03:01:20.450043,2025-02-25 03:01:30.784201,10.334158
channel-208,1490212,30298982,30298988,6,2025-02-25 03:01:36.737366,2025-02-25 03:01:47.683760,10.946394
channel-208,1490213,30298995,30299004,9,2025-02-25 03:01:55.840406,2025-02-25 03:02:11.538567,15.698161
channel-208,1490214,30299082,30299090,8,2025-02-25 03:03:55.762963,2025-02-25 03:04:06.602249,10.839286
channel-208,1490215,30299153,30299159,6,2025-02-25 03:05:27.679397,2025-02-25 03:05:38.479292,10.799895
channel-208,1490216,30299190,30299202,12,2025-02-25 03:06:16.678570,2025-02-25 03:06:31.433825,14.755255
channel-208,1490217,30299296,30299306,10,2025-02-25 03:08:40.574099,2025-02-25 03:08:52.415785,11.841686
channel-208,1490218,30299398,30299410,12,2025-02-25 03:11:06.798890,2025-02-25 03:11:22.428632,15.629742
channel-208,1490219,30299432,30299443,11,2025-02-25 03:11:52.708422,2025-02-25 03:12:11.206533,18.498111
channel-208,1490220,30299476,30299486,10,2025-02-25 03:12:52.286423,2025-02-25 03:13:07.351602,15.065179
channel-208,1490221,30299490,30299500,10,2025-02-25 03:13:16.339436,2025-02-25 03:13:46.849115,30.509679
channel-208,1490222,30299498,30299510,12,2025-02-25 03:13:39.903316,2025-02-25 03:14:00.794078,20.890762
channel-208,1490223,30299500,30299510,10,2025-02-25 03:13:46.849115,2025-02-25 03:14:00.794078,13.944963
channel-208,1490224,30299530,30299541,11,2025-02-25 03:14:28.395951,2025-02-25 03:14:41.084939,12.688988
channel-208,1490225,30299581,30299594,13,2025-02-25 03:15:42.645239,2025-02-25 03:15:57.539054,14.893815
channel-208,1490226,30299655,30299663,8,2025-02-25 03:17:28.844466,2025-02-25 03:17:46.920559,18.076093
channel-208,1490227,30299658,30299667,9,2025-02-25 03:17:36.707646,2025-02-25 03:17:52.759206,16.05156
channel-208,1490228,30299660,30299672,12,2025-02-25 03:17:43.425034,2025-02-25 03:17:58.628627,15.203593
channel-208,1490229,30299676,30299686,10,2025-02-25 03:18:03.530172,2025-02-25 03:18:16.820225,13.290053
channel-208,1490230,30299686,30299698,12,2025-02-25 03:18:16.820225,2025-02-25 03:18:38.224093,21.403868
channel-208,1490231,30299717,30299727,10,2025-02-25 03:19:19.758948,2025-02-25 03:19:33.119833,13.360885
channel-208,1490232,30299727,30299737,10,2025-02-25 03:19:33.119833,2025-02-25 03:19:45.680809,12.560976
channel-208,1490233,30299731,30299742,11,2025-02-25 03:19:37.892119,2025-02-25 03:19:52.013872,14.121753
channel-208,1490234,30299751,30299763,12,2025-02-25 03:20:06.379784,2025-02-25 03:20:21.583889,15.204105
channel-208,1490235,30299780,30299791,11,2025-02-25 03:20:43.182732,2025-02-25 03:20:56.357494,13.174762
channel-208,1490236,30299822,30299832,10,2025-02-25 03:21:38.206457,2025-02-25 03:21:55.590905,17.384448
channel-208,1490237,30299842,30299853,11,2025-02-25 03:22:08.508484,2025-02-25 03:22:23.576782,15.068298
channel-208,1490238,30299866,30299873,7,2025-02-25 03:22:41.841962,2025-02-25 03:22:52.945679,11.103717
channel-208,1490239,30299869,30299882,13,2025-02-25 03:22:45.117887,2025-02-25 03:23:03.804318,18.686431
channel-208,1490240,30299902,30299913,11,2025-02-25 03:23:30.389375,2025-02-25 03:23:44.608554,14.219179
channel-208,1490241,30300029,30300040,11,2025-02-25 03:26:12.601789,2025-02-25 03:26:26.454001,13.852212
channel-208,1490242,30300083,30300092,9,2025-02-25 03:27:27.034301,2025-02-25 03:27:37.321463,10.287162
channel-208,1490243,30300165,30300176,11,2025-02-25 03:29:14.226706,2025-02-25 03:29:28.493074,14.266368
channel-208,1490244,30300200,30300211,11,2025-02-25 03:30:02.057574,2025-02-25 03:30:14.941660,12.884086
channel-208,1490245,30300212,30300221,9,2025-02-25 03:30:16.063702,2025-02-25 03:30:26.544348,10.480646
channel-208,1490246,30300250,30300259,9,2025-02-25 03:31:01.697389,2025-02-25 03:31:13.471475,11.774086
channel-208,1490247,30300254,30300261,7,2025-02-25 03:31:06.895203,2025-02-25 03:31:15.912749,9.017546
channel-208,1490248,30300361,30300372,11,2025-02-25 03:33:34.203681,2025-02-25 03:33:48.567343,14.363662
channel-208,1490249,30300378,30300388,10,2025-02-25 03:33:56.594484,2025-02-25 03:34:12.869627,16.275143
channel-208,1490250,30300756,30300767,11,2025-02-25 03:42:14.184482,2025-02-25 03:42:27.000352,12.81587
channel-208,1490251,30300871,30300881,10,2025-02-25 03:44:44.438267,2025-02-25 03:44:59.404556,14.966289
channel-208,1490252,30300893,30300905,12,2025-02-25 03:45:17.355495,2025-02-25 03:45:32.949719,15.594224
channel-208,1490253,30301128,30301138,10,2025-02-25 03:50:26.298357,2025-02-25 03:50:40.994779,14.696422
channel-208,1490254,30301192,30301204,12,2025-02-25 03:51:48.827619,2025-02-25 03:52:04.338005,15.510386
channel-208,1490255,30301392,30301404,12,2025-02-25 03:56:07.921159,2025-02-25 03:56:22.398201,14.477042
channel-208,1490256,30301690,30301696,6,2025-02-25 04:02:31.253739,2025-02-25 04:02:41.017632,9.763893
channel-208,1490257,30301953,30301966,13,2025-02-25 04:08:14.991949,2025-02-25 04:08:30.109091,15.117142
channel-208,1490258,30302343,30302356,13,2025-02-25 04:16:34.583433,2025-02-25 04:16:50.026899,15.443466
channel-208,1490259,30302388,30302400,12,2025-02-25 04:17:33.705216,2025-02-25 04:17:49.238403,15.533187
channel-208,1490260,30302417,30302428,11,2025-02-25 04:18:09.474410,2025-02-25 04:18:23.094666,13.620256
channel-208,1490261,30302482,30302493,11,2025-02-25 04:19:31.029630,2025-02-25 04:19:45.221401,14.191771
channel-208,1490262,30302485,30302498,13,2025-02-25 04:19:35.234099,2025-02-25 04:19:50.995286,15.761187
channel-208,1490263,30302488,30302498,10,2025-02-25 04:19:38.793266,2025-02-25 04:19:50.995286,12.20202
channel-208,1490264,30302491,30302503,12,2025-02-25 04:19:42.938960,2025-02-25 04:19:56.732130,13.79317
channel-208,1490265,30302638,30302651,13,2025-02-25 04:22:58.004488,2025-02-25 04:23:13.813626,15.809138
channel-208,1490266,30302667,30302678,11,2025-02-25 04:23:35.008135,2025-02-25 04:23:48.706942,13.698807
channel-208,1490267,30302694,30302704,10,2025-02-25 04:24:10.102666,2025-02-25 04:24:22.742142,12.639476
channel-208,1490268,30302703,30302713,10,2025-02-25 04:24:21.556470,2025-02-25 04:24:34.955596,13.399126
channel-208,1490269,30302741,30302754,13,2025-02-25 04:25:06.570945,2025-02-25 04:25:21.864575,15.29363
channel-208,1490270,30303225,30303234,9,2025-02-25 04:35:36.481038,2025-02-25 04:35:47.280050,10.799012
channel-208,1490271,30303273,30303286,13,2025-02-25 04:36:35.184219,2025-02-25 04:36:51.057954,15.873735
channel-208,1490272,30303277,30303290,13,2025-02-25 04:36:40.176014,2025-02-25 04:36:55.699509,15.523495
channel-208,1490273,30303509,30303519,10,2025-02-25 04:41:41.599379,2025-02-25 04:41:54.905494,13.306115
channel-208,1490274,30303689,30303700,11,2025-02-25 04:45:33.471608,2025-02-25 04:45:46.888127,13.416519
channel-208,1490275,30303697,30303710,13,2025-02-25 04:45:43.612781,2025-02-25 04:45:58.860796,15.248015
channel-208,1490276,30303937,30303947,10,2025-02-25 04:50:50.972168,2025-02-25 04:51:05.168681,14.196513
channel-208,1490277,30304150,30304160,10,2025-02-25 04:55:25.333742,2025-02-25 04:55:39.007881,13.674139
channel-208,1490278,30304627,30304637,10,2025-02-25 05:05:43.007089,2025-02-25 05:05:55.452893,12.445804
channel-208,1490279,30304776,30304785,9,2025-02-25 05:08:55.495438,2025-02-25 05:09:07.446043,11.950605
channel-208,1490280,30305276,30305288,12,2025-02-25 05:19:52.602208,2025-02-25 05:20:06.740833,14.138625
channel-208,1490281,30305363,30305373,10,2025-02-25 05:21:46.271728,2025-02-25 05:21:59.925993,13.654265
channel-208,1490282,30305614,30305623,9,2025-02-25 05:27:10.359966,2025-02-25 05:27:22.270828,11.910862
channel-208,1490283,30305802,30305812,10,2025-02-25 05:31:14.060523,2025-02-25 05:31:26.905868,12.845345
channel-208,1490284,30305809,30305820,11,2025-02-25 05:31:23.428964,2025-02-25 05:31:37.897538,14.468574
channel-208,1490285,30305849,30305861,12,2025-02-25 05:32:14.219125,2025-02-25 05:32:29.585262,15.366137
channel-208,1490286,30306001,30306009,8,2025-02-25 05:35:29.735845,2025-02-25 05:35:41.064978,11.329133
channel-208,1490287,30306031,30306043,12,2025-02-25 05:36:07.989573,2025-02-25 05:36:22.299157,14.309584
channel-208,1490288,30306142,30306154,12,2025-02-25 05:38:32.481162,2025-02-25 05:38:46.962811,14.481649
channel-208,1490289,30306377,30306389,12,2025-02-25 05:43:33.100439,2025-02-25 05:43:48.780278,15.679839
channel-208,1490290,30306394,30306408,14,2025-02-25 05:43:56.750934,2025-02-25 05:44:13.522295,16.771361
channel-208,1490291,30306405,30306415,10,2025-02-25 05:44:09.441015,2025-02-25 05:44:24.277972,14.836957
channel-208,1490292,30306454,30306465,11,2025-02-25 05:45:14.369785,2025-02-25 05:45:27.309045,12.93926
channel-208,1490293,30306716,30306723,7,2025-02-25 05:50:51.225929,2025-02-25 05:51:03.735637,12.509708
channel-208,1490294,30306874,30306884,10,2025-02-25 05:54:19.696190,2025-02-25 05:54:31.723138,12.026948
channel-208,1490295,30307234,30307247,13,2025-02-25 06:02:12.621902,2025-02-25 06:02:27.910077,15.288175
channel-208,1490296,30307591,30307601,10,2025-02-25 06:09:55.224141,2025-02-25 06:10:10.483066,15.258925
channel-208,1490297,30307770,30307783,13,2025-02-25 06:13:52.746549,2025-02-25 06:14:07.580625,14.834076
channel-208,1490298,30307826,30307836,10,2025-02-25 06:15:02.736375,2025-02-25 06:15:16.252320,13.515945
channel-208,1490299,30308011,30308020,9,2025-02-25 06:19:01.374702,2025-02-25 06:19:12.844592,11.46989
channel-208,1490300,30308229,30308239,10,2025-02-25 06:23:40.171779,2025-02-25 06:23:53.555441,13.383662
channel-208,1490301,30308294,30308305,11,2025-02-25 06:25:06.586199,2025-02-25 06:25:19.193955,12.607756
channel-208,1490302,30308308,30308319,11,2025-02-25 06:25:23.370023,2025-02-25 06:25:37.507573,14.13755
channel-208,1490303,30308350,30308359,9,2025-02-25 06:26:16.859964,2025-02-25 06:26:27.713915,10.853951
channel-208,1490304,30308374,30308383,9,2025-02-25 06:26:46.142220,2025-02-25 06:26:57.378451,11.236231
channel-208,1490305,30308853,30308865,12,2025-02-25 06:37:11.302023,2025-02-25 06:37:25.224881,13.922858
channel-208,1490306,30308899,30308910,11,2025-02-25 06:38:09.237430,2025-02-25 06:38:23.004355,13.766925
channel-208,1490307,30308957,30308970,13,2025-02-25 06:39:24.289064,2025-02-25 06:39:39.381433,15.092369
channel-208,1490308,30309752,30309763,11,2025-02-25 06:56:32.983284,2025-02-25 06:56:45.706067,12.722783
channel-208,1490309,30310129,30310139,10,2025-02-25 07:04:44.567027,2025-02-25 07:04:58.256363,13.689336
channel-208,1490310,30310146,30310156,10,2025-02-25 07:05:07.748036,2025-02-25 07:05:22.115264,14.367228
channel-208,1490311,30310244,30310251,7,2025-02-25 07:07:16.501425,2025-02-25 07:07:28.622919,12.121494
channel-208,1490312,30310255,30310266,11,2025-02-25 07:07:34.307618,2025-02-25 07:07:48.176447,13.868829
channel-208,1490313,30310280,30310292,12,2025-02-25 07:08:06.322717,2025-02-25 07:08:21.202326,14.879609
channel-208,1490314,30310312,30310323,11,2025-02-25 07:08:47.570576,2025-02-25 07:09:02.851960,15.281384
channel-208,1490315,30310397,30310408,11,2025-02-25 07:10:35.889186,2025-02-25 07:10:52.163214,16.274028
channel-208,1490316,30310421,30310431,10,2025-02-25 07:11:09.465883,2025-02-25 07:11:22.753827,13.287944
channel-208,1490317,30310437,30310448,11,2025-02-25 07:11:31.865604,2025-02-25 07:11:45.753597,13.887993
channel-208,1490318,30310466,30310479,13,2025-02-25 07:12:11.693172,2025-02-25 07:12:26.675113,14.981941
channel-208,1490319,30310475,30310485,10,2025-02-25 07:12:21.750513,2025-02-25 07:12:33.393307,11.642794
channel-208,1490320,30310517,30310530,13,2025-02-25 07:13:15.064786,2025-02-25 07:13:30.983280,15.918494
channel-208,1490321,30310554,30310567,13,2025-02-25 07:14:02.059256,2025-02-25 07:14:17.532517,15.473261
channel-208,1490322,30310640,30310650,10,2025-02-25 07:15:52.154056,2025-02-25 07:16:05.719547,13.565491
channel-208,1490323,30310641,30310650,9,2025-02-25 07:15:53.182627,2025-02-25 07:16:05.719547,12.53692
channel-208,1490324,30310650,30310660,10,2025-02-25 07:16:05.719547,2025-02-25 07:16:17.644326,11.924779
channel-208,1490325,30310685,30310698,13,2025-02-25 07:16:54.491305,2025-02-25 07:17:11.358440,16.867135
channel-208,1490326,30310702,30310713,11,2025-02-25 07:17:15.637850,2025-02-25 07:17:29.288546,13.650696
channel-208,1490327,30310725,30310735,10,2025-02-25 07:17:44.354350,2025-02-25 07:17:57.987064,13.632714
channel-208,1490328,30310730,30310740,10,2025-02-25 07:17:50.600063,2025-02-25 07:18:04.901453,14.30139
channel-208,1490329,30310757,30310766,9,2025-02-25 07:18:28.865777,2025-02-25 07:18:40.135371,11.269594
channel-208,1490330,30310773,30310783,10,2025-02-25 07:18:50.045462,2025-02-25 07:19:03.277334,13.231872
channel-208,1490331,30310819,30310832,13,2025-02-25 07:19:46.272046,2025-02-25 07:20:02.420736,16.14869
channel-208,1490332,30310820,30310832,12,2025-02-25 07:19:47.514195,2025-02-25 07:20:02.420736,14.906541
channel-208,1490333,30310833,30310843,10,2025-02-25 07:20:04.513021,2025-02-25 07:20:18.715248,14.202227
channel-208,1490334,30310842,30310853,11,2025-02-25 07:20:17.455608,2025-02-25 07:20:30.233510,12.777902
channel-208,1490335,30311037,30311048,11,2025-02-25 07:24:31.269232,2025-02-25 07:24:44.963754,13.694522
channel-208,1490336,30311069,30311077,8,2025-02-25 07:25:14.428331,2025-02-25 07:25:25.704722,11.276391
channel-208,1490337,30311096,30311108,12,2025-02-25 07:25:56.291971,2025-02-25 07:26:12.480120,16.188149
channel-208,1490338,30311100,30311113,13,2025-02-25 07:26:02.726040,2025-02-25 07:26:18.614553,15.888513
channel-208,1490339,30311120,30311130,10,2025-02-25 07:26:26.782593,2025-02-25 07:26:40.875718,14.093125
channel-208,1490340,30311120,30311130,10,2025-02-25 07:26:26.782593,2025-02-25 07:26:40.875718,14.093125
channel-208,1490341,30311131,30311140,9,2025-02-25 07:26:41.984866,2025-02-25 07:26:52.602068,10.617202
channel-208,1490342,30311132,30311145,13,2025-02-25 07:26:43.133102,2025-02-25 07:26:58.484691,15.351589
channel-208,1490343,30311144,30311154,10,2025-02-25 07:26:57.418668,2025-02-25 07:27:10.871018,13.45235
channel-208,1490344,30311152,30311163,11,2025-02-25 07:27:08.450845,2025-02-25 07:27:21.669483,13.218638
channel-208,1490345,30311157,30311169,12,2025-02-25 07:27:14.861790,2025-02-25 07:27:28.441150,13.57936
channel-208,1490346,30311162,30311173,11,2025-02-25 07:27:20.606326,2025-02-25 07:27:34.264790,13.658464
channel-208,1490347,30311168,30311178,10,2025-02-25 07:27:27.274525,2025-02-25 07:27:40.016546,12.742021
channel-208,1490348,30311184,30311196,12,2025-02-25 07:27:47.112944,2025-02-25 07:28:03.872400,16.759456
channel-208,1490349,30311186,30311196,10,2025-02-25 07:27:50.919697,2025-02-25 07:28:03.872400,12.952703
channel-208,1490350,30311190,30311201,11,2025-02-25 07:27:55.394190,2025-02-25 07:28:09.526378,14.132188
channel-208,1490351,30311199,30311209,10,2025-02-25 07:28:07.197722,2025-02-25 07:28:20.691484,13.493762
channel-208,1490352,30311222,30311234,12,2025-02-25 07:28:41.730004,2025-02-25 07:28:56.453882,14.723878
channel-208,1490353,30311251,30311260,9,2025-02-25 07:29:17.197225,2025-02-25 07:29:28.120772,10.923547
channel-208,1490354,30311259,30311269,10,2025-02-25 07:29:27.035189,2025-02-25 07:29:40.790162,13.754973
channel-208,1490355,30311268,30311279,11,2025-02-25 07:29:38.683370,2025-02-25 07:29:53.674237,14.990867
channel-208,1490356,30311303,30311315,12,2025-02-25 07:30:26.320076,2025-02-25 07:30:40.097013,13.776937
channel-208,1490357,30311360,30311371,11,2025-02-25 07:31:38.538135,2025-02-25 07:31:54.712613,16.174478
channel-208,1490358,30311363,30311371,8,2025-02-25 07:31:42.989322,2025-02-25 07:31:54.712613,11.723291
channel-208,1490359,30311399,30311408,9,2025-02-25 07:32:30.158023,2025-02-25 07:32:42.116337,11.958314
channel-208,1490360,30311410,30311421,11,2025-02-25 07:32:44.362275,2025-02-25 07:32:58.881746,14.519471
channel-208,1490361,30311529,30311540,11,2025-02-25 07:35:21.510612,2025-02-25 07:35:35.526816,14.016204
channel-208,1490362,30311536,30311545,9,2025-02-25 07:35:31.062146,2025-02-25 07:35:41.225705,10.163559
channel-208,1490363,30311561,30311573,12,2025-02-25 07:36:02.802119,2025-02-25 07:36:17.727187,14.925068
channel-208,1490364,30311607,30311617,10,2025-02-25 07:37:01.905543,2025-02-25 07:37:15.070412,13.164869
channel-208,1490365,30311614,30311626,12,2025-02-25 07:37:11.478421,2025-02-25 07:37:27.727413,16.248992
channel-208,1490366,30311636,30311645,9,2025-02-25 07:37:39.130731,2025-02-25 07:37:49.862493,10.731762
channel-208,1490367,30311641,30311650,9,2025-02-25 07:37:45.215510,2025-02-25 07:37:56.556064,11.340554
channel-208,1490368,30311667,30311680,13,2025-02-25 07:38:19.830777,2025-02-25 07:38:36.165283,16.334506
channel-208,1490369,30311709,30311720,11,2025-02-25 07:39:14.597301,2025-02-25 07:39:32.120890,17.523589
channel-208,1490370,30311766,30311777,11,2025-02-25 07:40:32.530295,2025-02-25 07:40:46.236950,13.706655
channel-208,1490371,30311793,30311805,12,2025-02-25 07:41:10.167456,2025-02-25 07:41:25.231547,15.064091
channel-208,1490372,30311793,30311805,12,2025-02-25 07:41:10.167456,2025-02-25 07:41:25.231547,15.064091
channel-208,1490373,30311893,30311902,9,2025-02-25 07:43:17.940531,2025-02-25 07:43:32.721781,14.78125
channel-208,1490374,30311922,30311934,12,2025-02-25 07:43:55.869077,2025-02-25 07:44:12.657955,16.788878
channel-208,1490375,30311934,30311943,9,2025-02-25 07:44:12.657955,2025-02-25 07:44:24.995983,12.338028
channel-208,1490376,30312009,30312019,10,2025-02-25 07:45:51.662694,2025-02-25 07:46:04.124441,12.461747
channel-208,1490377,30312049,30312062,13,2025-02-25 07:46:42.641257,2025-02-25 07:47:03.191572,20.550315
channel-208,1490378,30312052,30312062,10,2025-02-25 07:46:50.180005,2025-02-25 07:47:03.191572,13.011567
channel-208,1490379,30312113,30312122,9,2025-02-25 07:48:07.455372,2025-02-25 07:48:17.617705,10.162333
channel-208,1490380,30312138,30312150,12,2025-02-25 07:48:44.476583,2025-02-25 07:48:59.913668,15.437085
channel-208,1490381,30312163,30312176,13,2025-02-25 07:49:17.252458,2025-02-25 07:49:33.820009,16.567551
channel-208,1490382,30312175,30312185,10,2025-02-25 07:49:32.712304,2025-02-25 07:49:44.673852,11.961548
channel-208,1490383,30312207,30312216,9,2025-02-25 07:50:13.505485,2025-02-25 07:50:25.522201,12.016716
channel-208,1490384,30312228,30312241,13,2025-02-25 07:50:40.145097,2025-02-25 07:51:00.618212,20.473115
channel-208,1490385,30312250,30312260,10,2025-02-25 07:51:11.491839,2025-02-25 07:51:23.372149,11.88031
channel-208,1490386,30312281,30312292,11,2025-02-25 07:51:50.786756,2025-02-25 07:52:04.960036,14.17328
channel-208,1490387,30312291,30312302,11,2025-02-25 07:52:03.640438,2025-02-25 07:52:17.667028,14.02659
channel-208,1490388,30312317,30312328,11,2025-02-25 07:52:40.740329,2025-02-25 07:52:53.622607,12.882278
channel-208,1490389,30312355,30312366,11,2025-02-25 07:53:31.898664,2025-02-25 07:53:45.609756,13.711092
channel-208,1490390,30312431,30312444,13,2025-02-25 07:55:09.544549,2025-02-25 07:55:26.227804,16.683255
channel-208,1490391,30312547,30312560,13,2025-02-25 07:57:41.084400,2025-02-25 07:57:55.919580,14.83518
channel-208,1490392,30312588,30312597,9,2025-02-25 07:58:35.091903,2025-02-25 07:58:46.762978,11.671075
channel-208,1490393,30312608,30312618,10,2025-02-25 07:59:01.054797,2025-02-25 07:59:12.466677,11.41188
channel-208,1490394,30312668,30312681,13,2025-02-25 08:00:16.668743,2025-02-25 08:00:33.329167,16.660424
channel-208,1490395,30312705,30312716,11,2025-02-25 08:01:02.101597,2025-02-25 08:01:15.958924,13.857327
channel-208,1490396,30312748,30312759,11,2025-02-25 08:02:05.071367,2025-02-25 08:02:20.935748,15.864381
channel-208,1490397,30312844,30312855,11,2025-02-25 08:04:12.631986,2025-02-25 08:04:26.542904,13.910918
channel-208,1490398,30312905,30312917,12,2025-02-25 08:05:31.238601,2025-02-25 08:05:47.918070,16.679469
channel-208,1490399,30312907,30312917,10,2025-02-25 08:05:33.422123,2025-02-25 08:05:47.918070,14.495947
channel-208,1490400,30312908,30312917,9,2025-02-25 08:05:34.561229,2025-02-25 08:05:47.918070,13.356841
channel-208,1490401,30312972,30312984,12,2025-02-25 08:06:59.842959,2025-02-25 08:07:14.616427,14.773468
channel-208,1490402,30313005,30313017,12,2025-02-25 08:07:41.596823,2025-02-25 08:07:56.759508,15.162685
channel-208,1490403,30313024,30313035,11,2025-02-25 08:08:05.664473,2025-02-25 08:08:19.622648,13.958175
channel-208,1490404,30313057,30313067,10,2025-02-25 08:08:47.871656,2025-02-25 08:09:00.542122,12.670466
channel-208,1490405,30313086,30313093,7,2025-02-25 08:09:24.397936,2025-02-25 08:09:36.507806,12.10987
channel-208,1490406,30313089,30313103,14,2025-02-25 08:09:27.758505,2025-02-25 08:09:48.653116,20.894611
channel-208,1490407,30313096,30313106,10,2025-02-25 08:09:39.980446,2025-02-25 08:09:53.589422,13.608976
channel-208,1490408,30313267,30313275,8,2025-02-25 08:13:27.744232,2025-02-25 08:13:37.619440,9.875208
channel-208,1490409,30313277,30313290,13,2025-02-25 08:13:40.176450,2025-02-25 08:13:55.054480,14.87803
channel-208,1490410,30313302,30313314,12,2025-02-25 08:14:11.573705,2025-02-25 08:14:25.279275,13.70557
channel-208,1490411,30313335,30313345,10,2025-02-25 08:14:51.353030,2025-02-25 08:15:05.546328,14.193298
channel-208,1490412,30313361,30313370,9,2025-02-25 08:15:25.717458,2025-02-25 08:15:39.714358,13.9969
channel-208,1490413,30313398,30313411,13,2025-02-25 08:16:17.316894,2025-02-25 08:16:34.096141,16.779247
channel-208,1490414,30313399,30313411,12,2025-02-25 08:16:19.018613,2025-02-25 08:16:34.096141,15.077528
channel-208,1490415,30313409,30313420,11,2025-02-25 08:16:31.953846,2025-02-25 08:16:44.896169,12.942323
channel-208,1490416,30313598,30313608,10,2025-02-25 08:20:35.908147,2025-02-25 08:20:49.510935,13.602788
channel-208,1490417,30313611,30313621,10,2025-02-25 08:20:54.679539,2025-02-25 08:21:07.210922,12.531383
channel-208,1490418,30313635,30313647,12,2025-02-25 08:21:24.075732,2025-02-25 08:21:40.925017,16.849285
channel-208,1490419,30313651,30313660,9,2025-02-25 08:21:45.664607,2025-02-25 08:21:57.959364,12.294757
channel-208,1490420,30313703,30313712,9,2025-02-25 08:22:55.524064,2025-02-25 08:23:07.723226,12.199162
channel-208,1490421,30313742,30313755,13,2025-02-25 08:23:46.422359,2025-02-25 08:24:01.281694,14.859335
channel-208,1490422,30313807,30313820,13,2025-02-25 08:25:10.899460,2025-02-25 08:25:27.363676,16.464216
channel-208,1490423,30313895,30313908,13,2025-02-25 08:27:03.854717,2025-02-25 08:27:19.869715,16.014998
channel-208,1490424,30314210,30314220,10,2025-02-25 08:33:58.228749,2025-02-25 08:34:12.993061,14.764312
channel-208,1490425,30314402,30314413,11,2025-02-25 08:38:03.114046,2025-02-25 08:38:17.479052,14.365006
channel-208,1490426,30314468,30314476,8,2025-02-25 08:39:32.342649,2025-02-25 08:39:41.726398,9.383749
channel-208,1490427,30314474,30314483,9,2025-02-25 08:39:39.413418,2025-02-25 08:39:54.941218,15.5278
channel-208,1490428,30314656,30314670,14,2025-02-25 08:43:39.959889,2025-02-25 08:43:55.688750,15.728861
channel-208,1490429,30314698,30314710,12,2025-02-25 08:44:31.745561,2025-02-25 08:44:47.296294,15.550733
channel-208,1490430,30314788,30314799,11,2025-02-25 08:46:26.957646,2025-02-25 08:46:41.313528,14.355882
channel-208,1490431,30314841,30314852,11,2025-02-25 08:47:36.857624,2025-02-25 08:47:52.394640,15.537016
channel-208,1490432,30315037,30315046,9,2025-02-25 08:51:51.826832,2025-02-25 08:52:02.326324,10.499492
channel-208,1490433,30315062,30315073,11,2025-02-25 08:52:23.070633,2025-02-25 08:52:37.186211,14.115578
channel-208,1490434,30315277,30315287,10,2025-02-25 08:57:03.669014,2025-02-25 08:57:17.820478,14.151464
channel-208,1490435,30315351,30315362,11,2025-02-25 08:58:40.177243,2025-02-25 08:58:52.342845,12.165602
channel-208,1490436,30315494,30315505,11,2025-02-25 09:01:43.024160,2025-02-25 09:01:56.413929,13.389769
channel-208,1490437,30315511,30315521,10,2025-02-25 09:02:04.121517,2025-02-25 09:02:19.539299,15.417782
channel-208,1490438,30315523,30315535,12,2025-02-25 09:02:22.777187,2025-02-25 09:02:36.652992,13.875805
channel-208,1490439,30315540,30315553,13,2025-02-25 09:02:43.522150,2025-02-25 09:03:00.956361,17.434211
channel-208,1490440,30315676,30315689,13,2025-02-25 09:05:39.913008,2025-02-25 09:05:55.398815,15.485807
channel-208,1490441,30315742,30315755,13,2025-02-25 09:07:06.114823,2025-02-25 09:07:22.209377,16.094554
channel-208,1490442,30315745,30315755,10,2025-02-25 09:07:09.581140,2025-02-25 09:07:22.209377,12.628237
channel-208,1490443,30315748,30315759,11,2025-02-25 09:07:12.922236,2025-02-25 09:07:27.032499,14.110263
channel-208,1490444,30315815,30315828,13,2025-02-25 09:08:39.758158,2025-02-25 09:08:55.581287,15.823129
channel-208,1490445,30315905,30315912,7,2025-02-25 09:10:40.812956,2025-02-25 09:10:51.677120,10.864164
channel-208,1490446,30315955,30315965,10,2025-02-25 09:11:49.654639,2025-02-25 09:12:03.400165,13.745526
channel-208,1490447,30315974,30315984,10,2025-02-25 09:12:14.269549,2025-02-25 09:12:26.701219,12.43167
channel-208,1490448,30316103,30316116,13,2025-02-25 09:15:03.534464,2025-02-25 09:15:18.938886,15.404422
channel-208,1490449,30316218,30316228,10,2025-02-25 09:17:40.883836,2025-02-25 09:17:52.304805,11.420969
channel-208,1490450,30316334,30316344,10,2025-02-25 09:20:09.666327,2025-02-25 09:20:22.349209,12.682882
channel-208,1490451,30316398,30316410,12,2025-02-25 09:21:33.734733,2025-02-25 09:21:50.594455,16.859722
channel-208,1490452,30316437,30316446,9,2025-02-25 09:22:25.035243,2025-02-25 09:22:37.552776,12.517533
channel-208,1490453,30316516,30316526,10,2025-02-25 09:24:11.446457,2025-02-25 09:24:23.898083,12.451626
channel-208,1490454,30316573,30316584,11,2025-02-25 09:25:24.326807,2025-02-25 09:25:37.806212,13.479405
channel-208,1490455,30316602,30316616,14,2025-02-25 09:26:03.213384,2025-02-25 09:26:19.409831,16.196447
channel-208,1490456,30316634,30316644,10,2025-02-25 09:26:44.790957,2025-02-25 09:26:58.161150,13.370193
channel-208,1490457,30316655,30316667,12,2025-02-25 09:27:14.841265,2025-02-25 09:27:28.949143,14.107878
channel-208,1490458,30316668,30316680,12,2025-02-25 09:27:30.092985,2025-02-25 09:27:45.147943,15.054958
channel-208,1490459,30316682,30316693,11,2025-02-25 09:27:47.449747,2025-02-25 09:28:01.331778,13.882031
channel-208,1490460,30316766,30316776,10,2025-02-25 09:29:40.513069,2025-02-25 09:29:52.054051,11.540982
channel-208,1490461,30316778,30316790,12,2025-02-25 09:29:56.659755,2025-02-25 09:30:11.174259,14.514504
channel-208,1490462,30316792,30316803,11,2025-02-25 09:30:14.849620,2025-02-25 09:30:28.026058,13.176438
channel-208,1490463,30316827,30316840,13,2025-02-25 09:30:59.790987,2025-02-25 09:31:15.509704,15.718717
channel-208,1490464,30316833,30316844,11,2025-02-25 09:31:07.339534,2025-02-25 09:31:21.139562,13.800028
channel-208,1490465,30316839,30316848,9,2025-02-25 09:31:14.242701,2025-02-25 09:31:26.583783,12.341082
channel-208,1490466,30316877,30316891,14,2025-02-25 09:32:02.950865,2025-02-25 09:32:19.223500,16.272635
channel-208,1490467,30316880,30316891,11,2025-02-25 09:32:06.469455,2025-02-25 09:32:19.223500,12.754045
channel-208,1490468,30316906,30316914,8,2025-02-25 09:32:40.963359,2025-02-25 09:32:54.334080,13.370721
channel-208,1490469,30316910,30316918,8,2025-02-25 09:32:45.442435,2025-02-25 09:32:58.922537,13.480102
channel-208,1490470,30316946,30316957,11,2025-02-25 09:33:36.515722,2025-02-25 09:33:51.611664,15.095942
channel-208,1490471,30316957,30316967,10,2025-02-25 09:33:51.611664,2025-02-25 09:34:03.876480,12.264816
channel-208,1490472,30316960,30316971,11,2025-02-25 09:33:55.374585,2025-02-25 09:34:09.364784,13.990199
channel-208,1490473,30316970,30316979,9,2025-02-25 09:34:08.252271,2025-02-25 09:34:20.245800,11.993529
channel-208,1490474,30316974,30316984,10,2025-02-25 09:34:14.515190,2025-02-25 09:34:26.275634,11.760444
channel-208,1490475,30316990,30317000,10,2025-02-25 09:34:34.667896,2025-02-25 09:34:48.602558,13.934662
channel-208,1490476,30317006,30317015,9,2025-02-25 09:34:55.536151,2025-02-25 09:35:06.608437,11.072286
channel-208,1490477,30317018,30317027,9,2025-02-25 09:35:11.018032,2025-02-25 09:35:22.900116,11.882084
channel-208,1490478,30317040,30317052,12,2025-02-25 09:35:38.389555,2025-02-25 09:35:52.968600,14.579045
channel-208,1490479,30317056,30317067,11,2025-02-25 09:35:57.503833,2025-02-25 09:36:10.760256,13.256423
channel-208,1490480,30317090,30317101,11,2025-02-25 09:36:49.411279,2025-02-25 09:37:03.006806,13.595527
channel-208,1490481,30317130,30317140,10,2025-02-25 09:37:43.343083,2025-02-25 09:37:54.815545,11.472462
channel-208,1490482,30317142,30317154,12,2025-02-25 09:37:57.359883,2025-02-25 09:38:13.493350,16.133467
channel-208,1490483,30317167,30317179,12,2025-02-25 09:38:32.444856,2025-02-25 09:38:47.060621,14.615765
channel-208,1490484,30317175,30317184,9,2025-02-25 09:38:42.523759,2025-02-25 09:38:53.410641,10.886882
channel-208,1490485,30317233,30317246,13,2025-02-25 09:39:53.159858,2025-02-25 09:40:09.065335,15.905477
channel-208,1490486,30317290,30317301,11,2025-02-25 09:41:05.907745,2025-02-25 09:41:19.354739,13.446994
channel-208,1490487,30317291,30317301,10,2025-02-25 09:41:07.040271,2025-02-25 09:41:19.354739,12.314468
channel-208,1490488,30317291,30317301,10,2025-02-25 09:41:07.040271,2025-02-25 09:41:19.354739,12.314468
channel-208,1490489,30317315,30317324,9,2025-02-25 09:41:37.917438,2025-02-25 09:41:52.345572,14.428134
channel-208,1490490,30317343,30317354,11,2025-02-25 09:42:18.870528,2025-02-25 09:42:32.600700,13.730172
channel-208,1490491,30317353,30317363,10,2025-02-25 09:42:31.462281,2025-02-25 09:42:45.137744,13.675463
channel-208,1490492,30317361,30317373,12,2025-02-25 09:42:42.721971,2025-02-25 09:42:56.654825,13.932854
channel-208,1490493,30317387,30317397,10,2025-02-25 09:43:14.215733,2025-02-25 09:43:26.210115,11.994382
channel-208,1490494,30317391,30317402,11,2025-02-25 09:43:19.451527,2025-02-25 09:43:31.941625,12.490098
channel-208,1490495,30317411,30317420,9,2025-02-25 09:43:44.149763,2025-02-25 09:43:56.345232,12.195469
channel-208,1490496,30317437,30317449,12,2025-02-25 09:44:20.039041,2025-02-25 09:44:36.145200,16.106159
channel-208,1490497,30317468,30317481,13,2025-02-25 09:45:01.227555,2025-02-25 09:45:16.113443,14.885888
channel-208,1490498,30317476,30317486,10,2025-02-25 09:45:10.325323,2025-02-25 09:45:21.785272,11.459949
channel-208,1490499,30317498,30317509,11,2025-02-25 09:45:37.757982,2025-02-25 09:45:51.495383,13.737401
channel-208,1490500,30317507,30317518,11,2025-02-25 09:45:49.299734,2025-02-25 09:46:03.083646,13.783912
channel-208,1490501,30317520,30317532,12,2025-02-25 09:46:05.929995,2025-02-25 09:46:20.616609,14.686614
channel-208,1490502,30317546,30317554,8,2025-02-25 09:46:39.395408,2025-02-25 09:46:50.639039,11.243631
channel-208,1490503,30317572,30317581,9,2025-02-25 09:47:14.839059,2025-02-25 09:47:25.886810,11.047751
channel-208,1490504,30317596,30317607,11,2025-02-25 09:47:47.117533,2025-02-25 09:48:00.486768,13.369235
channel-208,1490505,30317635,30317646,11,2025-02-25 09:48:33.184593,2025-02-25 09:48:46.375405,13.190812
channel-208,1490506,30317647,30317658,11,2025-02-25 09:48:48.622114,2025-02-25 09:49:04.131843,15.509729
channel-208,1490507,30317687,30317696,9,2025-02-25 09:49:40.502594,2025-02-25 09:49:51.849478,11.346884
channel-208,1490508,30317705,30317716,11,2025-02-25 09:50:04.692968,2025-02-25 09:50:18.586216,13.893248
channel-208,1490509,30317705,30317716,11,2025-02-25 09:50:04.692968,2025-02-25 09:50:18.586216,13.893248
channel-208,1490510,30317728,30317737,9,2025-02-25 09:50:34.902278,2025-02-25 09:50:45.179752,10.277474
channel-208,1490511,30317745,30317752,7,2025-02-25 09:50:58.763275,2025-02-25 09:51:11.434104,12.670829
channel-208,1490512,30317767,30317779,12,2025-02-25 09:51:28.922231,2025-02-25 09:51:48.418367,19.496136
channel-208,1490513,30317772,30317782,10,2025-02-25 09:51:39.010343,2025-02-25 09:51:52.699623,13.68928
channel-208,1490514,30317787,30317795,8,2025-02-25 09:51:59.670571,2025-02-25 09:52:10.986090,11.315519
channel-208,1490515,30317788,30317798,10,2025-02-25 09:52:00.983695,2025-02-25 09:52:15.643694,14.659999
channel-208,1490516,30317791,30317798,7,2025-02-25 09:52:05.227354,2025-02-25 09:52:15.643694,10.41634
channel-208,1490517,30317800,30317812,12,2025-02-25 09:52:18.127842,2025-02-25 09:52:33.545534,15.417692
channel-208,1490518,30317801,30317812,11,2025-02-25 09:52:19.293444,2025-02-25 09:52:33.545534,14.25209
channel-208,1490519,30317860,30317870,10,2025-02-25 09:53:36.026270,2025-02-25 09:53:48.552193,12.525923
channel-208,1490520,30317888,30317901,13,2025-02-25 09:54:15.888187,2025-02-25 09:54:30.635925,14.747738
channel-208,1490521,30317910,30317922,12,2025-02-25 09:54:46.256900,2025-02-25 09:55:00.530084,14.273184
channel-208,1490522,30317917,30317927,10,2025-02-25 09:54:54.718990,2025-02-25 09:55:06.336955,11.617965
channel-208,1490523,30317924,30317936,12,2025-02-25 09:55:02.948636,2025-02-25 09:55:16.701694,13.753058
channel-208,1490524,30317942,30317954,12,2025-02-25 09:55:29.456092,2025-02-25 09:55:47.689547,18.233455
channel-208,1490525,30317978,30317990,12,2025-02-25 09:56:17.428801,2025-02-25 09:56:33.406086,15.977285
channel-208,1490526,30318017,30318027,10,2025-02-25 09:57:11.470581,2025-02-25 09:57:25.269990,13.799409
channel-208,1490527,30318106,30318116,10,2025-02-25 09:59:11.252303,2025-02-25 09:59:22.738005,11.485702
channel-208,1490528,30318123,30318133,10,2025-02-25 09:59:38.687827,2025-02-25 09:59:51.193973,12.506146
channel-208,1490529,30318148,30318161,13,2025-02-25 10:00:10.002762,2025-02-25 10:00:26.139239,16.136477
channel-208,1490530,30318158,30318168,10,2025-02-25 10:00:22.824828,2025-02-25 10:00:37.700697,14.875869
channel-208,1490531,30318169,30318181,12,2025-02-25 10:00:40.362610,2025-02-25 10:00:56.705961,16.343351
channel-208,1490532,30318194,30318202,8,2025-02-25 10:01:11.917686,2025-02-25 10:01:26.181237,14.263551
channel-208,1490533,30318209,30318220,11,2025-02-25 10:01:34.096498,2025-02-25 10:01:48.828321,14.731823
channel-208,1490534,30318232,30318245,13,2025-02-25 10:02:07.490192,2025-02-25 10:02:24.348908,16.858716
channel-208,1490535,30318257,30318269,12,2025-02-25 10:02:42.036953,2025-02-25 10:02:57.451633,15.41468
channel-208,1490536,30318302,30318314,12,2025-02-25 10:03:40.530914,2025-02-25 10:03:55.653246,15.122332
channel-208,1490537,30318344,30318356,12,2025-02-25 10:04:33.946182,2025-02-25 10:04:52.922028,18.975846
channel-208,1490538,30318345,30318356,11,2025-02-25 10:04:36.032004,2025-02-25 10:04:52.922028,16.890024
channel-208,1490539,30318346,30318356,10,2025-02-25 10:04:40.953261,2025-02-25 10:04:52.922028,11.968767
channel-208,1490540,30318415,30318425,10,2025-02-25 10:06:10.160826,2025-02-25 10:06:27.400504,17.239678
channel-208,1490541,30318442,30318454,12,2025-02-25 10:06:47.777577,2025-02-25 10:07:04.410780,16.633203
channel-208,1490542,30318593,30318603,10,2025-02-25 10:10:18.690589,2025-02-25 10:10:31.568871,12.878282
channel-208,1490543,30318623,30318636,13,2025-02-25 10:10:56.743644,2025-02-25 10:11:12.278571,15.534927
channel-208,1490544,30318644,30318656,12,2025-02-25 10:11:24.222054,2025-02-25 10:11:40.440635,16.218581
channel-208,1490545,30318645,30318656,11,2025-02-25 10:11:25.344061,2025-02-25 10:11:40.440635,15.096574
channel-208,1490546,30318697,30318705,8,2025-02-25 10:12:35.704937,2025-02-25 10:12:46.248152,10.543215
channel-208,1490547,30318733,30318745,12,2025-02-25 10:13:24.302430,2025-02-25 10:13:39.180790,14.87836
channel-208,1490548,30318763,30318773,10,2025-02-25 10:14:02.533232,2025-02-25 10:14:15.172817,12.639585
channel-208,1490549,30318763,30318773,10,2025-02-25 10:14:02.533232,2025-02-25 10:14:15.172817,12.639585
channel-208,1490550,30318835,30318844,9,2025-02-25 10:15:42.025831,2025-02-25 10:15:53.754015,11.728184
channel-208,1490551,30318863,30318875,12,2025-02-25 10:16:19.962263,2025-02-25 10:16:35.964233,16.00197
channel-208,1490552,30318901,30318909,8,2025-02-25 10:17:09.285206,2025-02-25 10:17:20.179412,10.894206
channel-208,1490553,30318917,30318927,10,2025-02-25 10:17:33.379491,2025-02-25 10:17:49.268376,15.888885
channel-208,1490554,30319096,30319103,7,2025-02-25 10:21:37.012587,2025-02-25 10:21:47.542742,10.530155
channel-208,1490555,30319103,30319113,10,2025-02-25 10:21:47.542742,2025-02-25 10:21:59.684400,12.141658
channel-208,1490556,30319104,30319117,13,2025-02-25 10:21:48.665691,2025-02-25 10:22:05.707622,17.041931
channel-208,1490557,30319108,30319117,9,2025-02-25 10:21:53.880447,2025-02-25 10:22:05.707622,11.827175
channel-208,1490558,30319127,30319137,10,2025-02-25 10:22:17.432019,2025-02-25 10:22:28.758222,11.326203
channel-208,1490559,30319136,30319147,11,2025-02-25 10:22:27.520284,2025-02-25 10:22:40.501929,12.981645
channel-208,1490560,30319146,30319155,9,2025-02-25 10:22:39.379352,2025-02-25 10:22:55.530161,16.150809
channel-208,1490561,30319148,30319156,8,2025-02-25 10:22:42.839986,2025-02-25 10:22:57.730135,14.890149
channel-208,1490562,30319172,30319181,9,2025-02-25 10:23:22.016817,2025-02-25 10:23:33.544190,11.527373
channel-208,1490563,30319177,30319190,13,2025-02-25 10:23:27.854583,2025-02-25 10:23:44.362614,16.508031
channel-208,1490564,30319210,30319219,9,2025-02-25 10:24:13.118291,2025-02-25 10:24:23.878774,10.760483
channel-208,1490565,30319216,30319228,12,2025-02-25 10:24:20.236833,2025-02-25 10:24:35.782945,15.546112
channel-208,1490566,30319243,30319254,11,2025-02-25 10:24:53.777932,2025-02-25 10:25:09.580312,15.80238
channel-208,1490567,30319249,30319256,7,2025-02-25 10:25:01.985040,2025-02-25 10:25:15.108291,13.123251
channel-208,1490568,30319258,30319268,10,2025-02-25 10:25:17.282684,2025-02-25 10:25:32.965778,15.683094
channel-208,1490569,30319263,30319273,10,2025-02-25 10:25:22.968218,2025-02-25 10:25:39.323260,16.355042
channel-208,1490570,30319279,30319287,8,2025-02-25 10:25:46.225015,2025-02-25 10:25:57.458600,11.233585
channel-208,1490571,30319283,30319292,9,2025-02-25 10:25:51.856419,2025-02-25 10:26:03.347510,11.491091
channel-208,1490572,30319286,30319296,10,2025-02-25 10:25:55.294545,2025-02-25 10:26:09.358670,14.064125
channel-208,1490573,30319294,30319305,11,2025-02-25 10:26:07.115338,2025-02-25 10:26:20.668922,13.553584
channel-208,1490574,30319298,30319310,12,2025-02-25 10:26:11.563321,2025-02-25 10:26:26.281640,14.718319
channel-208,1490575,30319303,30319315,12,2025-02-25 10:26:18.424071,2025-02-25 10:26:33.278930,14.854859
channel-208,1490576,30319369,30319378,9,2025-02-25 10:27:42.065002,2025-02-25 10:27:53.141548,11.076546
channel-208,1490577,30319371,30319383,12,2025-02-25 10:27:44.401129,2025-02-25 10:28:00.073624,15.672495
channel-208,1490578,30319402,30319411,9,2025-02-25 10:28:31.705085,2025-02-25 10:28:46.444283,14.739198
channel-208,1490579,30319429,30319437,8,2025-02-25 10:29:11.049710,2025-02-25 10:29:21.434637,10.384927
channel-208,1490580,30319462,30319471,9,2025-02-25 10:29:53.121014,2025-02-25 10:30:05.866868,12.745854
channel-208,1490581,30319471,30319482,11,2025-02-25 10:30:05.866868,2025-02-25 10:30:21.085034,15.218166
channel-208,1490582,30319477,30319485,8,2025-02-25 10:30:14.671442,2025-02-25 10:30:25.205479,10.534037
channel-208,1490583,30319515,30319524,9,2025-02-25 10:31:11.266379,2025-02-25 10:31:22.198847,10.932468
channel-208,1490584,30319523,30319532,9,2025-02-25 10:31:20.920958,2025-02-25 10:31:33.344244,12.423286
channel-208,1490585,30319531,30319542,11,2025-02-25 10:31:31.191577,2025-02-25 10:31:47.148833,15.957256
channel-208,1490586,30319537,30319546,9,2025-02-25 10:31:41.194684,2025-02-25 10:31:52.825846,11.631162
channel-208,1490587,30319561,30319567,6,2025-02-25 10:32:10.034020,2025-02-25 10:32:21.660838,11.626818
channel-208,1490588,30319574,30319585,11,2025-02-25 10:32:29.699772,2025-02-25 10:32:44.783666,15.083894
channel-208,1490589,30319588,30319598,10,2025-02-25 10:32:48.234854,2025-02-25 10:33:02.289225,14.054371
channel-208,1490590,30319609,30319618,9,2025-02-25 10:33:15.902232,2025-02-25 10:33:31.416786,15.514554
channel-208,1490591,30319621,30319635,14,2025-02-25 10:33:34.864861,2025-02-25 10:33:57.264178,22.399317
channel-208,1490592,30319622,30319635,13,2025-02-25 10:33:39.456804,2025-02-25 10:33:57.264178,17.807374
channel-208,1490593,30319626,30319638,12,2025-02-25 10:33:45.104581,2025-02-25 10:34:01.025433,15.920852
channel-208,1490594,30319631,30319641,10,2025-02-25 10:33:52.162737,2025-02-25 10:34:05.996364,13.833627
channel-208,1490595,30319631,30319641,10,2025-02-25 10:33:52.162737,2025-02-25 10:34:05.996364,13.833627
channel-208,1490596,30319665,30319676,11,2025-02-25 10:34:36.639603,2025-02-25 10:34:54.682593,18.04299
channel-208,1490597,30319673,30319683,10,2025-02-25 10:34:46.348225,2025-02-25 10:35:04.335731,17.987506
channel-208,1490598,30319694,30319707,13,2025-02-25 10:35:18.101799,2025-02-25 10:35:33.552288,15.450489
channel-208,1490599,30319723,30319731,8,2025-02-25 10:35:58.232206,2025-02-25 10:36:10.126185,11.893979
channel-208,1490600,30319737,30319749,12,2025-02-25 10:36:17.998830,2025-02-25 10:36:33.044695,15.045865
channel-208,1490601,30319780,30319788,8,2025-02-25 10:37:14.062200,2025-02-25 10:37:24.480214,10.418014
channel-208,1490602,30319847,30319859,12,2025-02-25 10:38:45.932271,2025-02-25 10:39:02.853308,16.921037
channel-208,1490603,30319909,30319919,10,2025-02-25 10:40:06.821706,2025-02-25 10:40:18.980236,12.15853
channel-208,1490604,30319933,30319946,13,2025-02-25 10:40:38.208439,2025-02-25 10:40:55.487834,17.279395
channel-208,1490605,30319942,30319955,13,2025-02-25 10:40:50.611558,2025-02-25 10:41:06.040854,15.429296
channel-208,1490606,30319953,30319961,8,2025-02-25 10:41:03.662555,2025-02-25 10:41:17.314845,13.65229
channel-208,1490607,30320028,30320038,10,2025-02-25 10:42:41.535894,2025-02-25 10:42:54.304680,12.768786
channel-208,1490608,30320143,30320155,12,2025-02-25 10:45:18.158150,2025-02-25 10:45:34.040557,15.882407
channel-208,1490609,30320213,30320223,10,2025-02-25 10:46:54.318558,2025-02-25 10:47:07.056692,12.738134
channel-208,1490610,30320246,30320258,12,2025-02-25 10:47:38.344530,2025-02-25 10:47:54.205199,15.860669
channel-208,1490611,30320266,30320275,9,2025-02-25 10:48:04.251865,2025-02-25 10:48:16.012706,11.760841
channel-208,1490612,30320362,30320372,10,2025-02-25 10:50:10.279865,2025-02-25 10:50:25.015097,14.735232
channel-208,1490613,30320363,30320372,9,2025-02-25 10:50:11.407576,2025-02-25 10:50:25.015097,13.607521
channel-208,1490614,30320459,30320470,11,2025-02-25 10:52:22.123370,2025-02-25 10:52:36.252627,14.129257
channel-208,1490615,30320469,30320480,11,2025-02-25 10:52:35.113898,2025-02-25 10:52:48.460108,13.34621
channel-208,1490616,30320526,30320536,10,2025-02-25 10:53:49.410249,2025-02-25 10:54:05.273760,15.863511
channel-208,1490617,30320563,30320573,10,2025-02-25 10:54:40.182347,2025-02-25 10:54:52.793928,12.611581
channel-208,1490618,30320572,30320582,10,2025-02-25 10:54:51.416418,2025-02-25 10:55:04.131982,12.715564
channel-208,1490619,30320705,30320712,7,2025-02-25 10:57:48.595619,2025-02-25 10:57:57.554564,8.958945
channel-208,1490620,30320839,30320851,12,2025-02-25 11:00:46.748720,2025-02-25 11:01:02.689748,15.941028
channel-208,1490621,30320867,30320877,10,2025-02-25 11:01:21.732245,2025-02-25 11:01:38.266072,16.533827
channel-208,1490622,30320872,30320879,7,2025-02-25 11:01:31.762217,2025-02-25 11:01:43.819495,12.057278
channel-208,1490623,30320874,30320884,10,2025-02-25 11:01:34.200345,2025-02-25 11:01:49.514139,15.313794
channel-208,1490624,30320923,30320933,10,2025-02-25 11:02:41.245194,2025-02-25 11:02:53.882044,12.63685
channel-208,1490625,30320974,30320984,10,2025-02-25 11:03:48.624401,2025-02-25 11:04:04.060561,15.43616
channel-208,1490626,30321045,30321054,9,2025-02-25 11:05:26.795439,2025-02-25 11:05:37.533641,10.738202
channel-208,1490627,30321115,30321127,12,2025-02-25 11:06:56.353477,2025-02-25 11:07:15.045021,18.691544
channel-208,1490628,30321290,30321300,10,2025-02-25 11:10:56.445096,2025-02-25 11:11:07.880499,11.435403
channel-208,1490629,30321295,30321305,10,2025-02-25 11:11:02.321955,2025-02-25 11:11:13.822442,11.500487
channel-208,1490630,30321311,30321319,8,2025-02-25 11:11:20.738516,2025-02-25 11:11:30.422102,9.683586
channel-208,1490631,30321338,30321348,10,2025-02-25 11:11:56.448454,2025-02-25 11:12:12.659181,16.210727
channel-208,1490632,30321529,30321540,11,2025-02-25 11:16:09.494086,2025-02-25 11:16:22.830206,13.33612
channel-208,1490633,30321545,30321556,11,2025-02-25 11:16:30.978233,2025-02-25 11:16:44.791524,13.813291
channel-208,1490634,30321564,30321572,8,2025-02-25 11:16:58.821043,2025-02-25 11:17:13.984832,15.163789
channel-208,1490635,30321590,30321599,9,2025-02-25 11:17:36.870967,2025-02-25 11:17:49.589535,12.718568
channel-208,1490636,30321658,30321666,8,2025-02-25 11:19:04.842695,2025-02-25 11:19:16.574986,11.732291
channel-208,1490637,30321772,30321782,10,2025-02-25 11:21:42.842750,2025-02-25 11:21:55.128252,12.285502
channel-208,1490638,30321796,30321807,11,2025-02-25 11:22:14.202942,2025-02-25 11:22:30.182161,15.979219
channel-208,1490639,30321810,30321820,10,2025-02-25 11:22:34.838565,2025-02-25 11:22:47.401943,12.563378
channel-208,1490640,30321831,30321843,12,2025-02-25 11:23:00.214846,2025-02-25 11:23:16.412063,16.197217
channel-208,1490641,30322067,30322076,9,2025-02-25 11:28:13.531124,2025-02-25 11:28:24.475826,10.944702
channel-208,1490642,30322149,30322162,13,2025-02-25 11:30:06.161018,2025-02-25 11:30:21.517159,15.356141
channel-208,1490643,30322518,30322526,8,2025-02-25 11:38:14.848442,2025-02-25 11:38:28.140341,13.291899
channel-208,1490644,30322533,30322540,7,2025-02-25 11:38:38.594421,2025-02-25 11:38:50.610293,12.015872
channel-208,1490645,30322936,30322946,10,2025-02-25 11:47:44.494907,2025-02-25 11:47:56.065930,11.571023
channel-208,1490646,30322946,30322952,6,2025-02-25 11:47:56.065930,2025-02-25 11:48:06.189739,10.123809
channel-208,1490647,30322956,30322965,9,2025-02-25 11:48:12.140740,2025-02-25 11:48:23.978707,11.837967
channel-208,1490648,30322990,30322999,9,2025-02-25 11:48:58.889912,2025-02-25 11:49:11.694068,12.804156
channel-208,1490649,30323133,30323140,7,2025-02-25 11:52:01.890437,2025-02-25 11:52:12.573262,10.682825
channel-208,1490650,30323153,30323165,12,2025-02-25 11:52:31.631652,2025-02-25 11:52:47.810652,16.179
channel-208,1490651,30323162,30323174,12,2025-02-25 11:52:43.858806,2025-02-25 11:53:00.126575,16.267769
channel-208,1490652,30323258,30323267,9,2025-02-25 11:54:50.481760,2025-02-25 11:55:01.343672,10.861912
channel-208,1490653,30323280,30323290,10,2025-02-25 11:55:17.972802,2025-02-25 11:55:30.215935,12.243133
channel-208,1490654,30323306,30323316,10,2025-02-25 11:55:53.040492,2025-02-25 11:56:05.910082,12.86959
channel-208,1490655,30323488,30323499,11,2025-02-25 11:59:44.781324,2025-02-25 12:00:00.452918,15.671594
channel-208,1490656,30323503,30323512,9,2025-02-25 12:00:06.688906,2025-02-25 12:00:17.991156,11.30225
channel-208,1490657,30323604,30323612,8,2025-02-25 12:02:18.526777,2025-02-25 12:02:28.285879,9.759102
channel-208,1490658,30323655,30323663,8,2025-02-25 12:03:21.407200,2025-02-25 12:03:32.695213,11.288013
channel-208,1490659,30323725,30323736,11,2025-02-25 12:04:53.768672,2025-02-25 12:05:07.309033,13.540361
channel-208,1490660,30323839,30323853,14,2025-02-25 12:07:20.365930,2025-02-25 12:07:39.177395,18.811465
channel-208,1490661,30323900,30323914,14,2025-02-25 12:08:36.494311,2025-02-25 12:08:53.244344,16.750033
channel-208,1490662,30323979,30323988,9,2025-02-25 12:10:26.086028,2025-02-25 12:10:38.330016,12.243988
channel-208,1490663,30324026,30324035,9,2025-02-25 12:11:24.789062,2025-02-25 12:11:37.048045,12.258983
channel-208,1490664,30324100,30324111,11,2025-02-25 12:13:00.401845,2025-02-25 12:13:15.412046,15.010201
channel-208,1490665,30324216,30324225,9,2025-02-25 12:15:31.073548,2025-02-25 12:15:42.160097,11.086549
channel-208,1490666,30324232,30324244,12,2025-02-25 12:15:51.764814,2025-02-25 12:16:07.564302,15.799488
channel-208,1490667,30324376,30324386,10,2025-02-25 12:19:02.254828,2025-02-25 12:19:14.587802,12.332974
channel-208,1490668,30324388,30324400,12,2025-02-25 12:19:17.018266,2025-02-25 12:19:32.023455,15.005189
channel-208,1490669,30324445,30324458,13,2025-02-25 12:20:32.960341,2025-02-25 12:20:48.470746,15.510405
channel-208,1490670,30324527,30324535,8,2025-02-25 12:22:15.010089,2025-02-25 12:22:25.790247,10.780158
channel-208,1490671,30324666,30324679,13,2025-02-25 12:25:16.149266,2025-02-25 12:25:31.870148,15.720882
channel-208,1490672,30324689,30324699,10,2025-02-25 12:25:45.313390,2025-02-25 12:26:01.726356,16.412966
channel-208,1490673,30324857,30324869,12,2025-02-25 12:29:31.749346,2025-02-25 12:29:47.665551,15.916205
channel-208,1490674,30324913,30324924,11,2025-02-25 12:30:44.681660,2025-02-25 12:30:58.213676,13.532016
channel-208,1490675,30324954,30324966,12,2025-02-25 12:31:34.267889,2025-02-25 12:31:50.121302,15.853413
channel-208,1490676,30325316,30325327,11,2025-02-25 12:39:25.801220,2025-02-25 12:39:39.734215,13.932995
channel-208,1490677,30325345,30325357,12,2025-02-25 12:40:04.110548,2025-02-25 12:40:19.311420,15.200872
channel-208,1490678,30325357,30325368,11,2025-02-25 12:40:19.311420,2025-02-25 12:40:31.677602,12.366182
channel-208,1490679,30325415,30325423,8,2025-02-25 12:41:29.711961,2025-02-25 12:41:40.093584,10.381623
channel-208,1490680,30325442,30325452,10,2025-02-25 12:42:10.369779,2025-02-25 12:42:22.782074,12.412295
channel-208,1490681,30325513,30325523,10,2025-02-25 12:43:42.373206,2025-02-25 12:43:53.940448,11.567242
channel-208,1490682,30325577,30325586,9,2025-02-25 12:45:04.007914,2025-02-25 12:45:15.984990,11.977076
channel-208,1490683,30325593,30325604,11,2025-02-25 12:45:25.061813,2025-02-25 12:45:39.572135,14.510322
channel-208,1490684,30325749,30325760,11,2025-02-25 12:48:49.572765,2025-02-25 12:49:02.978854,13.406089
channel-208,1490685,30325849,30325857,8,2025-02-25 12:50:56.214106,2025-02-25 12:51:09.886156,13.67205
channel-208,1490686,30325859,30325871,12,2025-02-25 12:51:12.219145,2025-02-25 12:51:27.541072,15.321927
channel-208,1490687,30325886,30325898,12,2025-02-25 12:51:47.959911,2025-02-25 12:52:01.872961,13.91305
channel-208,1490688,30325922,30325933,11,2025-02-25 12:52:33.106765,2025-02-25 12:52:48.065247,14.958482
channel-208,1490689,30325943,30325952,9,2025-02-25 12:53:00.101367,2025-02-25 12:53:11.570995,11.469628
channel-208,1490690,30326153,30326161,8,2025-02-25 12:57:33.028064,2025-02-25 12:57:44.698628,11.670564
channel-208,1490691,30326251,30326261,10,2025-02-25 12:59:43.771849,2025-02-25 12:59:57.388217,13.616368
channel-208,1490692,30326255,30326265,10,2025-02-25 12:59:49.474357,2025-02-25 13:00:02.670760,13.196403
channel-208,1490693,30326287,30326299,12,2025-02-25 13:00:35.722169,2025-02-25 13:00:50.192010,14.469841
channel-208,1490694,30326431,30326441,10,2025-02-25 13:03:40.312107,2025-02-25 13:03:53.555710,13.243603
channel-208,1490695,30326593,30326602,9,2025-02-25 13:07:06.443550,2025-02-25 13:07:18.517364,12.073814
channel-208,1490696,30326603,30326611,8,2025-02-25 13:07:19.580999,2025-02-25 13:07:29.140130,9.559131
channel-208,1490697,30326613,30326625,12,2025-02-25 13:07:33.960726,2025-02-25 13:07:48.626192,14.665466
channel-208,1490698,30326750,30326759,9,2025-02-25 13:10:32.887938,2025-02-25 13:10:44.246024,11.358086
channel-208,1490699,30326751,30326762,11,2025-02-25 13:10:34.106530,2025-02-25 13:10:48.014757,13.908227
channel-208,1490700,30326762,30326772,10,2025-02-25 13:10:48.014757,2025-02-25 13:11:00.083228,12.068471
channel-208,1490701,30326880,30326890,10,2025-02-25 13:13:19.500214,2025-02-25 13:13:32.658726,13.158512
channel-208,1490702,30326954,30326964,10,2025-02-25 13:14:58.024706,2025-02-25 13:15:11.633576,13.60887
channel-208,1490703,30327301,30327309,8,2025-02-25 13:22:23.484680,2025-02-25 13:22:37.684084,14.199404
channel-208,1490704,30327356,30327370,14,2025-02-25 13:23:35.585026,2025-02-25 13:23:52.908401,17.323375
channel-208,1490705,30327454,30327465,11,2025-02-25 13:25:40.130170,2025-02-25 13:25:53.047508,12.917338
channel-208,1490706,30327484,30327493,9,2025-02-25 13:26:21.489600,2025-02-25 13:26:34.189506,12.699906
channel-208,1490707,30327708,30327717,9,2025-02-25 13:31:12.916465,2025-02-25 13:31:25.243249,12.326784
channel-208,1490708,30327832,30327846,14,2025-02-25 13:33:56.288710,2025-02-25 13:34:12.944561,16.655851
channel-208,1490709,30327982,30327994,12,2025-02-25 13:37:08.732169,2025-02-25 13:37:23.933495,15.201326
channel-208,1490710,30328108,30328118,10,2025-02-25 13:39:52.570335,2025-02-25 13:40:05.374371,12.804036
channel-208,1490711,30328342,30328350,8,2025-02-25 13:44:51.075632,2025-02-25 13:45:02.341647,11.266015
channel-208,1490712,30328570,30328579,9,2025-02-25 13:49:49.159172,2025-02-25 13:50:03.433111,14.273939
channel-208,1490713,30328611,30328619,8,2025-02-25 13:50:45.205051,2025-02-25 13:50:56.938191,11.73314
channel-208,1490714,30328612,30328623,11,2025-02-25 13:50:47.371862,2025-02-25 13:51:01.917607,14.545745
channel-208,1490715,30328613,30328623,10,2025-02-25 13:50:48.504832,2025-02-25 13:51:01.917607,13.412775
channel-208,1490716,30328826,30328837,11,2025-02-25 13:55:21.791004,2025-02-25 13:55:34.426487,12.635483
channel-208,1490717,30328856,30328865,9,2025-02-25 13:55:58.165183,2025-02-25 13:56:08.884078,10.718895
channel-208,1490718,30328919,30328931,12,2025-02-25 13:57:21.349207,2025-02-25 13:57:36.299566,14.950359
channel-208,1490719,30328955,30328964,9,2025-02-25 13:58:04.793722,2025-02-25 13:58:17.588198,12.794476
channel-208,1490720,30328955,30328964,9,2025-02-25 13:58:04.793722,2025-02-25 13:58:17.588198,12.794476
channel-208,1490721,30328982,30328990,8,2025-02-25 13:58:43.944698,2025-02-25 13:58:58.945131,15.000433
channel-208,1490722,30328991,30329003,12,2025-02-25 13:59:00.063679,2025-02-25 13:59:15.999137,15.935458
channel-208,1490723,30329183,30329196,13,2025-02-25 14:03:06.999942,2025-02-25 14:03:25.292665,18.292723
channel-208,1490724,30329214,30329227,13,2025-02-25 14:03:51.656621,2025-02-25 14:04:07.166432,15.509811
channel-208,1490725,30329322,30329332,10,2025-02-25 14:06:06.109431,2025-02-25 14:06:19.154342,13.044911
channel-208,1490726,30329433,30329446,13,2025-02-25 14:08:33.244270,2025-02-25 14:08:50.155018,16.910748
channel-208,1490727,30329623,30329636,13,2025-02-25 14:12:39.655228,2025-02-25 14:12:55.203518,15.54829
channel-208,1490728,30329661,30329670,9,2025-02-25 14:13:30.227223,2025-02-25 14:13:41.438410,11.211187
channel-208,1490729,30329752,30329762,10,2025-02-25 14:15:30.072348,2025-02-25 14:15:41.594999,11.522651
channel-208,1490730,30329841,30329852,11,2025-02-25 14:17:26.143907,2025-02-25 14:17:39.012593,12.868686
channel-208,1490731,30329996,30330009,13,2025-02-25 14:20:46.330284,2025-02-25 14:21:01.833321,15.503037
channel-208,1490732,30330044,30330056,12,2025-02-25 14:21:49.485893,2025-02-25 14:22:04.753701,15.267808
channel-208,1490733,30330087,30330100,13,2025-02-25 14:22:47.635283,2025-02-25 14:23:03.216025,15.580742
channel-208,1490734,30330184,30330197,13,2025-02-25 14:24:48.084372,2025-02-25 14:25:04.688172,16.6038
channel-208,1490735,30330289,30330302,13,2025-02-25 14:27:09.432747,2025-02-25 14:27:24.543087,15.11034
channel-208,1490736,30330466,30330477,11,2025-02-25 14:31:02.982399,2025-02-25 14:31:15.240714,12.258315
channel-208,1490737,30330502,30330511,9,2025-02-25 14:31:45.480465,2025-02-25 14:31:56.685679,11.205214
channel-208,1490738,30330535,30330547,12,2025-02-25 14:32:28.614218,2025-02-25 14:32:43.447968,14.83375
channel-208,1490739,30330542,30330552,10,2025-02-25 14:32:37.115063,2025-02-25 14:32:49.345639,12.230576
channel-208,1490740,30330839,30330849,10,2025-02-25 14:39:01.649560,2025-02-25 14:39:17.285521,15.635961
channel-208,1490741,30330913,30330924,11,2025-02-25 14:40:41.665594,2025-02-25 14:40:54.768346,13.102752
channel-208,1490742,30330950,30330962,12,2025-02-25 14:41:32.847775,2025-02-25 14:41:48.803667,15.955892
channel-208,1490743,30330959,30330972,13,2025-02-25 14:41:45.398773,2025-02-25 14:42:00.469115,15.070342
channel-208,1490744,30330962,30330972,10,2025-02-25 14:41:48.803667,2025-02-25 14:42:00.469115,11.665448
channel-208,1490745,30331009,30331021,12,2025-02-25 14:42:47.531422,2025-02-25 14:43:03.107176,15.575754
channel-208,1490746,30331222,30331233,11,2025-02-25 14:47:30.143679,2025-02-25 14:47:42.635743,12.492064
channel-208,1490747,30331226,30331237,11,2025-02-25 14:47:34.610489,2025-02-25 14:47:47.402799,12.79231
channel-208,1490748,30331282,30331293,11,2025-02-25 14:48:49.380504,2025-02-25 14:49:03.712970,14.332466
channel-208,1490749,30331287,30331295,8,2025-02-25 14:48:55.576010,2025-02-25 14:49:07.506903,11.930893
channel-208,1490750,30331292,30331301,9,2025-02-25 14:49:02.606123,2025-02-25 14:49:14.169972,11.563849
channel-208,1490751,30331298,30331309,11,2025-02-25 14:49:10.926400,2025-02-25 14:49:23.268075,12.341675
channel-208,1490752,30331316,30331329,13,2025-02-25 14:49:32.949595,2025-02-25 14:49:48.192378,15.242783
channel-208,1490753,30331498,30331506,8,2025-02-25 14:53:30.861688,2025-02-25 14:53:40.806967,9.945279
channel-208,1490754,30331525,30331532,7,2025-02-25 14:54:05.927512,2025-02-25 14:54:16.349202,10.42169
channel-208,1490755,30331556,30331568,12,2025-02-25 14:54:46.793452,2025-02-25 14:55:03.910618,17.117166
channel-208,1490756,30331584,30331595,11,2025-02-25 14:55:25.687235,2025-02-25 14:55:39.282305,13.59507
channel-208,1490757,30331632,30331645,13,2025-02-25 14:56:26.117563,2025-02-25 14:56:41.880782,15.763219
channel-208,1490758,30331734,30331747,13,2025-02-25 14:58:44.358583,2025-02-25 14:59:00.439223,16.08064
channel-208,1490759,30331772,30331785,13,2025-02-25 14:59:32.668929,2025-02-25 14:59:48.014032,15.345103
channel-208,1490760,30331782,30331794,12,2025-02-25 14:59:44.533161,2025-02-25 14:59:59.194323,14.661162
channel-208,1490761,30331812,30331820,8,2025-02-25 15:00:22.745984,2025-02-25 15:00:34.710752,11.964768
channel-208,1490762,30331830,30331843,13,2025-02-25 15:00:47.177722,2025-02-25 15:01:03.713872,16.53615
channel-208,1490763,30331838,30331847,9,2025-02-25 15:00:57.390960,2025-02-25 15:01:08.942414,11.551454
channel-208,1490764,30331845,30331857,12,2025-02-25 15:01:06.680352,2025-02-25 15:01:21.717902,15.03755
channel-208,1490765,30331850,30331862,12,2025-02-25 15:01:13.485134,2025-02-25 15:01:27.468293,13.983159
channel-208,1490766,30331973,30331986,13,2025-02-25 15:03:53.373296,2025-02-25 15:04:08.349828,14.976532
channel-208,1490767,30331986,30331997,11,2025-02-25 15:04:08.349828,2025-02-25 15:04:27.194156,18.844328
channel-208,1490768,30331988,30331997,9,2025-02-25 15:04:14.791854,2025-02-25 15:04:27.194156,12.402302
channel-208,1490769,30332009,30332019,10,2025-02-25 15:04:43.635819,2025-02-25 15:04:55.984262,12.348443
channel-208,1490770,30332057,30332069,12,2025-02-25 15:05:44.306563,2025-02-25 15:05:59.867072,15.560509
channel-208,1490771,30332090,30332101,11,2025-02-25 15:06:30.257070,2025-02-25 15:06:47.114784,16.857714
channel-208,1490772,30332091,30332101,10,2025-02-25 15:06:31.502347,2025-02-25 15:06:47.114784,15.612437
channel-208,1490773,30332130,30332142,12,2025-02-25 15:07:24.798481,2025-02-25 15:07:40.191910,15.393429
channel-208,1490774,30332132,30332142,10,2025-02-25 15:07:27.448537,2025-02-25 15:07:40.191910,12.743373
channel-208,1490775,30332203,30332215,12,2025-02-25 15:08:58.414044,2025-02-25 15:09:13.185729,14.771685
channel-208,1490776,30332244,30332253,9,2025-02-25 15:09:49.111241,2025-02-25 15:10:04.893833,15.782592
channel-208,1490777,30332266,30332278,12,2025-02-25 15:10:22.138971,2025-02-25 15:10:38.073311,15.93434
channel-208,1490778,30332326,30332336,10,2025-02-25 15:11:41.145500,2025-02-25 15:11:54.071431,12.925931
channel-208,1490779,30332352,30332362,10,2025-02-25 15:12:14.439127,2025-02-25 15:12:28.484404,14.045277
channel-208,1490780,30332376,30332385,9,2025-02-25 15:12:46.534646,2025-02-25 15:12:58.710991,12.176345
channel-208,1490781,30332407,30332416,9,2025-02-25 15:13:25.991504,2025-02-25 15:13:40.422351,14.430847
channel-208,1490782,30332436,30332448,12,2025-02-25 15:14:04.842311,2025-02-25 15:14:19.979356,15.137045
channel-208,1490783,30332457,30332468,11,2025-02-25 15:14:34.435395,2025-02-25 15:14:49.653414,15.218019
channel-208,1490784,30332515,30332525,10,2025-02-25 15:15:51.797646,2025-02-25 15:16:07.052872,15.255226
channel-208,1490785,30332524,30332535,11,2025-02-25 15:16:05.837740,2025-02-25 15:16:18.987345,13.149605
channel-208,1490786,30332620,30332629,9,2025-02-25 15:18:11.834844,2025-02-25 15:18:22.810639,10.975795
channel-208,1490787,30332633,30332643,10,2025-02-25 15:18:28.019391,2025-02-25 15:18:39.648430,11.629039
channel-208,1490788,30332656,30332667,11,2025-02-25 15:18:58.346923,2025-02-25 15:19:11.567551,13.220628
channel-208,1490789,30332678,30332690,12,2025-02-25 15:19:24.393778,2025-02-25 15:19:40.690899,16.297121
channel-208,1490790,30332777,30332789,12,2025-02-25 15:21:40.172522,2025-02-25 15:21:53.976191,13.803669
channel-208,1490791,30332790,30332802,12,2025-02-25 15:21:56.271757,2025-02-25 15:22:11.605445,15.333688
channel-208,1490792,30332805,30332815,10,2025-02-25 15:22:15.189844,2025-02-25 15:22:28.050996,12.861152
channel-208,1490793,30333110,30333120,10,2025-02-25 15:28:53.785252,2025-02-25 15:29:07.774722,13.98947
channel-208,1490794,30333247,30333258,11,2025-02-25 15:31:58.975583,2025-02-25 15:32:12.662513,13.68693
channel-208,1490795,30333258,30333268,10,2025-02-25 15:32:12.662513,2025-02-25 15:32:25.213038,12.550525
channel-208,1490796,30333279,30333290,11,2025-02-25 15:32:39.088984,2025-02-25 15:32:51.941564,12.85258
channel-208,1490797,30333324,30333335,11,2025-02-25 15:33:37.266856,2025-02-25 15:33:51.550197,14.283341
channel-208,1490798,30333329,30333339,10,2025-02-25 15:33:43.670499,2025-02-25 15:33:56.398548,12.728049
channel-208,1490799,30333448,30333456,8,2025-02-25 15:36:22.783444,2025-02-25 15:36:33.999645,11.216201
channel-208,1490800,30333450,30333461,11,2025-02-25 15:36:25.831703,2025-02-25 15:36:40.715384,14.883681
channel-208,1490801,30333546,30333552,6,2025-02-25 15:38:35.810976,2025-02-25 15:38:48.564051,12.753075
channel-208,1490802,30333678,30333686,8,2025-02-25 15:41:33.462421,2025-02-25 15:41:43.130127,9.667706
channel-208,1490803,30333686,30333692,6,2025-02-25 15:41:43.130127,2025-02-25 15:41:54.150310,11.020183
channel-208,1490804,30333738,30333751,13,2025-02-25 15:42:54.831167,2025-02-25 15:43:09.939247,15.10808
channel-208,1490805,30333837,30333849,12,2025-02-25 15:45:05.918066,2025-02-25 15:45:20.885781,14.967715
channel-208,1490806,30333879,30333891,12,2025-02-25 15:46:07.115367,2025-02-25 15:46:23.318904,16.203537
channel-208,1490807,30333950,30333959,9,2025-02-25 15:47:38.883880,2025-02-25 15:47:51.014327,12.130447
channel-208,1490808,30333959,30333966,7,2025-02-25 15:47:51.014327,2025-02-25 15:48:02.333786,11.319459
channel-208,1490809,30334018,30334030,12,2025-02-25 15:49:12.437889,2025-02-25 15:49:29.203103,16.765214
channel-208,1490810,30334042,30334053,11,2025-02-25 15:49:43.230756,2025-02-25 15:49:58.830356,15.5996
channel-208,1490811,30334142,30334150,8,2025-02-25 15:51:51.198866,2025-02-25 15:52:02.262503,11.063637
channel-208,1490812,30334145,30334153,8,2025-02-25 15:51:54.586830,2025-02-25 15:52:05.918080,11.33125
channel-208,1490813,30334158,30334171,13,2025-02-25 15:52:11.860390,2025-02-25 15:52:30.373401,18.513011
channel-208,1490814,30334185,30334195,10,2025-02-25 15:52:51.076988,2025-02-25 15:53:05.217795,14.140807
channel-208,1490815,30334195,30334206,11,2025-02-25 15:53:05.217795,2025-02-25 15:53:22.927985,17.71019
channel-208,1490816,30334195,30334206,11,2025-02-25 15:53:05.217795,2025-02-25 15:53:22.927985,17.71019
channel-208,1490817,30334206,30334215,9,2025-02-25 15:53:22.927985,2025-02-25 15:53:34.001602,11.073617
channel-208,1490818,30334208,30334220,12,2025-02-25 15:53:25.484961,2025-02-25 15:53:40.308517,14.823556
channel-208,1490819,30334226,30334235,9,2025-02-25 15:53:50.741620,2025-02-25 15:54:02.348873,11.607253
channel-208,1490820,30334242,30334252,10,2025-02-25 15:54:13.226790,2025-02-25 15:54:25.406350,12.17956
channel-208,1490821,30334291,30334303,12,2025-02-25 15:55:16.334345,2025-02-25 15:55:30.172717,13.838372
channel-208,1490822,30334365,30334373,8,2025-02-25 15:56:55.463280,2025-02-25 15:57:05.946634,10.483354
channel-208,1490823,30334496,30334508,12,2025-02-25 15:59:48.588130,2025-02-25 16:00:04.111220,15.52309
channel-208,1490824,30334537,30334545,8,2025-02-25 16:00:44.960090,2025-02-25 16:00:56.179178,11.219088
channel-208,1490825,30334573,30334581,8,2025-02-25 16:01:31.360795,2025-02-25 16:01:43.129966,11.769171
channel-208,1490826,30334573,30334581,8,2025-02-25 16:01:31.360795,2025-02-25 16:01:43.129966,11.769171
channel-208,1490827,30334615,30334624,9,2025-02-25 16:02:29.644994,2025-02-25 16:02:40.899065,11.254071
channel-208,1490828,30334617,30334628,11,2025-02-25 16:02:32.312721,2025-02-25 16:02:47.612052,15.299331
channel-208,1490829,30334638,30334652,14,2025-02-25 16:03:00.045163,2025-02-25 16:03:17.855428,17.810265
channel-208,1490830,30334646,30334656,10,2025-02-25 16:03:10.983281,2025-02-25 16:03:22.827496,11.844215
channel-208,1490831,30334671,30334683,12,2025-02-25 16:03:40.321089,2025-02-25 16:03:57.824215,17.503126
channel-208,1490832,30334673,30334683,10,2025-02-25 16:03:44.408745,2025-02-25 16:03:57.824215,13.41547
channel-208,1490833,30334678,30334685,7,2025-02-25 16:03:52.217249,2025-02-25 16:04:00.136509,7.91926
channel-208,1490834,30334843,30334850,7,2025-02-25 16:07:29.510818,2025-02-25 16:07:39.995487,10.484669
channel-208,1490835,30334967,30334977,10,2025-02-25 16:10:12.871794,2025-02-25 16:10:26.226918,13.355124
channel-208,1490836,30335035,30335046,11,2025-02-25 16:11:47.319357,2025-02-25 16:12:00.691790,13.372433
channel-208,1490837,30335083,30335095,12,2025-02-25 16:12:48.149791,2025-02-25 16:13:03.487988,15.338197
channel-208,1490838,30335119,30335129,10,2025-02-25 16:13:36.637230,2025-02-25 16:13:49.309613,12.672383
channel-208,1490839,30335121,30335134,13,2025-02-25 16:13:38.999694,2025-02-25 16:13:55.067840,16.068146
channel-208,1490840,30335127,30335138,11,2025-02-25 16:13:46.009981,2025-02-25 16:13:59.957892,13.947911
channel-208,1490841,30335180,30335187,7,2025-02-25 16:14:53.330295,2025-02-25 16:15:05.161775,11.83148
channel-208,1490842,30335229,30335238,9,2025-02-25 16:16:02.724583,2025-02-25 16:16:14.268903,11.54432
channel-208,1490843,30335370,30335380,10,2025-02-25 16:19:06.455967,2025-02-25 16:19:19.597875,13.141908
channel-208,1490844,30335388,30335399,11,2025-02-25 16:19:29.970716,2025-02-25 16:19:43.904140,13.933424
channel-208,1490845,30335537,30335545,8,2025-02-25 16:22:45.645367,2025-02-25 16:22:56.739106,11.093739
channel-208,1490846,30335557,30335569,12,2025-02-25 16:23:11.667207,2025-02-25 16:23:26.713569,15.046362
channel-208,1490847,30335568,30335576,8,2025-02-25 16:23:25.419689,2025-02-25 16:23:37.379477,11.959788
channel-208,1490848,30335597,30335608,11,2025-02-25 16:24:03.231860,2025-02-25 16:24:17.429746,14.197886
channel-208,1490849,30335622,30335630,8,2025-02-25 16:24:38.221166,2025-02-25 16:24:52.023557,13.802391
channel-208,1490850,30335710,30335719,9,2025-02-25 16:26:37.867134,2025-02-25 16:26:48.523868,10.656734
channel-208,1490851,30335825,30335840,15,2025-02-25 16:29:03.293027,2025-02-25 16:29:26.454998,23.161971
channel-208,1490852,30335870,30335880,10,2025-02-25 16:30:05.621949,2025-02-25 16:30:18.189162,12.567213
channel-208,1490853,30335954,30335965,11,2025-02-25 16:31:54.710924,2025-02-25 16:32:08.312184,13.60126
channel-208,1490854,30335954,30335965,11,2025-02-25 16:31:54.710924,2025-02-25 16:32:08.312184,13.60126
channel-208,1490855,30336018,30336029,11,2025-02-25 16:33:20.776342,2025-02-25 16:33:35.784663,15.008321
channel-208,1490856,30336125,30336137,12,2025-02-25 16:35:38.763046,2025-02-25 16:35:54.127462,15.364416
channel-208,1490857,30336137,30336146,9,2025-02-25 16:35:54.127462,2025-02-25 16:36:06.267714,12.140252
channel-208,1490858,30336159,30336168,9,2025-02-25 16:36:23.057818,2025-02-25 16:36:33.929386,10.871568
channel-208,1490859,30336161,30336174,13,2025-02-25 16:36:25.432235,2025-02-25 16:36:41.920425,16.48819
channel-208,1490860,30336208,30336221,13,2025-02-25 16:37:29.904176,2025-02-25 16:37:44.655005,14.750829
channel-208,1490861,30336219,30336231,12,2025-02-25 16:37:42.307415,2025-02-25 16:37:57.594063,15.286648
channel-208,1490862,30336251,30336260,9,2025-02-25 16:38:23.753006,2025-02-25 16:38:38.034348,14.281342
channel-208,1490863,30336346,30336356,10,2025-02-25 16:40:37.226671,2025-02-25 16:40:50.137214,12.910543
channel-208,1490864,30336374,30336384,10,2025-02-25 16:41:12.518434,2025-02-25 16:41:24.370791,11.852357
channel-208,1490865,30336392,30336403,11,2025-02-25 16:41:35.045269,2025-02-25 16:41:48.245092,13.199823
channel-208,1490866,30336401,30336411,10,2025-02-25 16:41:45.898269,2025-02-25 16:41:59.177085,13.278816
channel-208,1490867,30336429,30336439,10,2025-02-25 16:42:22.771022,2025-02-25 16:42:35.440918,12.669896
channel-208,1490868,30336433,30336443,10,2025-02-25 16:42:27.503825,2025-02-25 16:42:40.924464,13.420639
channel-208,1490869,30336435,30336448,13,2025-02-25 16:42:31.085528,2025-02-25 16:42:46.722169,15.636641
channel-208,1490870,30336448,30336457,9,2025-02-25 16:42:46.722169,2025-02-25 16:42:57.993313,11.271144
channel-208,1490871,30336459,30336468,9,2025-02-25 16:43:03.628097,2025-02-25 16:43:15.587800,11.959703
channel-208,1490872,30336484,30336495,11,2025-02-25 16:43:35.574588,2025-02-25 16:43:50.699724,15.125136
channel-208,1490873,30336487,30336495,8,2025-02-25 16:43:38.930973,2025-02-25 16:43:50.699724,11.768751
channel-208,1490874,30336492,30336503,11,2025-02-25 16:43:46.644501,2025-02-25 16:44:02.755847,16.111346
channel-208,1490875,30336493,30336503,10,2025-02-25 16:43:47.882201,2025-02-25 16:44:02.755847,14.873646
channel-208,1490876,30336497,30336508,11,2025-02-25 16:43:53.112005,2025-02-25 16:44:08.722569,15.610564
channel-208,1490877,30336512,30336520,8,2025-02-25 16:44:13.518653,2025-02-25 16:44:25.221464,11.702811
channel-208,1490878,30336548,30336560,12,2025-02-25 16:45:04.562604,2025-02-25 16:45:18.774497,14.211893
channel-208,1490879,30336568,30336578,10,2025-02-25 16:45:29.187044,2025-02-25 16:45:42.896230,13.709186
channel-208,1490880,30336586,30336595,9,2025-02-25 16:45:53.053820,2025-02-25 16:46:05.727849,12.674029
channel-208,1490881,30336596,30336605,9,2025-02-25 16:46:06.855750,2025-02-25 16:46:17.540826,10.685076
channel-208,1490882,30336614,30336624,10,2025-02-25 16:46:29.061956,2025-02-25 16:46:40.705011,11.643055
channel-208,1490883,30336683,30336690,7,2025-02-25 16:48:02.399119,2025-02-25 16:48:13.914406,11.515287
channel-208,1490884,30336715,30336724,9,2025-02-25 16:48:45.757595,2025-02-25 16:48:58.530571,12.772976
channel-208,1490885,30336721,30336734,13,2025-02-25 16:48:53.971331,2025-02-25 16:49:10.722958,16.751627
channel-208,1490886,30336748,30336757,9,2025-02-25 16:49:28.143310,2025-02-25 16:49:39.348925,11.205615
channel-208,1490887,30336848,30336861,13,2025-02-25 16:51:44.642442,2025-02-25 16:52:01.718580,17.076138
channel-208,1490888,30336880,30336891,11,2025-02-25 16:52:26.962783,2025-02-25 16:52:39.905947,12.943164
channel-208,1490889,30336929,30336938,9,2025-02-25 16:53:27.187958,2025-02-25 16:53:39.870509,12.682551
channel-208,1490890,30336972,30336983,11,2025-02-25 16:54:24.270191,2025-02-25 16:54:38.447126,14.176935
channel-208,1490891,30337073,30337083,10,2025-02-25 16:56:36.914377,2025-02-25 16:56:49.509654,12.595277
channel-208,1490892,30337248,30337261,13,2025-02-25 17:00:35.480646,2025-02-25 17:00:51.067662,15.587016
channel-208,1490893,30337385,30337395,10,2025-02-25 17:03:34.625316,2025-02-25 17:03:49.269084,14.643768
channel-208,1490894,30337420,30337429,9,2025-02-25 17:04:19.552771,2025-02-25 17:04:30.022515,10.469744
channel-208,1490895,30337456,30337468,12,2025-02-25 17:05:06.667988,2025-02-25 17:05:21.953378,15.28539
channel-208,1490896,30337477,30337487,10,2025-02-25 17:05:32.275489,2025-02-25 17:05:46.938124,14.662635
channel-208,1490897,30337537,30337545,8,2025-02-25 17:06:57.272009,2025-02-25 17:07:08.483848,11.211839
channel-208,1490898,30337544,30337554,10,2025-02-25 17:07:07.439528,2025-02-25 17:07:20.508231,13.068703
channel-208,1490899,30337601,30337609,8,2025-02-25 17:08:18.387366,2025-02-25 17:08:28.442130,10.054764
channel-208,1490900,30337648,30337659,11,2025-02-25 17:09:17.918448,2025-02-25 17:09:31.395435,13.476987
channel-208,1490901,30337767,30337780,13,2025-02-25 17:11:58.335475,2025-02-25 17:12:15.947307,17.611832
channel-208,1490902,30337836,30337847,11,2025-02-25 17:13:28.178920,2025-02-25 17:13:43.887886,15.708966
channel-208,1490903,30337979,30337986,7,2025-02-25 17:17:16.661061,2025-02-25 17:17:28.371824,11.710763
channel-208,1490904,30338028,30338039,11,2025-02-25 17:18:26.243296,2025-02-25 17:18:40.262960,14.019664
channel-208,1490905,30338089,30338102,13,2025-02-25 17:19:45.816592,2025-02-25 17:20:01.711898,15.895306
channel-208,1490906,30338191,30338201,10,2025-02-25 17:22:02.404532,2025-02-25 17:22:14.918593,12.514061
channel-208,1490907,30338243,30338252,9,2025-02-25 17:23:12.860384,2025-02-25 17:23:24.130291,11.269907
channel-208,1490908,30338379,30338391,12,2025-02-25 17:26:14.903824,2025-02-25 17:26:30.144548,15.240724
channel-208,1490909,30338441,30338451,10,2025-02-25 17:27:33.995164,2025-02-25 17:27:45.506359,11.511195
channel-208,1490910,30338549,30338561,12,2025-02-25 17:30:06.388734,2025-02-25 17:30:20.444765,14.056031
channel-208,1490911,30338556,30338566,10,2025-02-25 17:30:14.821066,2025-02-25 17:30:26.171064,11.349998
channel-208,1490912,30338575,30338582,7,2025-02-25 17:30:38.562758,2025-02-25 17:30:51.345496,12.782738
channel-208,1490913,30338650,30338657,7,2025-02-25 17:32:18.071107,2025-02-25 17:32:29.295786,11.224679
channel-208,1490914,30338693,30338703,10,2025-02-25 17:33:18.960229,2025-02-25 17:33:32.084230,13.124001
channel-208,1490915,30338800,30338810,10,2025-02-25 17:35:40.126817,2025-02-25 17:35:52.954217,12.8274
channel-208,1490916,30338839,30338845,6,2025-02-25 17:36:32.610307,2025-02-25 17:36:44.533429,11.923122
channel-208,1490917,30338840,30338850,10,2025-02-25 17:36:33.804838,2025-02-25 17:36:51.025251,17.220413
channel-208,1490918,30338913,30338924,11,2025-02-25 17:38:09.967558,2025-02-25 17:38:23.261809,13.294251
channel-208,1490919,30339107,30339120,13,2025-02-25 17:42:29.916021,2025-02-25 17:42:45.326970,15.410949
channel-208,1490920,30339235,30339246,11,2025-02-25 17:45:20.379336,2025-02-25 17:45:33.956041,13.576705
channel-208,1490921,30339286,30339298,12,2025-02-25 17:46:29.196006,2025-02-25 17:46:44.354011,15.158005
channel-208,1490922,30339332,30339341,9,2025-02-25 17:47:28.427278,2025-02-25 17:47:43.981564,15.554286
channel-208,1490923,30339399,30339412,13,2025-02-25 17:48:59.688697,2025-02-25 17:49:16.558566,16.869869
channel-208,1490924,30339405,30339417,12,2025-02-25 17:49:07.593249,2025-02-25 17:49:22.287576,14.694327
channel-208,1490925,30339475,30339484,9,2025-02-25 17:50:40.014255,2025-02-25 17:50:51.000573,10.986318
channel-208,1490926,30339475,30339484,9,2025-02-25 17:50:40.014255,2025-02-25 17:50:51.000573,10.986318
channel-208,1490927,30339518,30339527,9,2025-02-25 17:51:37.330376,2025-02-25 17:51:48.910093,11.579717
channel-208,1490928,30339546,30339559,13,2025-02-25 17:52:14.388969,2025-02-25 17:52:29.957226,15.568257
channel-208,1490929,30339559,30339568,9,2025-02-25 17:52:29.957226,2025-02-25 17:52:42.510308,12.553082
channel-208,1490930,30339594,30339602,8,2025-02-25 17:53:17.524208,2025-02-25 17:53:28.291779,10.767571
channel-208,1490931,30339697,30339708,11,2025-02-25 17:55:30.648340,2025-02-25 17:55:45.882029,15.233689
channel-208,1490932,30339737,30339748,11,2025-02-25 17:56:27.161303,2025-02-25 17:56:40.934532,13.773229
channel-208,1490933,30339740,30339748,8,2025-02-25 17:56:30.640226,2025-02-25 17:56:40.934532,10.294306
channel-208,1490934,30339789,30339798,9,2025-02-25 17:57:33.401661,2025-02-25 17:57:49.342258,15.940597
channel-208,1490935,30339827,30339837,10,2025-02-25 17:58:25.461558,2025-02-25 17:58:40.256816,14.795258
channel-208,1490936,30339870,30339880,10,2025-02-25 17:59:22.280468,2025-02-25 17:59:33.977404,11.696936
channel-208,1490937,30339912,30339926,14,2025-02-25 18:00:16.224062,2025-02-25 18:00:33.243153,17.019091
channel-208,1490938,30339990,30339999,9,2025-02-25 18:01:58.649893,2025-02-25 18:02:12.927621,14.277728
channel-208,1490939,30340003,30340015,12,2025-02-25 18:02:18.709030,2025-02-25 18:02:35.803724,17.094694
channel-208,1490940,30340048,30340056,8,2025-02-25 18:03:15.992757,2025-02-25 18:03:27.831055,11.838298
channel-208,1490941,30340190,30340200,10,2025-02-25 18:06:24.827923,2025-02-25 18:06:37.568711,12.740788
channel-208,1490942,30340247,30340256,9,2025-02-25 18:07:40.668705,2025-02-25 18:07:52.755185,12.08648
channel-208,1490943,30340383,30340393,10,2025-02-25 18:10:34.401010,2025-02-25 18:10:47.898716,13.497706
channel-208,1490944,30340423,30340434,11,2025-02-25 18:11:31.189930,2025-02-25 18:11:43.876681,12.686751
channel-208,1490945,30340513,30340523,10,2025-02-25 18:13:28.810050,2025-02-25 18:13:42.000786,13.190736
channel-208,1490946,30340525,30340537,12,2025-02-25 18:13:44.349949,2025-02-25 18:13:59.168170,14.818221
channel-208,1490947,30340561,30340570,9,2025-02-25 18:14:29.791317,2025-02-25 18:14:40.014872,10.223555
channel-208,1490948,30340617,30340626,9,2025-02-25 18:15:41.835006,2025-02-25 18:15:56.126919,14.291913
channel-208,1490949,30340638,30340649,11,2025-02-25 18:16:11.195770,2025-02-25 18:16:24.581765,13.385995
channel-208,1490950,30340795,30340808,13,2025-02-25 18:19:35.567794,2025-02-25 18:19:50.746076,15.178282
channel-208,1490951,30340829,30340835,6,2025-02-25 18:20:20.980221,2025-02-25 18:20:32.877477,11.897256
channel-208,1490952,30340918,30340925,7,2025-02-25 18:22:17.828920,2025-02-25 18:22:28.901493,11.072573
channel-208,1490953,30341000,30341012,12,2025-02-25 18:24:08.799890,2025-02-25 18:24:24.999807,16.199917
channel-208,1490954,30341222,30341232,10,2025-02-25 18:28:59.944705,2025-02-25 18:29:11.299730,11.355025
channel-208,1490955,30341255,30341267,12,2025-02-25 18:29:42.602919,2025-02-25 18:29:58.958129,16.35521
channel-208,1490956,30341257,30341267,10,2025-02-25 18:29:44.868541,2025-02-25 18:29:58.958129,14.089588
channel-208,1490957,30341611,30341623,12,2025-02-25 18:37:31.216405,2025-02-25 18:37:46.243930,15.027525
channel-208,1490958,30341637,30341646,9,2025-02-25 18:38:04.476418,2025-02-25 18:38:16.676280,12.199862
channel-208,1490959,30341693,30341700,7,2025-02-25 18:39:21.650496,2025-02-25 18:39:32.503141,10.852645
channel-208,1490960,30341871,30341881,10,2025-02-25 18:43:19.313772,2025-02-25 18:43:32.707218,13.393446
channel-208,1490961,30341981,30341993,12,2025-02-25 18:45:39.265396,2025-02-25 18:45:54.899036,15.63364
channel-208,1490962,30342180,30342192,12,2025-02-25 18:49:54.288659,2025-02-25 18:50:09.094689,14.80603
channel-208,1490963,30342305,30342314,9,2025-02-25 18:52:34.780188,2025-02-25 18:52:47.012753,12.232565
channel-208,1490964,30342386,30342395,9,2025-02-25 18:54:16.377615,2025-02-25 18:54:29.138455,12.76084
channel-208,1490965,30342403,30342412,9,2025-02-25 18:54:39.827005,2025-02-25 18:54:51.922057,12.095052
channel-208,1490966,30342482,30342492,10,2025-02-25 18:56:22.063401,2025-02-25 18:56:37.021116,14.957715
channel-208,1490967,30342483,30342496,13,2025-02-25 18:56:26.514899,2025-02-25 18:56:41.805205,15.290306
channel-208,1490968,30342540,30342553,13,2025-02-25 18:57:37.801819,2025-02-25 18:57:54.605688,16.803869
channel-208,1490969,30342681,30342691,10,2025-02-25 19:00:42.553106,2025-02-25 19:00:55.610902,13.057796
channel-208,1490970,30342868,30342880,12,2025-02-25 19:04:50.902976,2025-02-25 19:05:04.305341,13.402365
channel-208,1490971,30342893,30342902,9,2025-02-25 19:05:20.258912,2025-02-25 19:05:31.635181,11.376269
channel-208,1490972,30342894,30342902,8,2025-02-25 19:05:21.372964,2025-02-25 19:05:31.635181,10.262217
channel-208,1490973,30342914,30342928,14,2025-02-25 19:05:52.435450,2025-02-25 19:06:09.107490,16.67204
channel-208,1490974,30343225,30343238,13,2025-02-25 19:12:38.452847,2025-02-25 19:12:53.075100,14.622253
channel-208,1490975,30343288,30343297,9,2025-02-25 19:13:58.861072,2025-02-25 19:14:10.652116,11.791044
channel-208,1490976,30343322,30343332,10,2025-02-25 19:14:43.446778,2025-02-25 19:14:56.009473,12.562695
channel-208,1490977,30343359,30343370,11,2025-02-25 19:15:34.523446,2025-02-25 19:15:47.133037,12.609591
channel-208,1490978,30343370,30343378,8,2025-02-25 19:15:47.133037,2025-02-25 19:15:58.656377,11.52334
channel-208,1490979,30343396,30343404,8,2025-02-25 19:16:22.517358,2025-02-25 19:16:33.712050,11.194692
channel-208,1490980,30343421,30343431,10,2025-02-25 19:16:53.555943,2025-02-25 19:17:07.834283,14.27834
channel-208,1490981,30343431,30343441,10,2025-02-25 19:17:07.834283,2025-02-25 19:17:21.006835,13.172552
channel-208,1490982,30343431,30343441,10,2025-02-25 19:17:07.834283,2025-02-25 19:17:21.006835,13.172552
channel-208,1490983,30343460,30343469,9,2025-02-25 19:17:44.373143,2025-02-25 19:17:55.544663,11.17152
channel-208,1490984,30343465,30343474,9,2025-02-25 19:17:49.915864,2025-02-25 19:18:01.490464,11.5746
channel-208,1490985,30343508,30343518,10,2025-02-25 19:18:45.912506,2025-02-25 19:19:00.539025,14.626519
channel-208,1490986,30343514,30343523,9,2025-02-25 19:18:53.900814,2025-02-25 19:19:06.305223,12.404409
channel-208,1490987,30343528,30343539,11,2025-02-25 19:19:16.188466,2025-02-25 19:19:30.229520,14.041054
channel-208,1490988,30343575,30343587,12,2025-02-25 19:20:11.684708,2025-02-25 19:20:27.547532,15.862824
channel-208,1490989,30343688,30343700,12,2025-02-25 19:22:38.253621,2025-02-25 19:22:57.366747,19.113126
channel-208,1490990,30343709,30343718,9,2025-02-25 19:23:07.672550,2025-02-25 19:23:20.623978,12.951428
channel-208,1490991,30343917,30343930,13,2025-02-25 19:27:38.621958,2025-02-25 19:27:53.198722,14.576764
channel-208,1490992,30343986,30344000,14,2025-02-25 19:29:08.803115,2025-02-25 19:29:24.777733,15.974618
channel-208,1490993,30344003,30344014,11,2025-02-25 19:29:28.178926,2025-02-25 19:29:42.905199,14.726273
channel-208,1490994,30344192,30344202,10,2025-02-25 19:33:33.508753,2025-02-25 19:33:46.108980,12.600227
channel-208,1490995,30344199,30344207,8,2025-02-25 19:33:42.389534,2025-02-25 19:33:53.794442,11.404908
channel-208,1490996,30344231,30344240,9,2025-02-25 19:34:22.091282,2025-02-25 19:34:34.235305,12.144023
channel-208,1490997,30344249,30344261,12,2025-02-25 19:34:47.635509,2025-02-25 19:35:02.647580,15.012071
channel-208,1490998,30344281,30344290,9,2025-02-25 19:35:26.843123,2025-02-25 19:35:39.642100,12.798977
channel-208,1490999,30344362,30344375,13,2025-02-25 19:37:11.057659,2025-02-25 19:37:27.633020,16.575361
channel-208,1491000,30344497,30344506,9,2025-02-25 19:40:06.806519,2025-02-25 19:40:17.917152,11.110633
channel-208,1491001,30344524,30344536,12,2025-02-25 19:40:38.458093,2025-02-25 19:40:53.342972,14.884879
channel-208,1491002,30344600,30344614,14,2025-02-25 19:42:22.536218,2025-02-25 19:42:38.703401,16.167183
channel-208,1491003,30344621,30344633,12,2025-02-25 19:42:46.536476,2025-02-25 19:43:01.383208,14.846732
channel-208,1491004,30344642,30344654,12,2025-02-25 19:43:15.050121,2025-02-25 19:43:30.133301,15.08318
channel-208,1491005,30344653,30344664,11,2025-02-25 19:43:29.022964,2025-02-25 19:43:42.007935,12.984971
channel-208,1491006,30344729,30344741,12,2025-02-25 19:45:04.525120,2025-02-25 19:45:19.770972,15.245852
channel-208,1491007,30344738,30344751,13,2025-02-25 19:45:16.142006,2025-02-25 19:45:31.700813,15.558807
channel-208,1491008,30344761,30344772,11,2025-02-25 19:45:46.525070,2025-02-25 19:46:00.695439,14.170369
channel-208,1491009,30344837,30344850,13,2025-02-25 19:47:24.760654,2025-02-25 19:47:40.874846,16.114192
channel-208,1491010,30344860,30344869,9,2025-02-25 19:47:53.899446,2025-02-25 19:48:04.332951,10.433505
channel-208,1491011,30344862,30344874,12,2025-02-25 19:47:56.083032,2025-02-25 19:48:10.112083,14.029051
channel-208,1491012,30344968,30344979,11,2025-02-25 19:50:11.010683,2025-02-25 19:50:28.782368,17.771685
channel-208,1491013,30345202,30345213,11,2025-02-25 19:55:24.028648,2025-02-25 19:55:38.825572,14.796924
channel-208,1491014,30345255,30345267,12,2025-02-25 19:56:33.738545,2025-02-25 19:56:48.979888,15.241343
channel-208,1491015,30345267,30345277,10,2025-02-25 19:56:48.979888,2025-02-25 19:57:00.515282,11.535394
channel-208,1491016,30345317,30345324,7,2025-02-25 19:57:51.185224,2025-02-25 19:58:02.538944,11.35372
channel-208,1491017,30345323,30345334,11,2025-02-25 19:57:59.872839,2025-02-25 19:58:15.171135,15.298296
channel-208,1491018,30345371,30345383,12,2025-02-25 19:59:02.864877,2025-02-25 19:59:18.110647,15.24577
channel-208,1491019,30345400,30345413,13,2025-02-25 19:59:43.470480,2025-02-25 20:00:00.173401,16.702921
channel-208,1491020,30345433,30345445,12,2025-02-25 20:00:31.292812,2025-02-25 20:00:46.297988,15.005176
channel-208,1491021,30345472,30345483,11,2025-02-25 20:01:19.559306,2025-02-25 20:01:33.329151,13.769845
channel-208,1491022,30345485,30345497,12,2025-02-25 20:01:35.695456,2025-02-25 20:01:51.446469,15.751013
channel-208,1491023,30345518,30345527,9,2025-02-25 20:02:18.978739,2025-02-25 20:02:31.618616,12.639877
channel-208,1491024,30345651,30345663,12,2025-02-25 20:05:14.823658,2025-02-25 20:05:31.407725,16.584067
channel-208,1491025,30345719,30345728,9,2025-02-25 20:06:41.521397,2025-02-25 20:06:51.977566,10.456169
channel-208,1491026,30345734,30345744,10,2025-02-25 20:06:58.860017,2025-02-25 20:07:11.248901,12.388884
channel-208,1491027,30345800,30345810,10,2025-02-25 20:08:24.646999,2025-02-25 20:08:39.193013,14.546014
channel-208,1491028,30345851,30345862,11,2025-02-25 20:09:33.580380,2025-02-25 20:09:46.902171,13.321791
channel-208,1491029,30345886,30345895,9,2025-02-25 20:10:17.452740,2025-02-25 20:10:28.303864,10.851124
channel-208,1491030,30346003,30346015,12,2025-02-25 20:12:47.171642,2025-02-25 20:13:04.648425,17.476783
channel-208,1491031,30346019,30346029,10,2025-02-25 20:13:09.063424,2025-02-25 20:13:23.311025,14.247601
channel-208,1491032,30346051,30346062,11,2025-02-25 20:13:50.783190,2025-02-25 20:14:04.455351,13.672161
channel-208,1491033,30346120,30346129,9,2025-02-25 20:15:20.981017,2025-02-25 20:15:32.420229,11.439212
channel-208,1491034,30346186,30346196,10,2025-02-25 20:16:44.487363,2025-02-25 20:16:59.734723,15.24736
channel-208,1491035,30346243,30346253,10,2025-02-25 20:18:00.823104,2025-02-25 20:18:13.470240,12.647136
channel-208,1491036,30346361,30346368,7,2025-02-25 20:20:40.543889,2025-02-25 20:20:51.313411,10.769522
channel-208,1491037,30346400,30346409,9,2025-02-25 20:21:30.895921,2025-02-25 20:21:43.929303,13.033382
channel-208,1491038,30346422,30346435,13,2025-02-25 20:22:03.549605,2025-02-25 20:22:18.821452,15.271847
channel-208,1491039,30346436,30346449,13,2025-02-25 20:22:20.091093,2025-02-25 20:22:35.955828,15.864735
channel-208,1491040,30346621,30346630,9,2025-02-25 20:26:27.218018,2025-02-25 20:26:39.586474,12.368456
channel-208,1491041,30346667,30346679,12,2025-02-25 20:27:28.886648,2025-02-25 20:27:43.539236,14.652588
channel-208,1491042,30346707,30346719,12,2025-02-25 20:28:19.344476,2025-02-25 20:28:35.153825,15.809349
channel-208,1491043,30346754,30346766,12,2025-02-25 20:29:20.191133,2025-02-25 20:29:34.269964,14.078831
channel-208,1491044,30346826,30346835,9,2025-02-25 20:30:52.331232,2025-02-25 20:31:03.264591,10.933359
channel-208,1491045,30346916,30346924,8,2025-02-25 20:32:52.084023,2025-02-25 20:33:01.421128,9.337105
channel-208,1491046,30346954,30346966,12,2025-02-25 20:33:39.745278,2025-02-25 20:33:56.341118,16.59584
channel-208,1491047,30347096,30347109,13,2025-02-25 20:36:46.686292,2025-02-25 20:37:02.194820,15.508528
channel-208,1491048,30347123,30347133,10,2025-02-25 20:37:18.321853,2025-02-25 20:37:30.343476,12.021623
channel-208,1491049,30347191,30347201,10,2025-02-25 20:38:46.814677,2025-02-25 20:38:58.902689,12.088012
channel-208,1491050,30347232,30347240,8,2025-02-25 20:39:39.087460,2025-02-25 20:39:50.254225,11.166765
channel-208,1491051,30347303,30347316,13,2025-02-25 20:41:13.823963,2025-02-25 20:41:30.384881,16.560918
channel-208,1491052,30347305,30347316,11,2025-02-25 20:41:15.914970,2025-02-25 20:41:30.384881,14.469911
channel-208,1491053,30347384,30347393,9,2025-02-25 20:42:57.302354,2025-02-25 20:43:08.143688,10.841334
channel-208,1491054,30347389,30347397,8,2025-02-25 20:43:03.089662,2025-02-25 20:43:13.619592,10.52993
channel-208,1491055,30347707,30347717,10,2025-02-25 20:49:55.469698,2025-02-25 20:50:07.666553,12.196855
channel-208,1491056,30347711,30347721,10,2025-02-25 20:50:00.899965,2025-02-25 20:50:13.311084,12.411119
channel-208,1491057,30347778,30347788,10,2025-02-25 20:51:23.409117,2025-02-25 20:51:35.704829,12.295712
channel-208,1491058,30348007,30348019,12,2025-02-25 20:56:19.856771,2025-02-25 20:56:35.230556,15.373785
channel-208,1491059,30348167,30348177,10,2025-02-25 20:59:44.990476,2025-02-25 20:59:57.923853,12.933377
channel-208,1491060,30348222,30348234,12,2025-02-25 21:00:55.150061,2025-02-25 21:01:08.723553,13.573492
channel-208,1491061,30348261,30348270,9,2025-02-25 21:01:44.396639,2025-02-25 21:01:55.920426,11.523787
channel-208,1491062,30348353,30348363,10,2025-02-25 21:03:45.907224,2025-02-25 21:03:58.387214,12.47999
channel-208,1491063,30348561,30348573,12,2025-02-25 21:08:17.481696,2025-02-25 21:08:31.033127,13.551431
channel-208,1491064,30348843,30348854,11,2025-02-25 21:14:24.212107,2025-02-25 21:14:37.281027,13.06892
channel-208,1491065,30348895,30348904,9,2025-02-25 21:15:32.566244,2025-02-25 21:15:44.050705,11.484461
channel-208,1491066,30349003,30349015,12,2025-02-25 21:17:51.005976,2025-02-25 21:18:04.687101,13.681125
channel-208,1491067,30349009,30349019,10,2025-02-25 21:17:57.836852,2025-02-25 21:18:11.564165,13.727313
channel-208,1491068,30349077,30349086,9,2025-02-25 21:19:26.193304,2025-02-25 21:19:37.735222,11.541918
channel-208,1491069,30349139,30349150,11,2025-02-25 21:20:46.955412,2025-02-25 21:21:00.309339,13.353927
channel-208,1491070,30350148,30350158,10,2025-02-25 21:42:23.523281,2025-02-25 21:42:36.313541,12.79026
channel-208,1491071,30350328,30350336,8,2025-02-25 21:46:12.314984,2025-02-25 21:46:22.738240,10.423256
channel-208,1491072,30350514,30350527,13,2025-02-25 21:50:15.622466,2025-02-25 21:50:31.235572,15.613106
channel-208,1491073,30350619,30350630,11,2025-02-25 21:52:30.691175,2025-02-25 21:52:43.581170,12.889995
channel-208,1491074,30350666,30350678,12,2025-02-25 21:53:27.293506,2025-02-25 21:53:43.410065,16.116559
channel-208,1491075,30350857,30350870,13,2025-02-25 21:57:35.122007,2025-02-25 21:57:51.648700,16.526693
channel-208,1491076,30350895,30350905,10,2025-02-25 21:58:22.785575,2025-02-25 21:58:37.383852,14.598277
channel-208,1491077,30351064,30351077,13,2025-02-25 22:02:01.526747,2025-02-25 22:02:16.878136,15.351389
channel-208,1491078,30351083,30351096,13,2025-02-25 22:02:24.560753,2025-02-25 22:02:41.133631,16.572878
channel-208,1491079,30351099,30351110,11,2025-02-25 22:02:44.418505,2025-02-25 22:02:58.689998,14.271493
channel-208,1491080,30351106,30351112,6,2025-02-25 22:02:53.075858,2025-02-25 22:03:04.285700,11.209842
channel-208,1491081,30351165,30351174,9,2025-02-25 22:04:09.606442,2025-02-25 22:04:23.509286,13.902844
channel-208,1491082,30351254,30351265,11,2025-02-25 22:06:06.788284,2025-02-25 22:06:20.386702,13.598418
channel-208,1491083,30351270,30351280,10,2025-02-25 22:06:27.560504,2025-02-25 22:06:39.352536,11.792032
channel-208,1491084,30351474,30351486,12,2025-02-25 22:10:54.107875,2025-02-25 22:11:09.336151,15.228276
channel-208,1491085,30351497,30351510,13,2025-02-25 22:11:22.612640,2025-02-25 22:11:38.414885,15.802245
channel-208,1491086,30351509,30351520,11,2025-02-25 22:11:37.313764,2025-02-25 22:11:50.836555,13.522791
channel-208,1491087,30351509,30351520,11,2025-02-25 22:11:37.313764,2025-02-25 22:11:50.836555,13.522791
channel-208,1491088,30351556,30351567,11,2025-02-25 22:12:38.203679,2025-02-25 22:12:54.041331,15.837652
channel-208,1491089,30351566,30351576,10,2025-02-25 22:12:52.906511,2025-02-25 22:13:05.727112,12.820601
channel-208,1491090,30351581,30351595,14,2025-02-25 22:13:11.709854,2025-02-25 22:13:29.429384,17.71953
channel-208,1491091,30351968,30351978,10,2025-02-25 22:21:32.626981,2025-02-25 22:21:47.836282,15.209301
channel-208,1491092,30352027,30352041,14,2025-02-25 22:22:52.719077,2025-02-25 22:23:08.539310,15.820233
channel-208,1491093,30352070,30352082,12,2025-02-25 22:23:44.677974,2025-02-25 22:24:00.160887,15.482913
channel-208,1491094,30352199,30352209,10,2025-02-25 22:26:29.210860,2025-02-25 22:26:41.892903,12.682043
channel-208,1491095,30352248,30352259,11,2025-02-25 22:27:32.855684,2025-02-25 22:27:46.013387,13.157703
channel-208,1491096,30352650,30352660,10,2025-02-25 22:36:08.958938,2025-02-25 22:36:20.730598,11.77166
channel-208,1491097,30352700,30352711,11,2025-02-25 22:37:10.695511,2025-02-25 22:37:25.465755,14.770244
channel-208,1491098,30352800,30352810,10,2025-02-25 22:39:18.849174,2025-02-25 22:39:32.214583,13.365409
channel-208,1491099,30352823,30352832,9,2025-02-25 22:39:48.086216,2025-02-25 22:40:00.645719,12.559503
channel-208,1491100,30352845,30352856,11,2025-02-25 22:40:21.894496,2025-02-25 22:40:35.623994,13.729498
channel-208,1491101,30352931,30352943,12,2025-02-25 22:42:09.882687,2025-02-25 22:42:25.179645,15.296958
channel-208,1491102,30353093,30353103,10,2025-02-25 22:45:34.979904,2025-02-25 22:45:48.330762,13.350858
channel-208,1491103,30353152,30353162,10,2025-02-25 22:46:49.315722,2025-02-25 22:47:02.899038,13.583316
channel-208,1491104,30353200,30353210,10,2025-02-25 22:47:51.835404,2025-02-25 22:48:06.970114,15.13471
channel-208,1491105,30353303,30353313,10,2025-02-25 22:50:06.108481,2025-02-25 22:50:21.938110,15.829629
channel-208,1491106,30353410,30353420,10,2025-02-25 22:52:24.323853,2025-02-25 22:52:35.910000,11.586147
channel-208,1491107,30353429,30353437,8,2025-02-25 22:52:47.272295,2025-02-25 22:52:58.953665,11.68137
channel-208,1491108,30353484,30353494,10,2025-02-25 22:53:59.254258,2025-02-25 22:54:13.852053,14.597795
channel-208,1491109,30353497,30353507,10,2025-02-25 22:54:17.230326,2025-02-25 22:54:30.741275,13.510949
channel-208,1491110,30353524,30353534,10,2025-02-25 22:54:52.251971,2025-02-25 22:55:05.990532,13.738561
channel-208,1491111,30353700,30353712,12,2025-02-25 22:58:37.843120,2025-02-25 22:58:55.016216,17.173096
channel-208,1491112,30353706,30353717,11,2025-02-25 22:58:47.188403,2025-02-25 22:59:00.551853,13.36345
channel-208,1491113,30354099,30354111,12,2025-02-25 23:07:07.829965,2025-02-25 23:07:21.948018,14.118053
channel-208,1491114,30354202,30354214,12,2025-02-25 23:09:21.719617,2025-02-25 23:09:35.470059,13.750442
channel-208,1491115,30354293,30354302,9,2025-02-25 23:11:20.145946,2025-02-25 23:11:31.473642,11.327696
channel-208,1491116,30354496,30354510,14,2025-02-25 23:15:41.536629,2025-02-25 23:15:58.458511,16.921882
channel-208,1491117,30354656,30354670,14,2025-02-25 23:19:04.956513,2025-02-25 23:19:21.738225,16.781712
channel-208,1491118,30354870,30354879,9,2025-02-25 23:23:38.341259,2025-02-25 23:23:49.299626,10.958367
channel-208,1491119,30355017,30355026,9,2025-02-25 23:26:51.277091,2025-02-25 23:27:01.858687,10.581596
channel-208,1491120,30355096,30355107,11,2025-02-25 23:28:34.277382,2025-02-25 23:28:47.909302,13.63192
channel-208,1491121,30355137,30355146,9,2025-02-25 23:29:29.868026,2025-02-25 23:29:41.207976,11.33995
channel-208,1491122,30355319,30355330,11,2025-02-25 23:33:23.785803,2025-02-25 23:33:38.825832,15.040029
channel-208,1491123,30355639,30355649,10,2025-02-25 23:40:10.922354,2025-02-25 23:40:24.957045,14.034691
channel-208,1491124,30355690,30355701,11,2025-02-25 23:41:19.326170,2025-02-25 23:41:33.701255,14.375085
channel-208,1491125,30356032,30356042,10,2025-02-25 23:48:40.386522,2025-02-25 23:48:52.790399,12.403877
channel-208,1491126,30356823,30356834,11,2025-02-26 00:05:41.905971,2025-02-26 00:05:55.232080,13.326109
channel-208,1491127,30357287,30357298,11,2025-02-26 00:15:36.107335,2025-02-26 00:15:49.026380,12.919045
channel-208,1491128,30357355,30357364,9,2025-02-26 00:17:02.985209,2025-02-26 00:17:13.878792,10.893583
channel-208,1491129,30357744,30357752,8,2025-02-26 00:25:26.103762,2025-02-26 00:25:36.263763,10.160001
channel-208,1491130,30357789,30357799,10,2025-02-26 00:26:25.970503,2025-02-26 00:26:37.975897,12.005394
channel-208,1491131,30358039,30358048,9,2025-02-26 00:31:48.801588,2025-02-26 00:31:59.635202,10.833614
channel-208,1491132,30358100,30358111,11,2025-02-26 00:33:04.891052,2025-02-26 00:33:20.853582,15.96253
channel-208,1491133,30358460,30358470,10,2025-02-26 00:40:51.026679,2025-02-26 00:41:03.301488,12.274809
channel-208,1491134,30358544,30358555,11,2025-02-26 00:42:35.006812,2025-02-26 00:42:48.361129,13.354317
channel-208,1491135,30358719,30358728,9,2025-02-26 00:46:22.382114,2025-02-26 00:46:33.228641,10.846527
channel-208,1491136,30358737,30358749,12,2025-02-26 00:46:43.278390,2025-02-26 00:46:57.048391,13.770001
channel-208,1491137,30358768,30358778,10,2025-02-26 00:47:24.465071,2025-02-26 00:47:36.665759,12.200688
channel-208,1491138,30358866,30358879,13,2025-02-26 00:49:29.456087,2025-02-26 00:49:45.426760,15.970673
channel-208,1491139,30359002,30359011,9,2025-02-26 00:52:26.024634,2025-02-26 00:52:38.067767,12.043133
channel-208,1491140,30359084,30359094,10,2025-02-26 00:54:14.767272,2025-02-26 00:54:27.014413,12.247141
channel-208,1491141,30359208,30359217,9,2025-02-26 00:56:52.146511,2025-02-26 00:57:02.208709,10.062198
channel-208,1491142,30359328,30359338,10,2025-02-26 00:59:30.363950,2025-02-26 00:59:42.991832,12.627882
channel-208,1491143,30359567,30359579,12,2025-02-26 01:04:41.459387,2025-02-26 01:04:57.593956,16.134569
channel-208,1491144,30359673,30359684,11,2025-02-26 01:06:56.340653,2025-02-26 01:07:10.490323,14.14967
channel-208,1491145,30360110,30360122,12,2025-02-26 01:16:28.543016,2025-02-26 01:16:43.159759,14.616743
channel-208,1491146,30360705,30360720,15,2025-02-26 01:29:20.089611,2025-02-26 01:29:38.615561,18.52595
channel-208,1491147,30360803,30360814,11,2025-02-26 01:31:24.933438,2025-02-26 01:31:38.258136,13.324698
channel-208,1491148,30360840,30360849,9,2025-02-26 01:32:14.468695,2025-02-26 01:32:24.928292,10.459597
channel-208,1491149,30360896,30360908,12,2025-02-26 01:33:26.795932,2025-02-26 01:33:40.735392,13.93946
channel-208,1491150,30360911,30360922,11,2025-02-26 01:33:45.032861,2025-02-26 01:34:03.064135,18.031274
channel-208,1491151,30361408,30361419,11,2025-02-26 01:44:29.513011,2025-02-26 01:44:42.686519,13.173508
channel-208,1491153,30361832,30361844,12,2025-02-26 01:53:30.659285,2025-02-26 01:53:45.735160,15.075875
channel-208,1491154,30361905,30361915,10,2025-02-26 01:55:05.769268,2025-02-26 01:55:17.483758,11.71449
channel-208,1491155,30361936,30361947,11,2025-02-26 01:55:44.027346,2025-02-26 01:55:57.627687,13.600341
channel-208,1491156,30362082,30362092,10,2025-02-26 01:58:51.043358,2025-02-26 01:59:03.413607,12.370249
channel-208,1491157,30362208,30362218,10,2025-02-26 02:01:30.231964,2025-02-26 02:01:44.345428,14.113464
channel-208,1491158,30362252,30362262,10,2025-02-26 02:02:29.944412,2025-02-26 02:02:42.792882,12.84847
channel-208,1491159,30362684,30362692,8,2025-02-26 02:11:36.184353,2025-02-26 02:11:46.019083,9.83473
channel-208,1491160,30362993,30363005,12,2025-02-26 02:18:13.396570,2025-02-26 02:18:28.868272,15.471702
channel-208,1491161,30363506,30363520,14,2025-02-26 02:29:08.317281,2025-02-26 02:29:25.880585,17.563304
channel-208,1491162,30363648,30363661,13,2025-02-26 02:32:08.594856,2025-02-26 02:32:23.788538,15.193682
channel-208,1491163,30363996,30364008,12,2025-02-26 02:39:31.800198,2025-02-26 02:39:47.752993,15.952795
channel-208,1491164,30364267,30364279,12,2025-02-26 02:45:20.338162,2025-02-26 02:45:34.337141,13.998979
channel-208,1491165,30364280,30364292,12,2025-02-26 02:45:35.711071,2025-02-26 02:45:52.776369,17.065298
channel-208,1491166,30364449,30364461,12,2025-02-26 02:49:12.856415,2025-02-26 02:49:27.446755,14.59034
channel-208,1491167,30364548,30364558,10,2025-02-26 02:51:19.842064,2025-02-26 02:51:31.413628,11.571564
channel-208,1491168,30364550,30364563,13,2025-02-26 02:51:22.434163,2025-02-26 02:51:38.231822,15.797659
channel-208,1491169,30364672,30364685,13,2025-02-26 02:54:05.184160,2025-02-26 02:54:22.067195,16.883035
channel-208,1491170,30364742,30364749,7,2025-02-26 02:55:32.236305,2025-02-26 02:55:41.540145,9.30384
channel-208,1491171,30364880,30364892,12,2025-02-26 02:58:34.741096,2025-02-26 02:58:48.333108,13.592012
channel-208,1491172,30364980,30364989,9,2025-02-26 03:00:42.891412,2025-02-26 03:00:53.639404,10.747992
channel-208,1491173,30365152,30365164,12,2025-02-26 03:04:23.370248,2025-02-26 03:04:38.667818,15.29757
channel-208,1491174,30365380,30365392,12,2025-02-26 03:09:16.990228,2025-02-26 03:09:30.405428,13.4152
channel-208,1491175,30365505,30365523,18,2025-02-26 03:11:55.898517,2025-02-26 03:12:16.582806,20.684289
channel-208,1491176,30365634,30365645,11,2025-02-26 03:14:36.667146,2025-02-26 03:14:52.264970,15.597824
channel-208,1491177,30366420,30366428,8,2025-02-26 03:31:22.420004,2025-02-26 03:31:33.947934,11.52793
channel-208,1491178,30366514,30366528,14,2025-02-26 03:33:25.031602,2025-02-26 03:33:40.763491,15.731889
channel-208,1491179,30366829,30366841,12,2025-02-26 03:40:09.105264,2025-02-26 03:40:25.294978,16.189714
channel-208,1491180,30366836,30366847,11,2025-02-26 03:40:18.181965,2025-02-26 03:40:32.094555,13.91259
channel-208,1491181,30366868,30366880,12,2025-02-26 03:40:58.014205,2025-02-26 03:41:13.138318,15.124113
channel-208,1491182,30366880,30366889,9,2025-02-26 03:41:13.138318,2025-02-26 03:41:23.145781,10.007463
channel-208,1491183,30366907,30366919,12,2025-02-26 03:41:44.914657,2025-02-26 03:42:06.077949,21.163292
channel-208,1491184,30366920,30366932,12,2025-02-26 03:42:07.230906,2025-02-26 03:42:23.009033,15.778127
channel-208,1491185,30367211,30367222,11,2025-02-26 03:48:24.883951,2025-02-26 03:48:38.737251,13.8533
channel-208,1491186,30367383,30367395,12,2025-02-26 03:52:06.578307,2025-02-26 03:52:21.246486,14.668179
channel-208,1491187,30367881,30367892,11,2025-02-26 04:02:45.070232,2025-02-26 04:02:57.816542,12.74631
channel-208,1491188,30367884,30367898,14,2025-02-26 04:02:48.460007,2025-02-26 04:03:05.786165,17.326158
channel-208,1491189,30368255,30368264,9,2025-02-26 04:10:48.453762,2025-02-26 04:10:58.599361,10.145599
channel-208,1491190,30368467,30368480,13,2025-02-26 04:15:20.285897,2025-02-26 04:15:35.967443,15.681546
channel-208,1491191,30368702,30368712,10,2025-02-26 04:20:19.069060,2025-02-26 04:20:30.735127,11.666067
channel-208,1491192,30369055,30369064,9,2025-02-26 04:27:46.043034,2025-02-26 04:27:57.403592,11.360558
channel-208,1491193,30369092,30369101,9,2025-02-26 04:28:32.159391,2025-02-26 04:28:42.922522,10.763131
channel-208,1491194,30369490,30369500,10,2025-02-26 04:37:04.067234,2025-02-26 04:37:18.514294,14.44706
channel-208,1491195,30369514,30369524,10,2025-02-26 04:37:34.995320,2025-02-26 04:37:47.243221,12.247901
channel-208,1491196,30369559,30369573,14,2025-02-26 04:38:30.791484,2025-02-26 04:38:46.404387,15.612903
channel-208,1491197,30369692,30369704,12,2025-02-26 04:41:24.237692,2025-02-26 04:41:38.980063,14.742371
channel-208,1491198,30370094,30370101,7,2025-02-26 04:49:51.460078,2025-02-26 04:50:01.137298,9.67722
channel-208,1491199,30370107,30370121,14,2025-02-26 04:50:12.123650,2025-02-26 04:50:32.640245,20.516595
channel-208,1491200,30370107,30370121,14,2025-02-26 04:50:12.123650,2025-02-26 04:50:32.640245,20.516595
channel-208,1491201,30370287,30370297,10,2025-02-26 04:54:02.202117,2025-02-26 04:54:14.749734,12.547617
channel-208,1491202,30370324,30370335,11,2025-02-26 04:54:48.342085,2025-02-26 04:55:01.601167,13.259082
channel-208,1491203,30370363,30370375,12,2025-02-26 04:55:38.282821,2025-02-26 04:55:53.243431,14.96061
channel-208,1491204,30370667,30370680,13,2025-02-26 05:02:06.248163,2025-02-26 05:02:22.232588,15.984425
channel-208,1491205,30370706,30370715,9,2025-02-26 05:02:55.033488,2025-02-26 05:03:06.755932,11.722444
channel-208,1491206,30370906,30370916,10,2025-02-26 05:07:10.689679,2025-02-26 05:07:22.385429,11.69575
channel-208,1491207,30370939,30370953,14,2025-02-26 05:07:52.410393,2025-02-26 05:08:08.571692,16.161299
channel-208,1491208,30370982,30370992,10,2025-02-26 05:08:47.451685,2025-02-26 05:09:00.844650,13.392965
channel-208,1491209,30371057,30371067,10,2025-02-26 05:10:23.665910,2025-02-26 05:10:38.297009,14.631099
channel-208,1491210,30371079,30371090,11,2025-02-26 05:10:52.475931,2025-02-26 05:11:06.414194,13.938263
channel-208,1491211,30371102,30371112,10,2025-02-26 05:11:21.482391,2025-02-26 05:11:36.129913,14.647522
channel-208,1491212,30371254,30371263,9,2025-02-26 05:14:36.528209,2025-02-26 05:14:48.067285,11.539076
channel-208,1491213,30371609,30371620,11,2025-02-26 05:22:15.997900,2025-02-26 05:22:30.679284,14.681384
channel-208,1491214,30371638,30371652,14,2025-02-26 05:22:51.039068,2025-02-26 05:23:07.149124,16.110056
channel-208,1491215,30371644,30371656,12,2025-02-26 05:22:57.824558,2025-02-26 05:23:11.682973,13.858415
channel-208,1491216,30371683,30371696,13,2025-02-26 05:23:51.460159,2025-02-26 05:24:09.424221,17.964062
channel-208,1491217,30371768,30371777,9,2025-02-26 05:25:43.012168,2025-02-26 05:25:54.340491,11.328323
channel-208,1491218,30371782,30371792,10,2025-02-26 05:26:00.063756,2025-02-26 05:26:12.553929,12.490173
channel-208,1491219,30371877,30371885,8,2025-02-26 05:28:03.933411,2025-02-26 05:28:14.089605,10.156194
channel-208,1491220,30371974,30371982,8,2025-02-26 05:30:05.335257,2025-02-26 05:30:14.590427,9.25517
channel-208,1491221,30372076,30372084,8,2025-02-26 05:32:12.314845,2025-02-26 05:32:22.933684,10.618839
channel-208,1491222,30372174,30372185,11,2025-02-26 05:34:20.865214,2025-02-26 05:34:36.074777,15.209563
channel-208,1491223,30372237,30372250,13,2025-02-26 05:35:41.087937,2025-02-26 05:35:57.248597,16.16066
channel-208,1491224,30372277,30372288,11,2025-02-26 05:36:30.625307,2025-02-26 05:36:42.933718,12.308411
channel-208,1491225,30372599,30372608,9,2025-02-26 05:43:21.410214,2025-02-26 05:43:35.080108,13.669894
channel-208,1491226,30373105,30373118,13,2025-02-26 05:54:08.641656,2025-02-26 05:54:26.194407,17.552751
channel-208,1491227,30373267,30373280,13,2025-02-26 05:57:34.294187,2025-02-26 05:57:48.920739,14.626552
channel-208,1491228,30373302,30373313,11,2025-02-26 05:58:22.135264,2025-02-26 05:58:35.891469,13.756205
channel-208,1491229,30373340,30373352,12,2025-02-26 05:59:11.554266,2025-02-26 05:59:26.429036,14.87477
channel-208,1491230,30373384,30373395,11,2025-02-26 06:00:04.731637,2025-02-26 06:00:24.737140,20.005503
channel-208,1491231,30373938,30373949,11,2025-02-26 06:12:09.180526,2025-02-26 06:12:21.367586,12.18706
channel-208,1491232,30374039,30374054,15,2025-02-26 06:14:18.569769,2025-02-26 06:14:36.365777,17.796008
channel-208,1491233,30374223,30374232,9,2025-02-26 06:18:10.362460,2025-02-26 06:18:21.492344,11.129884
channel-208,1491234,30374310,30374324,14,2025-02-26 06:20:00.731813,2025-02-26 06:20:17.649599,16.917786
channel-208,1491235,30374452,30374463,11,2025-02-26 06:23:02.690653,2025-02-26 06:23:17.428834,14.738181
channel-208,1491236,30374548,30374557,9,2025-02-26 06:25:02.375532,2025-02-26 06:25:13.733217,11.357685
channel-208,1491237,30374615,30374626,11,2025-02-26 06:26:33.075781,2025-02-26 06:26:45.974416,12.898635
channel-208,1491238,30374675,30374683,8,2025-02-26 06:27:48.458611,2025-02-26 06:28:00.730628,12.272017
channel-208,1491239,30374735,30374747,12,2025-02-26 06:29:06.334751,2025-02-26 06:29:21.259903,14.925152
channel-208,1491240,30374782,30374790,8,2025-02-26 06:30:06.362983,2025-02-26 06:30:17.698177,11.335194
channel-208,1491241,30374801,30374814,13,2025-02-26 06:30:32.487327,2025-02-26 06:30:47.186842,14.699515
channel-208,1491242,30374884,30374893,9,2025-02-26 06:32:15.249926,2025-02-26 06:32:26.402038,11.152112
channel-208,1491243,30375000,30375013,13,2025-02-26 06:34:46.643785,2025-02-26 06:35:02.182447,15.538662
channel-208,1491244,30375124,30375135,11,2025-02-26 06:37:23.468294,2025-02-26 06:37:37.479730,14.011436
channel-208,1491245,30375466,30375478,12,2025-02-26 06:44:41.097444,2025-02-26 06:44:56.886394,15.78895
channel-208,1491246,30375471,30375482,11,2025-02-26 06:44:48.223013,2025-02-26 06:45:02.164673,13.94166
channel-208,1491247,30375683,30375695,12,2025-02-26 06:49:20.026075,2025-02-26 06:49:34.206027,14.179952
channel-208,1491248,30375755,30375765,10,2025-02-26 06:50:46.979167,2025-02-26 06:51:02.091699,15.112532
channel-208,1491249,30375963,30375974,11,2025-02-26 06:55:12.998281,2025-02-26 06:55:26.387569,13.389288
channel-208,1491250,30375981,30375991,10,2025-02-26 06:55:36.499622,2025-02-26 06:55:49.442502,12.94288
channel-208,1491251,30376019,30376031,12,2025-02-26 06:56:24.974387,2025-02-26 06:56:41.873805,16.899418
channel-208,1491252,30376143,30376154,11,2025-02-26 06:59:05.047486,2025-02-26 06:59:19.287469,14.239983
channel-208,1491253,30376147,30376163,16,2025-02-26 06:59:09.694645,2025-02-26 06:59:30.460160,20.765515
channel-208,1491254,30376219,30376228,9,2025-02-26 07:00:40.328138,2025-02-26 07:00:51.982915,11.654777
channel-208,1491255,30376263,30376275,12,2025-02-26 07:01:39.804161,2025-02-26 07:01:54.429794,14.625633
channel-208,1491256,30376279,30376289,10,2025-02-26 07:01:59.074711,2025-02-26 07:02:12.591619,13.516908
channel-208,1491257,30376297,30376306,9,2025-02-26 07:02:23.316769,2025-02-26 07:02:34.364241,11.047472
channel-208,1491258,30376493,30376503,10,2025-02-26 07:06:36.191373,2025-02-26 07:06:50.153330,13.961957
channel-208,1491259,30376504,30376512,8,2025-02-26 07:06:51.352429,2025-02-26 07:07:01.614070,10.261641
channel-208,1491260,30376518,30376531,13,2025-02-26 07:07:08.410758,2025-02-26 07:07:24.220629,15.809871
channel-208,1491261,30376544,30376557,13,2025-02-26 07:07:42.953357,2025-02-26 07:07:58.422157,15.4688
channel-208,1491262,30376580,30376590,10,2025-02-26 07:08:27.171503,2025-02-26 07:08:38.984143,11.81264
channel-208,1491263,30376706,30376715,9,2025-02-26 07:11:08.642940,2025-02-26 07:11:20.631405,11.988465
channel-208,1491264,30376789,30376797,8,2025-02-26 07:12:54.556171,2025-02-26 07:13:05.120820,10.564649
channel-208,1491265,30377082,30377092,10,2025-02-26 07:19:10.032760,2025-02-26 07:19:21.451333,11.418573
channel-208,1491266,30377201,30377214,13,2025-02-26 07:21:38.508822,2025-02-26 07:21:53.167844,14.659022
channel-208,1491267,30377272,30377283,11,2025-02-26 07:23:09.521424,2025-02-26 07:23:23.537552,14.016128
channel-208,1491268,30377555,30377564,9,2025-02-26 07:29:11.826642,2025-02-26 07:29:22.409008,10.582366
channel-208,1491269,30377586,30377596,10,2025-02-26 07:29:49.836732,2025-02-26 07:30:03.706613,13.869881
channel-208,1491270,30377588,30377601,13,2025-02-26 07:29:53.160760,2025-02-26 07:30:09.289321,16.128561
channel-208,1491271,30377593,30377605,12,2025-02-26 07:30:00.084688,2025-02-26 07:30:14.917892,14.833204
channel-208,1491272,30377603,30377615,12,2025-02-26 07:30:11.554753,2025-02-26 07:30:26.042060,14.487307
channel-208,1491273,30378151,30378164,13,2025-02-26 07:41:57.074613,2025-02-26 07:42:12.315495,15.240882
channel-208,1491274,30378221,30378232,11,2025-02-26 07:43:26.316240,2025-02-26 07:43:40.690313,14.374073
channel-208,1491275,30378394,30378406,12,2025-02-26 07:47:03.595036,2025-02-26 07:47:20.386074,16.791038
channel-208,1491276,30378543,30378553,10,2025-02-26 07:50:19.193903,2025-02-26 07:50:31.500975,12.307072
channel-208,1491277,30378621,30378630,9,2025-02-26 07:51:58.059840,2025-02-26 07:52:08.688636,10.628796
channel-208,1491278,30378767,30378781,14,2025-02-26 07:55:02.689858,2025-02-26 07:55:20.792169,18.102311
channel-208,1491279,30378919,30378928,9,2025-02-26 07:58:19.143542,2025-02-26 07:58:32.695950,13.552408
channel-208,1491280,30379039,30379052,13,2025-02-26 08:00:54.109000,2025-02-26 08:01:09.296259,15.187259
channel-208,1491281,30379046,30379057,11,2025-02-26 08:01:02.020290,2025-02-26 08:01:15.113437,13.093147
channel-208,1491282,30379118,30379124,6,2025-02-26 08:02:31.785000,2025-02-26 08:02:41.674816,9.889816
channel-208,1491283,30379204,30379217,13,2025-02-26 08:04:28.027946,2025-02-26 08:04:42.497689,14.469743
channel-208,1491284,30379308,30379320,12,2025-02-26 08:06:35.297933,2025-02-26 08:06:49.700026,14.402093
channel-208,1491285,30379350,30379363,13,2025-02-26 08:07:32.010482,2025-02-26 08:07:47.874205,15.863723
channel-208,1491286,30379444,30379454,10,2025-02-26 08:09:32.698701,2025-02-26 08:09:44.486903,11.788202
channel-208,1491287,30379490,30379499,9,2025-02-26 08:10:31.196316,2025-02-26 08:10:42.216039,11.019723
channel-208,1491288,30379563,30379573,10,2025-02-26 08:12:06.661866,2025-02-26 08:12:19.317392,12.655526
