channel_id,sequence,send_height,ack_height,block_delay,send_time,ack_time,time_delay_sec
channel-782,310145,30280004,30280010,6,2025-02-24 20:01:01.487101,2025-02-24 20:01:08.774031,7.28693
channel-6994,1324104,30280013,30280025,12,2025-02-24 20:01:12.743359,2025-02-24 20:01:26.182512,13.439153
channel-89298,18642,30280015,30280025,10,2025-02-24 20:01:15.237610,2025-02-24 20:01:26.182512,10.944902
channel-6787,166672,30280019,30280023,4,2025-02-24 20:01:19.675642,2025-02-24 20:01:24.067635,4.391993
channel-750,682273,30280025,30280029,4,2025-02-24 20:01:26.182512,2025-02-24 20:01:31.413946,5.231434
channel-782,310146,30280026,30280033,7,2025-02-24 20:01:27.380513,2025-02-24 20:01:36.005041,8.624528
channel-75,844950,30280033,30280038,5,2025-02-24 20:01:36.005041,2025-02-24 20:01:42.545394,6.540353
channel-750,682274,30280037,30280049,12,2025-02-24 20:01:41.245720,2025-02-24 20:02:00.832210,19.58649
channel-1,408298,30280042,30280074,32,2025-02-24 20:01:50.266910,2025-02-24 20:02:35.318376,45.051466
channel-750,682275,30280042,30280058,16,2025-02-24 20:01:50.266910,2025-02-24 20:02:15.878692,25.611782
channel-750,682276,30280045,30280058,13,2025-02-24 20:01:55.176266,2025-02-24 20:02:15.878692,20.702426
channel-85077,59888,30280054,30280062,8,2025-02-24 20:02:06.558575,2025-02-24 20:02:21.281227,14.722652
channel-216,94185,30280059,30280193,134,2025-02-24 20:02:17.238743,2025-02-24 20:05:11.496855,174.258112
channel-85077,59889,30280060,30280084,24,2025-02-24 20:02:18.833671,2025-02-24 20:02:48.759447,29.925776
channel-6994,1324105,30280063,30280073,10,2025-02-24 20:02:22.436137,2025-02-24 20:02:33.945087,11.50895
channel-216,94186,30280068,30280193,125,2025-02-24 20:02:28.204353,2025-02-24 20:05:11.496855,163.292502
channel-75,844951,30280072,30280080,8,2025-02-24 20:02:32.787620,2025-02-24 20:02:43.739211,10.951591
channel-199,132696,30280076,30280087,11,2025-02-24 20:02:37.477042,2025-02-24 20:02:52.313778,14.836736
channel-6787,166673,30280077,30280082,5,2025-02-24 20:02:38.661645,2025-02-24 20:02:46.233122,7.571477
channel-85077,59890,30280079,30280089,10,2025-02-24 20:02:42.576099,2025-02-24 20:02:55.649426,13.073327
channel-216,94187,30280093,30280293,200,2025-02-24 20:03:01.905056,2025-02-24 20:07:22.240920,260.335864
channel-6994,1324106,30280099,30280109,10,2025-02-24 20:03:08.787856,2025-02-24 20:03:24.618251,15.830395
channel-208,1489864,30280102,30280112,10,2025-02-24 20:03:13.093565,2025-02-24 20:03:28.976841,15.883276
channel-6994,1324107,30280103,30280114,11,2025-02-24 20:03:14.309819,2025-02-24 20:03:31.370359,17.06054
channel-750,682277,30280103,30280116,13,2025-02-24 20:03:14.309819,2025-02-24 20:03:33.614693,19.304874
channel-6994,1324108,30280114,30280124,10,2025-02-24 20:03:31.370359,2025-02-24 20:03:43.177204,11.806845
channel-6994,1324109,30280118,30280129,11,2025-02-24 20:03:36.034075,2025-02-24 20:03:49.421947,13.387872
channel-782,310147,30280122,30280130,8,2025-02-24 20:03:40.496677,2025-02-24 20:03:50.623952,10.127275
channel-1,408299,30280127,30280154,27,2025-02-24 20:03:47.160989,2025-02-24 20:04:19.690303,32.529314
channel-750,682278,30280128,30280145,17,2025-02-24 20:03:48.312847,2025-02-24 20:04:08.886567,20.57372
channel-320,119182,30280130,30280144,14,2025-02-24 20:03:50.623952,2025-02-24 20:04:07.663395,17.039443
channel-6787,166674,30280130,30280135,5,2025-02-24 20:03:50.623952,2025-02-24 20:03:56.246569,5.622617
channel-326,537746,30280134,30280143,9,2025-02-24 20:03:55.098624,2025-02-24 20:04:06.564908,11.466284
channel-0,4037948,30280135,30280148,13,2025-02-24 20:03:56.246569,2025-02-24 20:04:12.539411,16.292842
channel-782,310148,30280137,30280143,6,2025-02-24 20:03:58.479550,2025-02-24 20:04:06.564908,8.085358
channel-0,4037949,30280149,30280164,15,2025-02-24 20:04:13.714387,2025-02-24 20:04:31.635465,17.921078
channel-85077,59891,30280153,30280164,11,2025-02-24 20:04:18.455890,2025-02-24 20:04:31.635465,13.179575
channel-874,292823,30280169,30280180,11,2025-02-24 20:04:39.374882,2025-02-24 20:04:53.404795,14.029913
channel-750,682279,30280170,30280192,22,2025-02-24 20:04:40.626131,2025-02-24 20:05:10.351587,29.725456
channel-412,64517,30280174,30280183,9,2025-02-24 20:04:46.376062,2025-02-24 20:04:56.814875,10.438813
channel-750,682280,30280175,30280179,4,2025-02-24 20:04:47.507219,2025-02-24 20:04:52.221933,4.714714
channel-0,4037950,30280176,30280186,10,2025-02-24 20:04:48.683218,2025-02-24 20:05:00.455568,11.77235
channel-89321,19394,30280186,30280195,9,2025-02-24 20:05:00.455568,2025-02-24 20:05:13.889895,13.434327
channel-0,4037951,30280198,30280209,11,2025-02-24 20:05:18.827318,2025-02-24 20:05:32.956749,14.129431
channel-0,4037952,30280198,30280220,22,2025-02-24 20:05:18.827318,2025-02-24 20:05:46.278460,27.451142
channel-320,119183,30280201,30280235,34,2025-02-24 20:05:23.462585,2025-02-24 20:06:04.296234,40.833649
channel-122,667886,30280203,30280208,5,2025-02-24 20:05:25.852821,2025-02-24 20:05:31.582856,5.730035
channel-1429,140698,30280205,30280216,11,2025-02-24 20:05:28.183630,2025-02-24 20:05:41.779744,13.596114
channel-122,667887,30280219,30280223,4,2025-02-24 20:05:45.142461,2025-02-24 20:05:49.809114,4.666653
channel-122,667888,30280224,30280227,3,2025-02-24 20:05:51.469105,2025-02-24 20:05:55.114644,3.645539
channel-1,408300,30280230,30280255,25,2025-02-24 20:05:58.565758,2025-02-24 20:06:29.196248,30.63049
channel-98451,22,30280235,30280245,10,2025-02-24 20:06:04.296234,2025-02-24 20:06:18.023904,13.72767
channel-0,4037953,30280236,30280243,7,2025-02-24 20:06:05.667573,2025-02-24 20:06:15.755607,10.088034
channel-208,1489865,30280250,30280256,6,2025-02-24 20:06:23.510802,2025-02-24 20:06:34.520722,11.00992
channel-19774,345853,30280250,30280255,5,2025-02-24 20:06:23.510802,2025-02-24 20:06:29.196248,5.685446
channel-6994,1324110,30280256,30280266,10,2025-02-24 20:06:34.520722,2025-02-24 20:06:46.396475,11.875753
channel-750,682281,30280259,30280273,14,2025-02-24 20:06:37.885047,2025-02-24 20:06:55.022650,17.137603
channel-750,682282,30280260,30280275,15,2025-02-24 20:06:39.558843,2025-02-24 20:06:57.230164,17.671321
channel-0,4037954,30280271,30280281,10,2025-02-24 20:06:52.713626,2025-02-24 20:07:04.411062,11.697436
channel-6994,1324111,30280271,30280281,10,2025-02-24 20:06:52.713626,2025-02-24 20:07:04.411062,11.697436
channel-0,4037955,30280271,30280281,10,2025-02-24 20:06:52.713626,2025-02-24 20:07:04.411062,11.697436
channel-6994,1324112,30280276,30280286,10,2025-02-24 20:06:58.463873,2025-02-24 20:07:11.598140,13.134267
channel-1,408301,30280276,30280295,19,2025-02-24 20:06:58.463873,2025-02-24 20:07:24.597505,26.133632
channel-1,408302,30280276,30280295,19,2025-02-24 20:06:58.463873,2025-02-24 20:07:24.597505,26.133632
channel-208,1489866,30280281,30280290,9,2025-02-24 20:07:04.411062,2025-02-24 20:07:18.214555,13.803493
channel-750,682283,30280295,30280299,4,2025-02-24 20:07:24.597505,2025-02-24 20:07:30.305287,5.707782
channel-0,4037956,30280295,30280306,11,2025-02-24 20:07:24.597505,2025-02-24 20:07:38.831999,14.234494
channel-1,408303,30280301,30280328,27,2025-02-24 20:07:32.520767,2025-02-24 20:08:12.389329,39.868562
channel-0,4037957,30280302,30280309,7,2025-02-24 20:07:33.838912,2025-02-24 20:07:44.814340,10.975428
channel-0,4037958,30280303,30280314,11,2025-02-24 20:07:35.217498,2025-02-24 20:07:51.448150,16.230652
channel-1,408304,30280307,30280328,21,2025-02-24 20:07:40.025188,2025-02-24 20:08:12.389329,32.364141
channel-94814,3754,30280311,30280319,8,2025-02-24 20:07:47.278860,2025-02-24 20:07:57.030429,9.751569
channel-0,4037959,30280311,30280331,20,2025-02-24 20:07:47.278860,2025-02-24 20:08:15.786724,28.507864
channel-6994,1324113,30280317,30280327,10,2025-02-24 20:07:54.777568,2025-02-24 20:08:11.289502,16.511934
channel-6994,1324114,30280322,30280337,15,2025-02-24 20:08:01.392532,2025-02-24 20:08:22.997286,21.604754
channel-1575,15189,30280335,30280343,8,2025-02-24 20:08:20.615971,2025-02-24 20:08:35.533430,14.917459
channel-750,682284,30280340,30280343,3,2025-02-24 20:08:27.652588,2025-02-24 20:08:35.533430,7.880842
channel-208,1489867,30280349,30280359,10,2025-02-24 20:08:43.967361,2025-02-24 20:08:56.010292,12.042931
channel-85077,59892,30280349,30280358,9,2025-02-24 20:08:43.967361,2025-02-24 20:08:54.365570,10.398209
channel-6994,1324115,30280354,30280387,33,2025-02-24 20:08:49.841610,2025-02-24 20:09:30.739881,40.898271
channel-6787,166675,30280356,30280362,6,2025-02-24 20:08:52.092155,2025-02-24 20:08:59.507401,7.415246
channel-38946,124102,30280358,30280380,22,2025-02-24 20:08:54.365570,2025-02-24 20:09:21.497820,27.13225
channel-750,682285,30280358,30280380,22,2025-02-24 20:08:54.365570,2025-02-24 20:09:21.497820,27.13225
channel-326,537747,30280363,30280370,7,2025-02-24 20:09:00.774644,2025-02-24 20:09:09.687761,8.913117
channel-21113,25308,30280368,30280377,9,2025-02-24 20:09:07.372888,2025-02-24 20:09:17.974670,10.601782
channel-122,667889,30280373,30280377,4,2025-02-24 20:09:13.180372,2025-02-24 20:09:17.974670,4.794298
channel-21113,25309,30280374,30280383,9,2025-02-24 20:09:14.430721,2025-02-24 20:09:26.123334,11.692613
channel-85077,59893,30280374,30280383,9,2025-02-24 20:09:14.430721,2025-02-24 20:09:26.123334,11.692613
channel-750,682286,30280375,30280392,17,2025-02-24 20:09:15.548410,2025-02-24 20:09:38.647473,23.099063
channel-326,537748,30280378,30280390,12,2025-02-24 20:09:19.242359,2025-02-24 20:09:35.752297,16.509938
channel-0,4037960,30280384,30280395,11,2025-02-24 20:09:27.197032,2025-02-24 20:09:42.082748,14.885716
channel-5,184275,30280387,30280395,8,2025-02-24 20:09:30.739881,2025-02-24 20:09:42.082748,11.342867
channel-750,682287,30280410,30280421,11,2025-02-24 20:10:00.120342,2025-02-24 20:10:14.839662,14.71932
channel-750,682288,30280410,30280421,11,2025-02-24 20:10:00.120342,2025-02-24 20:10:14.839662,14.71932
channel-85077,59894,30280410,30280427,17,2025-02-24 20:10:00.120342,2025-02-24 20:10:24.185937,24.065595
channel-94814,3755,30280423,30280434,11,2025-02-24 20:10:18.682215,2025-02-24 20:10:34.111851,15.429636
channel-782,310149,30280424,30280429,5,2025-02-24 20:10:19.778940,2025-02-24 20:10:28.293401,8.514461
channel-0,4037961,30280430,30280438,8,2025-02-24 20:10:29.512174,2025-02-24 20:10:40.514754,11.00258
channel-6994,1324116,30280431,30280445,14,2025-02-24 20:10:30.661934,2025-02-24 20:10:48.608741,17.946807
channel-0,4037962,30280435,30280463,28,2025-02-24 20:10:36.599426,2025-02-24 20:11:10.393337,33.793911
channel-122,667890,30280436,30280440,4,2025-02-24 20:10:37.784568,2025-02-24 20:10:42.799343,5.014775
channel-750,682289,30280437,30280444,7,2025-02-24 20:10:39.149430,2025-02-24 20:10:47.364753,8.215323
channel-750,682290,30280437,30280457,20,2025-02-24 20:10:39.149430,2025-02-24 20:11:03.354115,24.204685
channel-144,86681,30280439,30280451,12,2025-02-24 20:10:41.676387,2025-02-24 20:10:55.660149,13.983762
channel-38946,124103,30280442,30280451,9,2025-02-24 20:10:45.089092,2025-02-24 20:10:55.660149,10.571057
channel-6994,1324117,30280455,30280466,11,2025-02-24 20:11:00.285065,2025-02-24 20:11:14.732250,14.447185
channel-122,667891,30280459,30280463,4,2025-02-24 20:11:05.660866,2025-02-24 20:11:10.393337,4.732471
channel-412,64518,30280465,30280475,10,2025-02-24 20:11:13.662712,2025-02-24 20:11:25.029861,11.367149
channel-750,682291,30280471,30280476,5,2025-02-24 20:11:20.528713,2025-02-24 20:11:26.311446,5.782733
channel-259,314244,30280478,30280484,6,2025-02-24 20:11:28.573547,2025-02-24 20:11:36.766562,8.193015
channel-750,682292,30280482,30280492,10,2025-02-24 20:11:34.403184,2025-02-24 20:11:47.209548,12.806364
channel-750,682293,30280490,30280499,9,2025-02-24 20:11:44.951084,2025-02-24 20:11:56.960139,12.009055
channel-0,4037963,30280510,30280519,9,2025-02-24 20:12:10.117845,2025-02-24 20:12:23.126742,13.008897
channel-85077,59895,30280510,30280520,10,2025-02-24 20:12:10.117845,2025-02-24 20:12:24.821871,14.704026
channel-85077,59896,30280512,30280521,9,2025-02-24 20:12:14.084537,2025-02-24 20:12:26.399676,12.315139
channel-750,682294,30280515,30280521,6,2025-02-24 20:12:17.544083,2025-02-24 20:12:26.399676,8.855593
channel-750,682295,30280520,30280524,4,2025-02-24 20:12:24.821871,2025-02-24 20:12:33.171096,8.349225
channel-0,4037964,30280520,30280542,22,2025-02-24 20:12:24.821871,2025-02-24 20:12:56.407860,31.585989
channel-0,4037965,30280530,30280542,12,2025-02-24 20:12:40.201751,2025-02-24 20:12:56.407860,16.206109
channel-750,682296,30280557,30280568,11,2025-02-24 20:13:15.406034,2025-02-24 20:13:29.661531,14.255497
channel-143,128302,30280559,30280583,24,2025-02-24 20:13:17.681111,2025-02-24 20:13:48.419092,30.737981
channel-6994,1324118,30280564,30280578,14,2025-02-24 20:13:24.834198,2025-02-24 20:13:42.582099,17.747901
channel-750,682297,30280566,30280571,5,2025-02-24 20:13:27.230987,2025-02-24 20:13:33.035632,5.804645
channel-208,1489868,30280571,30280582,11,2025-02-24 20:13:33.035632,2025-02-24 20:13:47.266426,14.230794
channel-6994,1324119,30280577,30280587,10,2025-02-24 20:13:41.274043,2025-02-24 20:13:54.128252,12.854209
channel-216,94188,30280581,30280672,91,2025-02-24 20:13:46.020346,2025-02-24 20:15:47.352196,121.33185
channel-326,537749,30280588,30280595,7,2025-02-24 20:13:55.772290,2025-02-24 20:14:03.779797,8.007507
channel-91017,2798,30280591,30280600,9,2025-02-24 20:13:59.358744,2025-02-24 20:14:09.312801,9.954057
channel-208,1489869,30280593,30280603,10,2025-02-24 20:14:01.487799,2025-02-24 20:14:16.769597,15.281798
channel-85077,59897,30280593,30280600,7,2025-02-24 20:14:01.487799,2025-02-24 20:14:09.312801,7.825002
channel-750,682298,30280596,30280607,11,2025-02-24 20:14:04.898603,2025-02-24 20:14:21.719207,16.820604
channel-208,1489870,30280600,30280612,12,2025-02-24 20:14:09.312801,2025-02-24 20:14:28.533373,19.220572
channel-75,844952,30280604,30280610,6,2025-02-24 20:14:17.923148,2025-02-24 20:14:25.169958,7.24681
channel-750,682299,30280614,30280619,5,2025-02-24 20:14:30.765421,2025-02-24 20:14:37.922391,7.15697
channel-91017,2799,30280617,30280625,8,2025-02-24 20:14:34.196654,2025-02-24 20:14:46.612756,12.416102
channel-208,1489871,30280619,30280629,10,2025-02-24 20:14:37.922391,2025-02-24 20:14:52.079910,14.157519
channel-208,1489872,30280619,30280629,10,2025-02-24 20:14:37.922391,2025-02-24 20:14:52.079910,14.157519
channel-0,4037966,30280625,30280637,12,2025-02-24 20:14:46.612756,2025-02-24 20:15:01.433841,14.821085
channel-750,682300,30280630,30280664,34,2025-02-24 20:14:53.168099,2025-02-24 20:15:35.953802,42.785703
channel-5,184276,30280635,30280646,11,2025-02-24 20:14:59.163596,2025-02-24 20:15:12.679456,13.51586
channel-750,682301,30280651,30280657,6,2025-02-24 20:15:18.413806,2025-02-24 20:15:26.731996,8.31819
channel-208,1489873,30280656,30280666,10,2025-02-24 20:15:25.694444,2025-02-24 20:15:38.217558,12.523114
channel-208,1489874,30280671,30280685,14,2025-02-24 20:15:45.097389,2025-02-24 20:16:02.514189,17.4168
channel-750,682302,30280677,30280683,6,2025-02-24 20:15:53.244190,2025-02-24 20:16:00.111423,6.867233
channel-6994,1324120,30280689,30280702,13,2025-02-24 20:16:09.011970,2025-02-24 20:16:24.200054,15.188084
channel-750,682303,30280689,30280694,5,2025-02-24 20:16:09.011970,2025-02-24 20:16:14.874480,5.86251
channel-6994,1324121,30280695,30280707,12,2025-02-24 20:16:16.011775,2025-02-24 20:16:30.053219,14.041444
channel-0,4037967,30280696,30280706,10,2025-02-24 20:16:17.167308,2025-02-24 20:16:28.980667,11.813359
channel-6994,1324122,30280700,30280713,13,2025-02-24 20:16:21.977566,2025-02-24 20:16:37.200632,15.223066
channel-783,104220,30280704,30280716,12,2025-02-24 20:16:26.561422,2025-02-24 20:16:40.766200,14.204778
channel-0,4037968,30280707,30280717,10,2025-02-24 20:16:30.053219,2025-02-24 20:16:41.946864,11.893645
channel-750,682304,30280710,30280720,10,2025-02-24 20:16:33.648700,2025-02-24 20:16:45.927752,12.279052
channel-6994,1324123,30280728,30280736,8,2025-02-24 20:16:56.896908,2025-02-24 20:17:10.039058,13.14215
channel-122,667892,30280733,30280736,3,2025-02-24 20:17:02.486407,2025-02-24 20:17:10.039058,7.552651
channel-750,682305,30280741,30280746,5,2025-02-24 20:17:16.684944,2025-02-24 20:17:23.657351,6.972407
channel-98451,25,30280741,30280751,10,2025-02-24 20:17:16.684944,2025-02-24 20:17:30.911956,14.227012
channel-750,682306,30280747,30280761,14,2025-02-24 20:17:24.719248,2025-02-24 20:17:42.802970,18.083722
channel-208,1489875,30280752,30280763,11,2025-02-24 20:17:32.164388,2025-02-24 20:17:45.197050,13.032662
channel-6994,1324124,30280760,30280771,11,2025-02-24 20:17:41.502276,2025-02-24 20:17:58.071098,16.568822
channel-216,94189,30280765,30280872,107,2025-02-24 20:17:47.633145,2025-02-24 20:20:08.952272,141.319127
channel-259,314245,30280767,30280773,6,2025-02-24 20:17:50.939104,2025-02-24 20:18:00.649702,9.710598
channel-216,94190,30280767,30280872,105,2025-02-24 20:17:50.939104,2025-02-24 20:20:08.952272,138.013168
channel-874,292824,30280771,30280787,16,2025-02-24 20:17:58.071098,2025-02-24 20:18:17.040811,18.969713
channel-6994,1324125,30280790,30280803,13,2025-02-24 20:18:20.623497,2025-02-24 20:18:36.869365,16.245868
channel-6994,1324126,30280796,30280806,10,2025-02-24 20:18:28.521386,2025-02-24 20:18:41.602954,13.081568
channel-0,4037969,30280798,30280811,13,2025-02-24 20:18:30.952262,2025-02-24 20:18:47.349109,16.396847
channel-216,94191,30280811,30280887,76,2025-02-24 20:18:47.349109,2025-02-24 20:20:28.022235,100.673126
channel-1,408305,30280820,30280852,32,2025-02-24 20:18:59.725139,2025-02-24 20:19:41.543470,41.818331
channel-98451,27,30280824,30280842,18,2025-02-24 20:19:04.526082,2025-02-24 20:19:28.354132,23.82805
channel-85077,59898,30280825,30280835,10,2025-02-24 20:19:05.723455,2025-02-24 20:19:17.800009,12.076554
channel-122,667893,30280830,30280834,4,2025-02-24 20:19:12.265609,2025-02-24 20:19:16.655123,4.389514
channel-6994,1324127,30280837,30280849,12,2025-02-24 20:19:21.504268,2025-02-24 20:19:37.951083,16.446815
channel-0,4037970,30280841,30280849,8,2025-02-24 20:19:26.119641,2025-02-24 20:19:37.951083,11.831442
channel-122,667894,30280847,30280852,5,2025-02-24 20:19:35.091245,2025-02-24 20:19:41.543470,6.452225
channel-412,64519,30280849,30280876,27,2025-02-24 20:19:37.951083,2025-02-24 20:20:14.560167,36.609084
channel-208,1489876,30280854,30280864,10,2025-02-24 20:19:44.952657,2025-02-24 20:19:58.812039,13.859382
channel-6994,1324128,30280854,30280862,8,2025-02-24 20:19:44.952657,2025-02-24 20:19:56.508352,11.555695
channel-750,682307,30280856,30280860,4,2025-02-24 20:19:47.134677,2025-02-24 20:19:52.438576,5.303899
channel-6994,1324129,30280866,30280878,12,2025-02-24 20:20:01.018351,2025-02-24 20:20:16.944738,15.926387
channel-199,132697,30280867,30280876,9,2025-02-24 20:20:03.289920,2025-02-24 20:20:14.560167,11.270247
channel-122,667895,30280870,30280875,5,2025-02-24 20:20:06.715705,2025-02-24 20:20:13.454121,6.738416
channel-340,3175,30280872,30280881,9,2025-02-24 20:20:08.952272,2025-02-24 20:20:20.447564,11.495292
channel-85077,59899,30280873,30280900,27,2025-02-24 20:20:10.116695,2025-02-24 20:20:43.002321,32.885626
channel-783,104221,30280876,30280884,8,2025-02-24 20:20:14.560167,2025-02-24 20:20:24.438270,9.878103
channel-208,1489877,30280880,30280893,13,2025-02-24 20:20:19.258478,2025-02-24 20:20:34.689475,15.430997
channel-85791,3750,30280882,30280889,7,2025-02-24 20:20:21.600991,2025-02-24 20:20:30.287686,8.686695
channel-122,667896,30280884,30280889,5,2025-02-24 20:20:24.438270,2025-02-24 20:20:30.287686,5.849416
channel-6994,1324130,30280886,30280898,12,2025-02-24 20:20:26.869222,2025-02-24 20:20:40.514250,13.645028
channel-6994,1324131,30280889,30280898,9,2025-02-24 20:20:30.287686,2025-02-24 20:20:40.514250,10.226564
channel-75,844953,30280889,30280896,7,2025-02-24 20:20:30.287686,2025-02-24 20:20:38.292960,8.005274
channel-750,682308,30280891,30280896,5,2025-02-24 20:20:32.442245,2025-02-24 20:20:38.292960,5.850715
channel-208,1489878,30280897,30280907,10,2025-02-24 20:20:39.442136,2025-02-24 20:20:51.353213,11.911077
channel-0,4037971,30280901,30280911,10,2025-02-24 20:20:44.513000,2025-02-24 20:20:55.982001,11.469001
channel-122,667897,30280901,30280905,4,2025-02-24 20:20:44.513000,2025-02-24 20:20:49.118343,4.605343
channel-750,682309,30280903,30280916,13,2025-02-24 20:20:46.791737,2025-02-24 20:21:03.516212,16.724475
channel-122,667898,30280910,30280914,4,2025-02-24 20:20:54.742384,2025-02-24 20:21:00.761183,6.018799
channel-2,130612,30280913,30280922,9,2025-02-24 20:20:59.579396,2025-02-24 20:21:10.556231,10.976835
channel-326,537750,30280914,30280929,15,2025-02-24 20:21:00.761183,2025-02-24 20:21:19.818826,19.057643
channel-0,4037972,30280923,30280935,12,2025-02-24 20:21:12.657293,2025-02-24 20:21:26.601728,13.944435
channel-122,667899,30280925,30280929,4,2025-02-24 20:21:15.234117,2025-02-24 20:21:19.818826,4.584709
channel-73,51333,30280929,30280940,11,2025-02-24 20:21:19.818826,2025-02-24 20:21:32.396327,12.577501
channel-85077,59900,30280938,30280944,6,2025-02-24 20:21:30.004189,2025-02-24 20:21:40.040425,10.036236
channel-6994,1324132,30280950,30280962,12,2025-02-24 20:21:48.345683,2025-02-24 20:22:04.373266,16.027583
channel-6994,1324133,30280951,30280962,11,2025-02-24 20:21:50.027138,2025-02-24 20:22:04.373266,14.346128
channel-88,467092,30280961,30280980,19,2025-02-24 20:22:03.139155,2025-02-24 20:22:28.421540,25.282385
channel-874,292825,30280961,30280969,8,2025-02-24 20:22:03.139155,2025-02-24 20:22:15.790941,12.651786
channel-6994,1324134,30280963,30280976,13,2025-02-24 20:22:06.830438,2025-02-24 20:22:23.732689,16.902251
channel-85077,59901,30280965,30280974,9,2025-02-24 20:22:10.227170,2025-02-24 20:22:21.439632,11.212462
channel-85077,59902,30280968,30280978,10,2025-02-24 20:22:14.716492,2025-02-24 20:22:25.983496,11.267004
channel-98451,28,30280975,30280986,11,2025-02-24 20:22:22.587983,2025-02-24 20:22:37.082810,14.494827
channel-0,4037973,30280985,30280995,10,2025-02-24 20:22:35.472080,2025-02-24 20:22:47.878770,12.40669
channel-6994,1324135,30280985,30280997,12,2025-02-24 20:22:35.472080,2025-02-24 20:22:50.217868,14.745788
channel-38946,124104,30280991,30281014,23,2025-02-24 20:22:42.928825,2025-02-24 20:23:11.134948,28.206123
channel-208,1489879,30280993,30281003,10,2025-02-24 20:22:45.513473,2025-02-24 20:22:57.108031,11.594558
channel-6994,1324136,30280997,30281008,11,2025-02-24 20:22:50.217868,2025-02-24 20:23:02.938172,12.720304
channel-0,4037974,30281005,30281014,9,2025-02-24 20:22:59.459976,2025-02-24 20:23:11.134948,11.674972
channel-208,1489880,30281010,30281020,10,2025-02-24 20:23:05.418619,2025-02-24 20:23:18.617952,13.199333
channel-6994,1324137,30281012,30281022,10,2025-02-24 20:23:08.787374,2025-02-24 20:23:21.447792,12.660418
channel-148,16083,30281035,30281043,8,2025-02-24 20:23:37.848322,2025-02-24 20:23:48.541577,10.693255
channel-750,682310,30281039,30281056,17,2025-02-24 20:23:43.909239,2025-02-24 20:24:05.467728,21.558489
channel-326,537751,30281041,30281047,6,2025-02-24 20:23:46.215334,2025-02-24 20:23:54.298207,8.082873
channel-874,292826,30281051,30281061,10,2025-02-24 20:23:59.553634,2025-02-24 20:24:12.051128,12.497494
channel-6994,1324138,30281064,30281075,11,2025-02-24 20:24:16.874357,2025-02-24 20:24:30.688524,13.814167
channel-259,314246,30281078,30281084,6,2025-02-24 20:24:34.173733,2025-02-24 20:24:41.587750,7.414017
channel-85077,59903,30281087,30281096,9,2025-02-24 20:24:45.043945,2025-02-24 20:24:55.446044,10.402099
channel-88,467093,30281108,30281121,13,2025-02-24 20:25:11.685766,2025-02-24 20:25:29.025353,17.339587
channel-38946,124105,30281111,30281129,18,2025-02-24 20:25:16.148822,2025-02-24 20:25:41.801074,25.652252
channel-6994,1324139,30281120,30281131,11,2025-02-24 20:25:27.773020,2025-02-24 20:25:44.071137,16.298117
channel-122,667900,30281126,30281129,3,2025-02-24 20:25:38.361788,2025-02-24 20:25:41.801074,3.439286
channel-412,64520,30281130,30281138,8,2025-02-24 20:25:42.928704,2025-02-24 20:25:52.715011,9.786307
channel-6994,1324140,30281132,30281147,15,2025-02-24 20:25:45.207798,2025-02-24 20:26:03.290342,18.082544
channel-6994,1324141,30281140,30281152,12,2025-02-24 20:25:54.977181,2025-02-24 20:26:09.837342,14.860161
channel-412,64521,30281148,30281155,7,2025-02-24 20:26:04.970684,2025-02-24 20:26:16.763637,11.792953
channel-143,128303,30281151,30281170,19,2025-02-24 20:26:08.717267,2025-02-24 20:26:35.180661,26.463394
channel-0,4037975,30281163,30281173,10,2025-02-24 20:26:27.128021,2025-02-24 20:26:39.621108,12.493087
channel-115,20368,30281171,30281181,10,2025-02-24 20:26:37.314030,2025-02-24 20:26:50.394307,13.080277
channel-0,4037976,30281174,30281184,10,2025-02-24 20:26:40.885987,2025-02-24 20:26:55.354334,14.468347
channel-750,682311,30281174,30281182,8,2025-02-24 20:26:40.885987,2025-02-24 20:26:52.061589,11.175602
channel-251,85188,30281181,30281212,31,2025-02-24 20:26:50.394307,2025-02-24 20:27:30.918279,40.523972
channel-143,128304,30281188,30281199,11,2025-02-24 20:27:00.403680,2025-02-24 20:27:13.013719,12.610039
channel-750,682312,30281195,30281203,8,2025-02-24 20:27:08.557501,2025-02-24 20:27:17.767116,9.209615
channel-750,682313,30281197,30281201,4,2025-02-24 20:27:10.783080,2025-02-24 20:27:15.472623,4.689543
channel-6994,1324142,30281199,30281211,12,2025-02-24 20:27:13.013719,2025-02-24 20:27:29.665087,16.651368
channel-0,4037977,30281210,30281223,13,2025-02-24 20:27:26.973331,2025-02-24 20:27:43.618718,16.645387
channel-1279,67117,30281211,30281248,37,2025-02-24 20:27:29.665087,2025-02-24 20:28:15.138577,45.47349
channel-1,408306,30281223,30281271,48,2025-02-24 20:27:43.618718,2025-02-24 20:28:44.626755,61.008037
channel-85077,59904,30281225,30281234,9,2025-02-24 20:27:45.805981,2025-02-24 20:27:57.502582,11.696601
channel-143,128305,30281236,30281246,10,2025-02-24 20:27:59.853113,2025-02-24 20:28:12.777947,12.924834
channel-6994,1324143,30281237,30281247,10,2025-02-24 20:28:01.016613,2025-02-24 20:28:13.911004,12.894391
channel-184,137407,30281239,30281249,10,2025-02-24 20:28:04.280139,2025-02-24 20:28:16.300461,12.020322
channel-6994,1324144,30281245,30281258,13,2025-02-24 20:28:11.121091,2025-02-24 20:28:27.772625,16.651534
channel-1,408307,30281247,30281289,42,2025-02-24 20:28:13.911004,2025-02-24 20:29:08.755682,54.844678
channel-6994,1324145,30281248,30281263,15,2025-02-24 20:28:15.138577,2025-02-24 20:28:34.102817,18.96424
channel-6994,1324146,30281249,30281263,14,2025-02-24 20:28:16.300461,2025-02-24 20:28:34.102817,17.802356
channel-6994,1324147,30281262,30281272,10,2025-02-24 20:28:32.929636,2025-02-24 20:28:46.908919,13.979283
channel-94814,3756,30281265,30281275,10,2025-02-24 20:28:36.454781,2025-02-24 20:28:50.509557,14.054776
channel-1,408308,30281267,30281289,22,2025-02-24 20:28:39.960184,2025-02-24 20:29:08.755682,28.795498
channel-6994,1324148,30281270,30281282,12,2025-02-24 20:28:43.399258,2025-02-24 20:28:59.407344,16.008086
channel-6994,1324149,30281272,30281282,10,2025-02-24 20:28:46.908919,2025-02-24 20:28:59.407344,12.498425
channel-6994,1324150,30281280,30281290,10,2025-02-24 20:28:56.911863,2025-02-24 20:29:10.025137,13.113274
channel-208,1489881,30281289,30281299,10,2025-02-24 20:29:08.755682,2025-02-24 20:29:25.710837,16.955155
channel-216,94192,30281292,30281349,57,2025-02-24 20:29:16.604380,2025-02-24 20:30:29.449939,72.845559
channel-208,1489882,30281297,30281308,11,2025-02-24 20:29:23.441387,2025-02-24 20:29:38.256192,14.814805
channel-0,4037978,30281300,30281312,12,2025-02-24 20:29:28.339244,2025-02-24 20:29:42.844014,14.50477
channel-38946,124106,30281306,30281325,19,2025-02-24 20:29:35.801679,2025-02-24 20:29:58.542416,22.740737
channel-42,1489977,30281317,30281324,7,2025-02-24 20:29:49.323126,2025-02-24 20:29:57.286270,7.963144
channel-85077,59905,30281333,30281345,12,2025-02-24 20:30:09.117786,2025-02-24 20:30:23.321126,14.20334
channel-6994,1324151,30281340,30281353,13,2025-02-24 20:30:17.535796,2025-02-24 20:30:37.348183,19.812387
channel-6994,1324152,30281341,30281353,12,2025-02-24 20:30:18.778994,2025-02-24 20:30:37.348183,18.569189
channel-122,667901,30281347,30281349,2,2025-02-24 20:30:26.017993,2025-02-24 20:30:29.449939,3.431946
channel-85077,59906,30281351,30281361,10,2025-02-24 20:30:35.025270,2025-02-24 20:30:47.454685,12.429415
channel-21113,25310,30281353,30281360,7,2025-02-24 20:30:37.348183,2025-02-24 20:30:46.237224,8.889041
channel-184,137408,30281355,30281362,7,2025-02-24 20:30:39.613579,2025-02-24 20:30:48.542726,8.929147
channel-94814,3757,30281356,30281365,9,2025-02-24 20:30:40.862352,2025-02-24 20:30:51.993669,11.131317
channel-20082,9878,30281359,30281372,13,2025-02-24 20:30:45.154938,2025-02-24 20:30:59.842121,14.687183
channel-199,132698,30281385,30281397,12,2025-02-24 20:31:17.787408,2025-02-24 20:31:33.071874,15.284466
channel-85077,59907,30281394,30281401,7,2025-02-24 20:31:28.168530,2025-02-24 20:31:40.189377,12.020847
channel-208,1489883,30281397,30281405,8,2025-02-24 20:31:33.071874,2025-02-24 20:31:44.713607,11.641733
channel-199,132699,30281397,30281409,12,2025-02-24 20:31:33.071874,2025-02-24 20:31:50.426655,17.354781
channel-0,4037979,30281421,30281434,13,2025-02-24 20:32:04.891375,2025-02-24 20:32:20.965589,16.074214
channel-259,314247,30281421,30281427,6,2025-02-24 20:32:04.891375,2025-02-24 20:32:12.673949,7.782574
channel-122,667902,30281430,30281435,5,2025-02-24 20:32:16.296552,2025-02-24 20:32:22.267453,5.970901
channel-6994,1324153,30281446,30281462,16,2025-02-24 20:32:37.747838,2025-02-24 20:32:57.706145,19.958307
channel-251,85189,30281447,30281456,9,2025-02-24 20:32:40.047720,2025-02-24 20:32:50.465843,10.418123
channel-750,682314,30281448,30281453,5,2025-02-24 20:32:41.184869,2025-02-24 20:32:46.974806,5.789937
channel-38946,124107,30281448,30281461,13,2025-02-24 20:32:41.184869,2025-02-24 20:32:56.619691,15.434822
channel-340,3176,30281459,30281471,12,2025-02-24 20:32:54.126107,2025-02-24 20:33:09.121391,14.995284
channel-8,43455,30281469,30281494,25,2025-02-24 20:33:06.907282,2025-02-24 20:33:39.684897,32.777615
channel-4,166893,30281471,30281488,17,2025-02-24 20:33:09.121391,2025-02-24 20:33:31.386170,22.264779
channel-6994,1324154,30281483,30281497,14,2025-02-24 20:33:25.464035,2025-02-24 20:33:43.308642,17.844607
channel-216,94193,30281489,30281558,69,2025-02-24 20:33:32.574303,2025-02-24 20:35:05.298333,92.72403
channel-38946,124108,30281492,30281518,26,2025-02-24 20:33:37.334668,2025-02-24 20:34:09.226373,31.891705
channel-208,1489884,30281493,30281506,13,2025-02-24 20:33:38.513385,2025-02-24 20:33:54.416491,15.903106
channel-208,1489885,30281529,30281539,10,2025-02-24 20:34:23.689110,2025-02-24 20:34:35.684706,11.995596
channel-6994,1324155,30281537,30281545,8,2025-02-24 20:34:33.339007,2025-02-24 20:34:44.322152,10.983145
channel-0,4037980,30281551,30281556,5,2025-02-24 20:34:52.112181,2025-02-24 20:35:02.991344,10.879163
channel-6994,1324156,30281555,30281564,9,2025-02-24 20:35:01.818304,2025-02-24 20:35:16.011958,14.193654
channel-0,4037981,30281558,30281568,10,2025-02-24 20:35:05.298333,2025-02-24 20:35:20.898149,15.599816
channel-94814,3758,30281568,30281581,13,2025-02-24 20:35:20.898149,2025-02-24 20:35:36.218812,15.320663
channel-6994,1324157,30281571,30281585,14,2025-02-24 20:35:24.310452,2025-02-24 20:35:40.841088,16.530636
channel-91017,2800,30281581,30281595,14,2025-02-24 20:35:36.218812,2025-02-24 20:35:55.569805,19.350993
channel-874,292827,30281588,30281594,6,2025-02-24 20:35:45.264373,2025-02-24 20:35:54.345848,9.081475
channel-38946,124109,30281593,30281609,16,2025-02-24 20:35:52.194267,2025-02-24 20:36:11.652143,19.457876
channel-782,310150,30281600,30281605,5,2025-02-24 20:36:01.296116,2025-02-24 20:36:06.998485,5.702369
channel-750,682315,30281603,30281608,5,2025-02-24 20:36:04.761797,2025-02-24 20:36:10.489373,5.727576
channel-188,190546,30281610,30281670,60,2025-02-24 20:36:13.322420,2025-02-24 20:37:29.550527,76.228107
channel-122,667903,30281617,30281621,4,2025-02-24 20:36:23.303282,2025-02-24 20:36:27.868702,4.56542
channel-750,682316,30281631,30281637,6,2025-02-24 20:36:39.372821,2025-02-24 20:36:46.889021,7.5162
channel-874,292828,30281635,30281658,23,2025-02-24 20:36:44.459757,2025-02-24 20:37:14.680490,30.220733
channel-85077,59908,30281638,30281647,9,2025-02-24 20:36:47.999289,2025-02-24 20:37:01.316881,13.317592
channel-122,667904,30281639,30281641,2,2025-02-24 20:36:49.113922,2025-02-24 20:36:52.497801,3.383879
channel-750,682317,30281642,30281655,13,2025-02-24 20:36:55.187230,2025-02-24 20:37:11.166234,15.979004
channel-38946,124110,30281648,30281657,9,2025-02-24 20:37:02.520011,2025-02-24 20:37:13.530833,11.010822
channel-38946,124111,30281653,30281666,13,2025-02-24 20:37:08.747483,2025-02-24 20:37:25.137213,16.38973
channel-85077,59909,30281654,30281661,7,2025-02-24 20:37:09.969509,2025-02-24 20:37:18.062378,8.092869
channel-75,844954,30281664,30281671,7,2025-02-24 20:37:22.783189,2025-02-24 20:37:31.654062,8.870873
channel-0,4037982,30281665,30281674,9,2025-02-24 20:37:23.907909,2025-02-24 20:37:35.209593,11.301684
channel-750,682318,30281666,30281676,10,2025-02-24 20:37:25.137213,2025-02-24 20:37:38.002260,12.865047
channel-8945,17741,30281683,30281698,15,2025-02-24 20:37:45.820198,2025-02-24 20:38:04.512043,18.691845
channel-874,292829,30281691,30281697,6,2025-02-24 20:37:56.481642,2025-02-24 20:38:03.270201,6.788559
channel-85077,59910,30281696,30281704,8,2025-02-24 20:38:02.116379,2025-02-24 20:38:12.442584,10.326205
channel-4,166894,30281711,30281734,23,2025-02-24 20:38:21.323796,2025-02-24 20:38:53.088239,31.764443
channel-8945,17742,30281714,30281725,11,2025-02-24 20:38:24.546263,2025-02-24 20:38:38.607178,14.060915
channel-85791,3751,30281714,30281718,4,2025-02-24 20:38:24.546263,2025-02-24 20:38:29.683049,5.136786
channel-85077,59911,30281717,30281725,8,2025-02-24 20:38:28.381479,2025-02-24 20:38:38.607178,10.225699
channel-216,94194,30281718,30281785,67,2025-02-24 20:38:29.683049,2025-02-24 20:40:01.994931,92.311882
channel-85077,59912,30281721,30281731,10,2025-02-24 20:38:34.096691,2025-02-24 20:38:49.716222,15.619531
channel-122,667905,30281721,30281727,6,2025-02-24 20:38:34.096691,2025-02-24 20:38:45.221977,11.125286
channel-8945,17743,30281730,30281753,23,2025-02-24 20:38:48.687426,2025-02-24 20:39:19.091795,30.404369
channel-6994,1324158,30281736,30281746,10,2025-02-24 20:38:56.369363,2025-02-24 20:39:09.891394,13.522031
channel-75,844955,30281737,30281743,6,2025-02-24 20:38:58.968761,2025-02-24 20:39:06.486674,7.517913
channel-91017,2801,30281752,30281761,9,2025-02-24 20:39:17.830955,2025-02-24 20:39:28.156984,10.326029
channel-6994,1324159,30281756,30281766,10,2025-02-24 20:39:22.494967,2025-02-24 20:39:34.305081,11.810114
channel-0,4037983,30281759,30281769,10,2025-02-24 20:39:25.827356,2025-02-24 20:39:38.600423,12.773067
channel-85077,59913,30281780,30281789,9,2025-02-24 20:39:55.193111,2025-02-24 20:40:08.051715,12.858604
channel-122,667906,30281784,30281787,3,2025-02-24 20:39:59.835397,2025-02-24 20:40:05.484628,5.649231
channel-143,128306,30281785,30281798,13,2025-02-24 20:40:01.994931,2025-02-24 20:40:18.877027,16.882096
channel-38946,124113,30281786,30281797,11,2025-02-24 20:40:04.354717,2025-02-24 20:40:17.717669,13.362952
channel-38946,124114,30281790,30281814,24,2025-02-24 20:40:09.652498,2025-02-24 20:40:40.792371,31.139873
channel-113,301315,30281796,30281832,36,2025-02-24 20:40:16.579090,2025-02-24 20:41:06.923374,50.344284
channel-782,310151,30281798,30281804,6,2025-02-24 20:40:18.877027,2025-02-24 20:40:27.761607,8.88458
channel-326,537752,30281800,30281809,9,2025-02-24 20:40:22.079496,2025-02-24 20:40:33.980545,11.901049
channel-750,682319,30281806,30281822,16,2025-02-24 20:40:30.057410,2025-02-24 20:40:54.349388,24.291978
channel-0,4037984,30281809,30281815,6,2025-02-24 20:40:33.980545,2025-02-24 20:40:46.171317,12.190772
channel-38946,124115,30281818,30281832,14,2025-02-24 20:40:49.556077,2025-02-24 20:41:06.923374,17.367297
channel-19774,345854,30281819,30281830,11,2025-02-24 20:40:50.758257,2025-02-24 20:41:04.641987,13.88373
channel-122,667907,30281821,30281825,4,2025-02-24 20:40:53.208017,2025-02-24 20:40:57.704344,4.496327
channel-1,408309,30281821,30281845,24,2025-02-24 20:40:53.208017,2025-02-24 20:41:23.362203,30.154186
channel-199,132700,30281823,30281830,7,2025-02-24 20:40:55.462193,2025-02-24 20:41:04.641987,9.179794
channel-0,4037985,30281830,30281842,12,2025-02-24 20:41:04.641987,2025-02-24 20:41:20.098722,15.456735
channel-6994,1324160,30281834,30281846,12,2025-02-24 20:41:10.538783,2025-02-24 20:41:24.546917,14.008134
channel-259,314248,30281837,30281844,7,2025-02-24 20:41:13.993104,2025-02-24 20:41:22.267547,8.274443
channel-2494,31905,30281839,30281850,11,2025-02-24 20:41:16.252801,2025-02-24 20:41:29.788243,13.535442
channel-0,4037986,30281842,30281850,8,2025-02-24 20:41:20.098722,2025-02-24 20:41:29.788243,9.689521
channel-6994,1324161,30281842,30281855,13,2025-02-24 20:41:20.098722,2025-02-24 20:41:35.614697,15.515975
channel-0,4037987,30281850,30281860,10,2025-02-24 20:41:29.788243,2025-02-24 20:41:42.448175,12.659932
channel-750,682320,30281856,30281860,4,2025-02-24 20:41:36.982156,2025-02-24 20:41:42.448175,5.466019
channel-0,4037988,30281860,30281871,11,2025-02-24 20:41:42.448175,2025-02-24 20:41:54.780308,12.332133
channel-38946,124116,30281864,30281886,22,2025-02-24 20:41:46.991958,2025-02-24 20:42:14.834233,27.842275
channel-208,1489886,30281871,30281882,11,2025-02-24 20:41:54.780308,2025-02-24 20:42:08.803468,14.02316
channel-0,4037989,30281877,30281890,13,2025-02-24 20:42:02.568884,2025-02-24 20:42:19.503241,16.934357
channel-412,64522,30281880,30281889,9,2025-02-24 20:42:06.409642,2025-02-24 20:42:18.368299,11.958657
channel-38946,124117,30281882,30281896,14,2025-02-24 20:42:08.803468,2025-02-24 20:42:26.664651,17.861183
channel-0,4037990,30281883,30281895,12,2025-02-24 20:42:09.940350,2025-02-24 20:42:25.476518,15.536168
channel-75,844956,30281887,30281895,8,2025-02-24 20:42:15.995040,2025-02-24 20:42:25.476518,9.481478
channel-85077,59914,30281889,30281899,10,2025-02-24 20:42:18.368299,2025-02-24 20:42:31.252423,12.884124
channel-412,64523,30281889,30281900,11,2025-02-24 20:42:18.368299,2025-02-24 20:42:36.617642,18.249343
channel-208,1489887,30281894,30281903,9,2025-02-24 20:42:24.249779,2025-02-24 20:42:39.989777,15.739998
channel-75,844957,30281895,30281899,4,2025-02-24 20:42:25.476518,2025-02-24 20:42:31.252423,5.775905
channel-208,1489888,30281899,30281912,13,2025-02-24 20:42:31.252423,2025-02-24 20:42:50.906528,19.654105
channel-6994,1324162,30281901,30281912,11,2025-02-24 20:42:37.732067,2025-02-24 20:42:50.906528,13.174461
channel-0,4037991,30281909,30281920,11,2025-02-24 20:42:47.588835,2025-02-24 20:42:59.958106,12.369271
channel-6994,1324163,30281909,30281923,14,2025-02-24 20:42:47.588835,2025-02-24 20:43:04.412862,16.824027
channel-2494,31906,30281910,30281922,12,2025-02-24 20:42:48.759547,2025-02-24 20:43:03.194757,14.43521
channel-750,682321,30281914,30281937,23,2025-02-24 20:42:53.207884,2025-02-24 20:43:25.646913,32.439029
channel-85077,59915,30281923,30281932,9,2025-02-24 20:43:04.412862,2025-02-24 20:43:17.419168,13.006306
channel-85077,59916,30281925,30281938,13,2025-02-24 20:43:06.669295,2025-02-24 20:43:26.915865,20.24657
channel-85077,59917,30281928,30281938,10,2025-02-24 20:43:11.498364,2025-02-24 20:43:26.915865,15.417501
channel-6994,1324164,30281929,30281940,11,2025-02-24 20:43:12.681251,2025-02-24 20:43:29.745682,17.064431
channel-750,682322,30281933,30281942,9,2025-02-24 20:43:18.657073,2025-02-24 20:43:32.051818,13.394745
channel-6994,1324165,30281936,30281952,16,2025-02-24 20:43:24.368585,2025-02-24 20:43:43.530322,19.161737
channel-750,682323,30281936,30281950,14,2025-02-24 20:43:24.368585,2025-02-24 20:43:41.305563,16.936978
channel-412,64524,30281943,30281954,11,2025-02-24 20:43:33.364497,2025-02-24 20:43:46.069857,12.70536
channel-85077,59918,30281945,30281953,8,2025-02-24 20:43:35.679177,2025-02-24 20:43:44.946677,9.2675
channel-85077,59919,30281950,30281959,9,2025-02-24 20:43:41.305563,2025-02-24 20:43:52.859321,11.553758
channel-85077,59920,30281953,30281963,10,2025-02-24 20:43:44.946677,2025-02-24 20:43:57.608121,12.661444
channel-6994,1324166,30281953,30281966,13,2025-02-24 20:43:44.946677,2025-02-24 20:44:01.425216,16.478539
channel-85077,59921,30281954,30281971,17,2025-02-24 20:43:46.069857,2025-02-24 20:44:07.441775,21.371918
channel-6994,1324167,30281956,30281966,10,2025-02-24 20:43:49.478061,2025-02-24 20:44:01.425216,11.947155
channel-122,667908,30281963,30281966,3,2025-02-24 20:43:57.608121,2025-02-24 20:44:01.425216,3.817095
channel-0,4037992,30281963,30281968,5,2025-02-24 20:43:57.608121,2025-02-24 20:44:03.845865,6.237744
channel-85077,59922,30281969,30281975,6,2025-02-24 20:44:05.055728,2025-02-24 20:44:12.458595,7.402867
channel-85077,59923,30281975,30281985,10,2025-02-24 20:44:12.458595,2025-02-24 20:44:29.057764,16.599169
channel-85077,59924,30281977,30281987,10,2025-02-24 20:44:19.397301,2025-02-24 20:44:32.350979,12.953678
channel-326,537753,30282000,30282024,24,2025-02-24 20:44:48.737736,2025-02-24 20:45:18.171252,29.433516
channel-85077,59925,30282014,30282024,10,2025-02-24 20:45:06.634152,2025-02-24 20:45:18.171252,11.5371
channel-6994,1324168,30282018,30282029,11,2025-02-24 20:45:11.166491,2025-02-24 20:45:26.152883,14.986392
channel-85077,59926,30282022,30282035,13,2025-02-24 20:45:15.918441,2025-02-24 20:45:33.048226,17.129785
channel-0,4037993,30282026,30282035,9,2025-02-24 20:45:20.484152,2025-02-24 20:45:33.048226,12.564074
channel-115,20369,30282026,30282036,10,2025-02-24 20:45:20.484152,2025-02-24 20:45:34.132854,13.648702
channel-2716,2664,30282027,30282042,15,2025-02-24 20:45:21.733207,2025-02-24 20:45:43.482709,21.749502
channel-2494,31907,30282032,30282042,10,2025-02-24 20:45:29.560993,2025-02-24 20:45:43.482709,13.921716
channel-85077,59927,30282033,30282043,10,2025-02-24 20:45:30.762820,2025-02-24 20:45:45.702984,14.940164
channel-750,682324,30282035,30282039,4,2025-02-24 20:45:33.048226,2025-02-24 20:45:38.140739,5.092513
channel-122,667909,30282036,30282040,4,2025-02-24 20:45:34.132854,2025-02-24 20:45:39.341942,5.209088
channel-85077,59928,30282040,30282060,20,2025-02-24 20:45:39.341942,2025-02-24 20:46:07.895685,28.553743
channel-2494,31908,30282043,30282059,16,2025-02-24 20:45:45.702984,2025-02-24 20:46:06.771902,21.068918
channel-85077,59929,30282044,30282055,11,2025-02-24 20:45:46.816980,2025-02-24 20:46:02.123950,15.30697
channel-38946,124118,30282046,30282072,26,2025-02-24 20:45:50.208986,2025-02-24 20:46:25.994911,35.785925
channel-2494,31909,30282048,30282059,11,2025-02-24 20:45:53.696241,2025-02-24 20:46:06.771902,13.075661
channel-6994,1324169,30282050,30282066,16,2025-02-24 20:45:55.933069,2025-02-24 20:46:17.373235,21.440166
channel-2,130613,30282050,30282063,13,2025-02-24 20:45:55.933069,2025-02-24 20:46:11.622177,15.689108
channel-85077,59930,30282058,30282064,6,2025-02-24 20:46:05.648876,2025-02-24 20:46:12.765831,7.116955
channel-2494,31910,30282062,30282072,10,2025-02-24 20:46:10.342485,2025-02-24 20:46:25.994911,15.652426
channel-750,682325,30282064,30282084,20,2025-02-24 20:46:12.765831,2025-02-24 20:46:39.772329,27.006498
channel-750,682326,30282065,30282071,6,2025-02-24 20:46:15.428647,2025-02-24 20:46:23.718151,8.289504
channel-199,132701,30282066,30282076,10,2025-02-24 20:46:17.373235,2025-02-24 20:46:30.694541,13.321306
channel-122,667910,30282072,30282076,4,2025-02-24 20:46:25.994911,2025-02-24 20:46:30.694541,4.69963
channel-85077,59931,30282073,30282085,12,2025-02-24 20:46:27.177095,2025-02-24 20:46:40.868186,13.691091
channel-85077,59932,30282076,30282099,23,2025-02-24 20:46:30.694541,2025-02-24 20:46:57.305441,26.6109
channel-750,682327,30282079,30282084,5,2025-02-24 20:46:34.140957,2025-02-24 20:46:39.772329,5.631372
channel-0,4037994,30282086,30282099,13,2025-02-24 20:46:41.971404,2025-02-24 20:46:57.305441,15.334037
channel-85077,59933,30282086,30282096,10,2025-02-24 20:46:41.971404,2025-02-24 20:46:53.917449,11.946045
channel-0,4037995,30282087,30282099,12,2025-02-24 20:46:43.110933,2025-02-24 20:46:57.305441,14.194508
channel-38946,124119,30282093,30282106,13,2025-02-24 20:46:50.210750,2025-02-24 20:47:06.353949,16.143199
channel-85077,59934,30282100,30282107,7,2025-02-24 20:46:58.445224,2025-02-24 20:47:07.513335,9.068111
channel-750,682328,30282101,30282106,5,2025-02-24 20:46:59.830870,2025-02-24 20:47:06.353949,6.523079
channel-0,4037996,30282119,30282130,11,2025-02-24 20:47:22.579385,2025-02-24 20:47:36.205854,13.626469
channel-0,4037997,30282122,30282131,9,2025-02-24 20:47:25.778441,2025-02-24 20:47:38.296580,12.518139
channel-85077,59935,30282126,30282140,14,2025-02-24 20:47:31.723009,2025-02-24 20:47:49.547171,17.824162
channel-750,682329,30282126,30282145,19,2025-02-24 20:47:31.723009,2025-02-24 20:47:55.354367,23.631358
channel-750,682330,30282129,30282145,16,2025-02-24 20:47:35.066221,2025-02-24 20:47:55.354367,20.288146
channel-750,682331,30282129,30282145,16,2025-02-24 20:47:35.066221,2025-02-24 20:47:55.354367,20.288146
channel-38946,124120,30282130,30282146,16,2025-02-24 20:47:36.205854,2025-02-24 20:47:56.613816,20.407962
channel-38946,124121,30282133,30282146,13,2025-02-24 20:47:40.661497,2025-02-24 20:47:56.613816,15.952319
channel-216,94195,30282134,30282187,53,2025-02-24 20:47:41.784707,2025-02-24 20:48:57.940896,76.156189
channel-750,682332,30282137,30282152,15,2025-02-24 20:47:45.905719,2025-02-24 20:48:03.806072,17.900353
channel-2494,31911,30282139,30282148,9,2025-02-24 20:47:48.303152,2025-02-24 20:47:58.990679,10.687527
channel-326,537754,30282139,30282145,6,2025-02-24 20:47:48.303152,2025-02-24 20:47:55.354367,7.051215
channel-85077,59936,30282140,30282151,11,2025-02-24 20:47:49.547171,2025-02-24 20:48:02.548129,13.000958
channel-326,537755,30282149,30282170,21,2025-02-24 20:48:00.208145,2025-02-24 20:48:32.775531,32.567386
channel-750,682333,30282150,30282160,10,2025-02-24 20:48:01.314317,2025-02-24 20:48:15.899926,14.585609
channel-85077,59937,30282155,30282162,7,2025-02-24 20:48:09.369688,2025-02-24 20:48:22.919558,13.54987
channel-122,667911,30282158,30282160,2,2025-02-24 20:48:13.494504,2025-02-24 20:48:15.899926,2.405422
channel-326,537756,30282160,30282169,9,2025-02-24 20:48:15.899926,2025-02-24 20:48:31.653832,15.753906
channel-85077,59938,30282160,30282171,11,2025-02-24 20:48:15.899926,2025-02-24 20:48:35.049176,19.14925
channel-75,844958,30282162,30282169,7,2025-02-24 20:48:22.919558,2025-02-24 20:48:31.653832,8.734274
channel-1,408310,30282173,30282185,12,2025-02-24 20:48:38.282688,2025-02-24 20:48:55.572080,17.289392
channel-750,682334,30282175,30282182,7,2025-02-24 20:48:40.543963,2025-02-24 20:48:48.901005,8.357042
channel-85077,59939,30282178,30282188,10,2025-02-24 20:48:43.871535,2025-02-24 20:48:59.139636,15.268101
channel-38946,124122,30282181,30282232,51,2025-02-24 20:48:47.718032,2025-02-24 20:49:54.224882,66.50685
channel-75,844959,30282182,30282191,9,2025-02-24 20:48:48.901005,2025-02-24 20:49:02.883069,13.982064
channel-38946,124123,30282182,30282214,32,2025-02-24 20:48:48.901005,2025-02-24 20:49:31.146747,42.245742
channel-122,667912,30282183,30282187,4,2025-02-24 20:48:53.258110,2025-02-24 20:48:57.940896,4.682786
channel-782,310152,30282184,30282189,5,2025-02-24 20:48:54.315672,2025-02-24 20:49:00.533754,6.218082
channel-6994,1324170,30282185,30282197,12,2025-02-24 20:48:55.572080,2025-02-24 20:49:09.974988,14.402908
channel-0,4037998,30282186,30282199,13,2025-02-24 20:48:56.713898,2025-02-24 20:49:12.135332,15.421434
channel-38946,124124,30282191,30282218,27,2025-02-24 20:49:02.883069,2025-02-24 20:49:36.733350,33.850281
channel-216,94196,30282193,30282253,60,2025-02-24 20:49:05.113238,2025-02-24 20:50:27.185980,82.072742
channel-208,1489889,30282193,30282208,15,2025-02-24 20:49:05.113238,2025-02-24 20:49:23.231869,18.118631
channel-750,682335,30282196,30282206,10,2025-02-24 20:49:08.816875,2025-02-24 20:49:20.595808,11.778933
channel-0,4037999,30282202,30282211,9,2025-02-24 20:49:15.430356,2025-02-24 20:49:27.788608,12.358252
channel-122,667913,30282204,30282210,6,2025-02-24 20:49:18.338653,2025-02-24 20:49:25.435938,7.097285
channel-0,4038000,30282211,30282220,9,2025-02-24 20:49:27.788608,2025-02-24 20:49:39.077285,11.288677
channel-2,130614,30282216,30282225,9,2025-02-24 20:49:34.435751,2025-02-24 20:49:46.315354,11.879603
channel-476,11799,30282228,30282238,10,2025-02-24 20:49:49.755896,2025-02-24 20:50:02.727063,12.971167
channel-85077,59940,30282229,30282238,9,2025-02-24 20:49:50.834872,2025-02-24 20:50:02.727063,11.892191
channel-85077,59941,30282231,30282244,13,2025-02-24 20:49:53.174596,2025-02-24 20:50:11.721068,18.546472
channel-72,516418,30282234,30282276,42,2025-02-24 20:49:56.592733,2025-02-24 20:50:57.090338,60.497605
channel-85077,59942,30282236,30282248,12,2025-02-24 20:49:58.901004,2025-02-24 20:50:16.292732,17.391728
channel-0,4038001,30282239,30282248,9,2025-02-24 20:50:04.984769,2025-02-24 20:50:16.292732,11.307963
channel-85077,59943,30282244,30282251,7,2025-02-24 20:50:11.721068,2025-02-24 20:50:24.141251,12.420183
channel-0,4038002,30282246,30282256,10,2025-02-24 20:50:13.932869,2025-02-24 20:50:30.561482,16.628613
channel-75,844960,30282249,30282258,9,2025-02-24 20:50:17.618440,2025-02-24 20:50:32.723435,15.104995
channel-85077,59944,30282251,30282262,11,2025-02-24 20:50:24.141251,2025-02-24 20:50:38.467449,14.326198
channel-6994,1324171,30282260,30282269,9,2025-02-24 20:50:35.169990,2025-02-24 20:50:48.781889,13.611899
channel-75755,5540,30282262,30282275,13,2025-02-24 20:50:38.467449,2025-02-24 20:50:55.961102,17.493653
channel-0,4038003,30282262,30282273,11,2025-02-24 20:50:38.467449,2025-02-24 20:50:53.480882,15.013433
channel-208,1489890,30282263,30282272,9,2025-02-24 20:50:39.849723,2025-02-24 20:50:52.381603,12.53188
channel-38946,124125,30282265,30282274,9,2025-02-24 20:50:42.374659,2025-02-24 20:50:54.661719,12.28706
channel-208,1489891,30282269,30282282,13,2025-02-24 20:50:48.781889,2025-02-24 20:51:03.935650,15.153761
channel-85077,59945,30282280,30282290,10,2025-02-24 20:51:01.688426,2025-02-24 20:51:13.014410,11.325984
channel-6994,1324172,30282283,30282296,13,2025-02-24 20:51:05.042532,2025-02-24 20:51:20.013395,14.970863
channel-0,4038004,30282284,30282295,11,2025-02-24 20:51:06.071327,2025-02-24 20:51:18.888445,12.817118
channel-75,844961,30282300,30282310,10,2025-02-24 20:51:25.607895,2025-02-24 20:51:38.154034,12.546139
channel-38946,124126,30282302,30282311,9,2025-02-24 20:51:28.478472,2025-02-24 20:51:39.353415,10.874943
channel-0,4038005,30282317,30282349,32,2025-02-24 20:51:46.634022,2025-02-24 20:52:28.942062,42.30804
channel-6994,1324173,30282325,30282341,16,2025-02-24 20:51:57.446591,2025-02-24 20:52:18.351173,20.904582
channel-783,104222,30282330,30282337,7,2025-02-24 20:52:03.449760,2025-02-24 20:52:13.925439,10.475679
channel-0,4038006,30282342,30282372,30,2025-02-24 20:52:19.700794,2025-02-24 20:52:59.922870,40.222076
channel-750,682336,30282344,30282357,13,2025-02-24 20:52:22.080478,2025-02-24 20:52:38.301588,16.22111
channel-85077,59946,30282348,30282359,11,2025-02-24 20:52:27.733651,2025-02-24 20:52:40.787724,13.054073
channel-85077,59947,30282349,30282359,10,2025-02-24 20:52:28.942062,2025-02-24 20:52:40.787724,11.845662
channel-208,1489892,30282352,30282361,9,2025-02-24 20:52:32.467699,2025-02-24 20:52:43.160507,10.692808
channel-0,4038007,30282353,30282364,11,2025-02-24 20:52:33.576665,2025-02-24 20:52:47.624357,14.047692
channel-85077,59948,30282362,30282370,8,2025-02-24 20:52:44.296982,2025-02-24 20:52:57.601481,13.304499
channel-0,4038008,30282366,30282377,11,2025-02-24 20:52:52.262197,2025-02-24 20:53:06.909967,14.64777
channel-326,537757,30282367,30282373,6,2025-02-24 20:52:53.415723,2025-02-24 20:53:02.128085,8.712362
channel-4,166895,30282371,30282383,12,2025-02-24 20:52:58.759727,2025-02-24 20:53:13.802690,15.042963
channel-0,4038009,30282373,30282402,29,2025-02-24 20:53:02.128085,2025-02-24 20:53:39.620026,37.491941
channel-85077,59949,30282376,30282388,12,2025-02-24 20:53:05.649507,2025-02-24 20:53:19.923272,14.273765
channel-0,4038010,30282376,30282387,11,2025-02-24 20:53:05.649507,2025-02-24 20:53:18.740138,13.090631
channel-6994,1324174,30282376,30282387,11,2025-02-24 20:53:05.649507,2025-02-24 20:53:18.740138,13.090631
channel-0,4038011,30282378,30282402,24,2025-02-24 20:53:08.085203,2025-02-24 20:53:39.620026,31.534823
channel-208,1489893,30282380,30282389,9,2025-02-24 20:53:10.195342,2025-02-24 20:53:20.939883,10.744541
channel-750,682337,30282380,30282389,9,2025-02-24 20:53:10.195342,2025-02-24 20:53:20.939883,10.744541
channel-85077,59950,30282380,30282389,9,2025-02-24 20:53:10.195342,2025-02-24 20:53:20.939883,10.744541
channel-6994,1324175,30282389,30282400,11,2025-02-24 20:53:20.939883,2025-02-24 20:53:37.219079,16.279196
channel-0,4038012,30282406,30282415,9,2025-02-24 20:53:44.496668,2025-02-24 20:53:56.962295,12.465627
channel-4,166896,30282410,30282450,40,2025-02-24 20:53:49.133844,2025-02-24 20:54:47.244670,58.110826
channel-85077,59951,30282415,30282423,8,2025-02-24 20:53:56.962295,2025-02-24 20:54:11.248723,14.286428
channel-85077,59952,30282416,30282423,7,2025-02-24 20:53:58.260710,2025-02-24 20:54:11.248723,12.988013
channel-85077,59953,30282417,30282430,13,2025-02-24 20:54:04.021927,2025-02-24 20:54:20.693766,16.671839
channel-208,1489894,30282418,30282434,16,2025-02-24 20:54:05.350639,2025-02-24 20:54:26.379883,21.029244
channel-0,4038013,30282418,30282443,25,2025-02-24 20:54:05.350639,2025-02-24 20:54:38.151241,32.800602
channel-208,1489895,30282418,30282434,16,2025-02-24 20:54:05.350639,2025-02-24 20:54:26.379883,21.029244
channel-750,682338,30282422,30282427,5,2025-02-24 20:54:09.989985,2025-02-24 20:54:17.095110,7.105125
channel-85077,59954,30282422,30282458,36,2025-02-24 20:54:09.989985,2025-02-24 20:54:57.895268,47.905283
channel-85077,59955,30282423,30282433,10,2025-02-24 20:54:11.248723,2025-02-24 20:54:25.196908,13.948185
channel-750,682339,30282429,30282434,5,2025-02-24 20:54:19.519230,2025-02-24 20:54:26.379883,6.860653
channel-216,94197,30282430,30282511,81,2025-02-24 20:54:20.693766,2025-02-24 20:56:07.835287,107.141521
channel-85077,59956,30282432,30282442,10,2025-02-24 20:54:23.551475,2025-02-24 20:54:35.947737,12.396262
channel-85077,59957,30282438,30282458,20,2025-02-24 20:54:31.242536,2025-02-24 20:54:57.895268,26.652732
channel-6994,1324176,30282445,30282455,10,2025-02-24 20:54:40.550297,2025-02-24 20:54:53.467316,12.917019
channel-38946,124127,30282446,30282463,17,2025-02-24 20:54:41.786991,2025-02-24 20:55:04.988357,23.201366
channel-85077,59958,30282454,30282468,14,2025-02-24 20:54:52.379831,2025-02-24 20:55:11.416408,19.036577
channel-85077,59959,30282454,30282468,14,2025-02-24 20:54:52.379831,2025-02-24 20:55:11.416408,19.036577
channel-6994,1324177,30282458,30282469,11,2025-02-24 20:54:57.895268,2025-02-24 20:55:12.615014,14.719746
channel-326,537758,30282461,30282466,5,2025-02-24 20:55:02.515466,2025-02-24 20:55:09.025002,6.509536
channel-326,537759,30282462,30282468,6,2025-02-24 20:55:03.808911,2025-02-24 20:55:11.416408,7.607497
channel-85077,59960,30282470,30282488,18,2025-02-24 20:55:13.780106,2025-02-24 20:55:37.628663,23.848557
channel-85077,59961,30282472,30282481,9,2025-02-24 20:55:15.985936,2025-02-24 20:55:27.467549,11.481613
channel-85077,59962,30282473,30282485,12,2025-02-24 20:55:18.184219,2025-02-24 20:55:33.083203,14.898984
channel-85077,59963,30282480,30282488,8,2025-02-24 20:55:26.322681,2025-02-24 20:55:37.628663,11.305982
channel-750,682340,30282482,30282491,9,2025-02-24 20:55:28.569279,2025-02-24 20:55:41.255576,12.686297
channel-75,844962,30282483,30282489,6,2025-02-24 20:55:29.691397,2025-02-24 20:55:38.889018,9.197621
channel-750,682341,30282484,30282488,4,2025-02-24 20:55:30.956426,2025-02-24 20:55:37.628663,6.672237
channel-326,537760,30282485,30282494,9,2025-02-24 20:55:33.083203,2025-02-24 20:55:44.868484,11.785281
channel-750,682342,30282485,30282497,12,2025-02-24 20:55:33.083203,2025-02-24 20:55:48.169480,15.086277
channel-85077,59964,30282486,30282495,9,2025-02-24 20:55:34.307400,2025-02-24 20:55:46.003765,11.696365
channel-229,55010,30282491,30282501,10,2025-02-24 20:55:41.255576,2025-02-24 20:55:53.282468,12.026892
channel-6994,1324178,30282497,30282507,10,2025-02-24 20:55:48.169480,2025-02-24 20:56:02.071455,13.901975
channel-6994,1324179,30282498,30282507,9,2025-02-24 20:55:49.781571,2025-02-24 20:56:02.071455,12.289884
channel-85077,59965,30282504,30282514,10,2025-02-24 20:55:58.745073,2025-02-24 20:56:12.380632,13.635559
channel-85077,59966,30282506,30282516,10,2025-02-24 20:56:00.984345,2025-02-24 20:56:15.137222,14.152877
channel-326,537761,30282510,30282515,5,2025-02-24 20:56:06.735727,2025-02-24 20:56:13.871114,7.135387
channel-89298,18643,30282522,30282534,12,2025-02-24 20:56:22.101860,2025-02-24 20:56:36.181375,14.079515
channel-115,20370,30282522,30282531,9,2025-02-24 20:56:22.101860,2025-02-24 20:56:32.288761,10.186901
channel-4,166897,30282527,30282544,17,2025-02-24 20:56:27.868207,2025-02-24 20:56:49.538051,21.669844
channel-122,667914,30282535,30282539,4,2025-02-24 20:56:37.450983,2025-02-24 20:56:42.000580,4.549597
channel-122,667915,30282536,30282540,4,2025-02-24 20:56:38.597070,2025-02-24 20:56:43.144667,4.547597
channel-0,4038014,30282540,30282550,10,2025-02-24 20:56:43.144667,2025-02-24 20:56:57.876406,14.731739
channel-208,1489896,30282540,30282554,14,2025-02-24 20:56:43.144667,2025-02-24 20:57:02.485519,19.340852
channel-85077,59967,30282544,30282551,7,2025-02-24 20:56:49.538051,2025-02-24 20:56:58.993628,9.455577
channel-259,314249,30282562,30282567,5,2025-02-24 20:57:12.794556,2025-02-24 20:57:20.135326,7.34077
channel-77,50258,30282576,30282585,9,2025-02-24 20:57:30.720136,2025-02-24 20:57:42.763062,12.042926
channel-6994,1324180,30282582,30282593,11,2025-02-24 20:57:38.166733,2025-02-24 20:57:52.171127,14.004394
channel-750,682343,30282585,30282610,25,2025-02-24 20:57:42.763062,2025-02-24 20:58:17.096703,34.333641
channel-0,4038015,30282586,30282596,10,2025-02-24 20:57:44.095915,2025-02-24 20:57:58.830819,14.734904
channel-750,682344,30282586,30282599,13,2025-02-24 20:57:44.095915,2025-02-24 20:58:02.869119,18.773204
channel-0,4038016,30282588,30282610,22,2025-02-24 20:57:46.364836,2025-02-24 20:58:17.096703,30.731867
channel-87,182893,30282589,30282604,15,2025-02-24 20:57:47.438078,2025-02-24 20:58:08.853434,21.415356
channel-122,667916,30282589,30282593,4,2025-02-24 20:57:47.438078,2025-02-24 20:57:52.171127,4.733049
channel-5,184277,30282593,30282603,10,2025-02-24 20:57:52.171127,2025-02-24 20:58:07.571921,15.400794
channel-208,1489897,30282593,30282606,13,2025-02-24 20:57:52.171127,2025-02-24 20:58:11.101345,18.930218
channel-6994,1324181,30282602,30282612,10,2025-02-24 20:58:06.386729,2025-02-24 20:58:22.865412,16.478683
channel-184,137409,30282603,30282616,13,2025-02-24 20:58:07.571921,2025-02-24 20:58:28.443356,20.871435
channel-6994,1324182,30282610,30282623,13,2025-02-24 20:58:17.096703,2025-02-24 20:58:36.617518,19.520815
channel-0,4038017,30282612,30282628,16,2025-02-24 20:58:22.865412,2025-02-24 20:58:42.419253,19.553841
channel-0,4038018,30282612,30282628,16,2025-02-24 20:58:22.865412,2025-02-24 20:58:42.419253,19.553841
channel-750,682345,30282612,30282622,10,2025-02-24 20:58:22.865412,2025-02-24 20:58:35.353947,12.488535
channel-259,314250,30282612,30282618,6,2025-02-24 20:58:22.865412,2025-02-24 20:58:30.687081,7.821669
channel-77,50259,30282616,30282625,9,2025-02-24 20:58:28.443356,2025-02-24 20:58:38.977095,10.533739
channel-6994,1324183,30282622,30282634,12,2025-02-24 20:58:35.353947,2025-02-24 20:58:49.815791,14.461844
channel-85077,59968,30282625,30282650,25,2025-02-24 20:58:38.977095,2025-02-24 20:59:08.207536,29.230441
channel-0,4038019,30282628,30282643,15,2025-02-24 20:58:42.419253,2025-02-24 20:59:00.221409,17.802156
channel-6994,1324184,30282631,30282646,15,2025-02-24 20:58:46.238038,2025-02-24 20:59:03.575566,17.337528
channel-208,1489898,30282633,30282646,13,2025-02-24 20:58:48.560555,2025-02-24 20:59:03.575566,15.015011
channel-72,516419,30282636,30282664,28,2025-02-24 20:58:52.119975,2025-02-24 20:59:26.498516,34.378541
channel-85077,59969,30282638,30282650,12,2025-02-24 20:58:54.487403,2025-02-24 20:59:08.207536,13.720133
channel-85077,59970,30282642,30282673,31,2025-02-24 20:58:59.026620,2025-02-24 20:59:37.618033,38.591413
channel-2188,43602,30282644,30282649,5,2025-02-24 20:59:01.296891,2025-02-24 20:59:07.011321,5.71443
channel-6994,1324185,30282651,30282661,10,2025-02-24 20:59:09.338169,2025-02-24 20:59:22.594156,13.255987
channel-122,667917,30282651,30282654,3,2025-02-24 20:59:09.338169,2025-02-24 20:59:12.847350,3.509181
channel-6994,1324186,30282652,30282661,9,2025-02-24 20:59:10.649351,2025-02-24 20:59:22.594156,11.944805
channel-750,682346,30282659,30282663,4,2025-02-24 20:59:19.964319,2025-02-24 20:59:25.396673,5.432354
channel-75,844963,30282661,30282670,9,2025-02-24 20:59:22.594156,2025-02-24 20:59:34.277972,11.683816
channel-750,682347,30282661,30282675,14,2025-02-24 20:59:22.594156,2025-02-24 20:59:42.006628,19.412472
channel-259,314251,30282668,30282674,6,2025-02-24 20:59:31.035049,2025-02-24 20:59:39.869416,8.834367
channel-208,1489899,30282673,30282683,10,2025-02-24 20:59:37.618033,2025-02-24 20:59:54.766797,17.148764
channel-0,4038020,30282683,30282694,11,2025-02-24 20:59:54.766797,2025-02-24 21:00:08.065430,13.298633
channel-6994,1324187,30282694,30282710,16,2025-02-24 21:00:08.065430,2025-02-24 21:00:29.765994,21.700564
channel-750,682348,30282698,30282702,4,2025-02-24 21:00:14.176485,2025-02-24 21:00:18.715027,4.538542
channel-750,682349,30282703,30282708,5,2025-02-24 21:00:20.038558,2025-02-24 21:00:27.153610,7.115052
channel-750,682350,30282704,30282709,5,2025-02-24 21:00:21.295310,2025-02-24 21:00:28.629616,7.334306
channel-0,4038021,30282704,30282718,14,2025-02-24 21:00:21.295310,2025-02-24 21:00:38.952498,17.657188
channel-85077,59971,30282704,30282776,72,2025-02-24 21:00:21.295310,2025-02-24 21:01:57.229577,95.934267
channel-208,1489900,30282706,30282720,14,2025-02-24 21:00:24.877051,2025-02-24 21:00:41.314370,16.437319
channel-75,844964,30282708,30282715,7,2025-02-24 21:00:27.153610,2025-02-24 21:00:35.652559,8.498949
channel-216,94198,30282709,30282770,61,2025-02-24 21:00:28.629616,2025-02-24 21:01:46.024034,77.394418
channel-122,667918,30282713,30282717,4,2025-02-24 21:00:33.224343,2025-02-24 21:00:37.817899,4.593556
channel-6994,1324188,30282733,30282743,10,2025-02-24 21:00:57.132331,2025-02-24 21:01:11.100418,13.968087
channel-5,184278,30282733,30282741,8,2025-02-24 21:00:57.132331,2025-02-24 21:01:08.380353,11.248022
channel-77,50260,30282733,30282744,11,2025-02-24 21:00:57.132331,2025-02-24 21:01:12.216254,15.083923
channel-89321,19395,30282746,30282757,11,2025-02-24 21:01:14.701321,2025-02-24 21:01:30.276826,15.575505
channel-75,844965,30282753,30282761,8,2025-02-24 21:01:25.237690,2025-02-24 21:01:34.854995,9.617305
channel-208,1489901,30282754,30282765,11,2025-02-24 21:01:26.432315,2025-02-24 21:01:40.041915,13.6096
channel-750,682351,30282757,30282763,6,2025-02-24 21:01:30.276826,2025-02-24 21:01:37.276323,6.999497
channel-6994,1324189,30282776,30282786,10,2025-02-24 21:01:57.229577,2025-02-24 21:02:09.726826,12.497249
channel-122,667919,30282778,30282782,4,2025-02-24 21:01:59.545337,2025-02-24 21:02:05.144607,5.59927
channel-1,408311,30282778,30282799,21,2025-02-24 21:01:59.545337,2025-02-24 21:02:26.972245,27.426908
channel-1429,140699,30282782,30282793,11,2025-02-24 21:02:05.144607,2025-02-24 21:02:18.019549,12.874942
channel-874,292830,30282796,30282801,5,2025-02-24 21:02:22.001350,2025-02-24 21:02:30.655380,8.65403
channel-6994,1324190,30282797,30282809,12,2025-02-24 21:02:23.195648,2025-02-24 21:02:41.110957,17.915309
channel-6994,1324191,30282808,30282823,15,2025-02-24 21:02:39.887747,2025-02-24 21:03:01.023947,21.1362
channel-0,4038022,30282812,30282819,7,2025-02-24 21:02:48.092468,2025-02-24 21:02:56.065481,7.973013
channel-750,682352,30282815,30282821,6,2025-02-24 21:02:51.626232,2025-02-24 21:02:58.504988,6.878756
channel-75,844966,30282827,30282836,9,2025-02-24 21:03:06.969600,2025-02-24 21:03:17.853043,10.883443
channel-326,537762,30282827,30282834,7,2025-02-24 21:03:06.969600,2025-02-24 21:03:15.536602,8.567002
channel-0,4038023,30282838,30282848,10,2025-02-24 21:03:20.176435,2025-02-24 21:03:31.906153,11.729718
channel-6994,1324192,30282841,30282851,10,2025-02-24 21:03:23.564133,2025-02-24 21:03:36.632509,13.068376
channel-0,4038024,30282849,30282856,7,2025-02-24 21:03:34.286226,2025-02-24 21:03:44.995404,10.709178
channel-6994,1324193,30282853,30282866,13,2025-02-24 21:03:40.582472,2025-02-24 21:03:57.916415,17.333943
channel-4,166898,30282855,30282867,12,2025-02-24 21:03:43.837820,2025-02-24 21:03:59.752711,15.914891
channel-412,64525,30282859,30282870,11,2025-02-24 21:03:48.418478,2025-02-24 21:04:03.424038,15.00556
channel-6994,1324194,30282862,30282871,9,2025-02-24 21:03:52.466935,2025-02-24 21:04:04.648725,12.18179
channel-0,4038025,30282865,30282874,9,2025-02-24 21:03:56.866072,2025-02-24 21:04:08.038462,11.17239
channel-113,301316,30282879,30282929,50,2025-02-24 21:04:13.670133,2025-02-24 21:05:20.584044,66.913911
channel-0,4038026,30282880,30282888,8,2025-02-24 21:04:14.814098,2025-02-24 21:04:25.726323,10.912225
channel-750,682353,30282882,30282897,15,2025-02-24 21:04:17.205116,2025-02-24 21:04:36.997154,19.792038
channel-874,292831,30282885,30282890,5,2025-02-24 21:04:21.178606,2025-02-24 21:04:28.147070,6.968464
channel-89321,19396,30282886,30282896,10,2025-02-24 21:04:22.312357,2025-02-24 21:04:35.838490,13.526133
channel-85077,59972,30282895,30282904,9,2025-02-24 21:04:34.512577,2025-02-24 21:04:46.870295,12.357718
channel-6994,1324195,30282898,30282909,11,2025-02-24 21:04:39.460509,2025-02-24 21:04:53.077101,13.616592
channel-85077,59973,30282911,30282924,13,2025-02-24 21:04:56.343787,2025-02-24 21:05:13.122079,16.778292
channel-0,4038027,30282916,30282925,9,2025-02-24 21:05:02.379313,2025-02-24 21:05:15.210430,12.831117
channel-0,4038028,30282927,30282940,13,2025-02-24 21:05:17.867731,2025-02-24 21:05:37.802449,19.934718
channel-0,4038029,30282941,30282961,20,2025-02-24 21:05:38.989967,2025-02-24 21:06:03.912365,24.922398
channel-42,1489978,30282945,30282955,10,2025-02-24 21:05:44.611190,2025-02-24 21:05:56.610522,11.999332
channel-98451,29,30282950,30282966,16,2025-02-24 21:05:50.548692,2025-02-24 21:06:09.590653,19.041961
channel-522,40431,30282958,30282970,12,2025-02-24 21:06:00.042674,2025-02-24 21:06:14.582378,14.539704
channel-750,682354,30282958,30282965,7,2025-02-24 21:06:00.042674,2025-02-24 21:06:08.576066,8.533392
channel-85077,59974,30282966,30282983,17,2025-02-24 21:06:09.590653,2025-02-24 21:06:31.214241,21.623588
channel-88,467094,30282996,30283011,15,2025-02-24 21:06:49.817617,2025-02-24 21:07:07.195570,17.377953
channel-874,292832,30282997,30283004,7,2025-02-24 21:06:50.999989,2025-02-24 21:06:59.040170,8.040181
channel-38946,124128,30283003,30283015,12,2025-02-24 21:06:57.921556,2025-02-24 21:07:13.981238,16.059682
channel-122,667920,30283005,30283010,5,2025-02-24 21:07:00.127877,2025-02-24 21:07:06.020634,5.892757
channel-199,132702,30283023,30283034,11,2025-02-24 21:07:26.746815,2025-02-24 21:07:43.091352,16.344537
channel-122,667921,30283033,30283037,4,2025-02-24 21:07:41.856100,2025-02-24 21:07:46.435497,4.579397
channel-6994,1324196,30283037,30283049,12,2025-02-24 21:07:46.435497,2025-02-24 21:08:02.427226,15.991729
channel-0,4038030,30283044,30283055,11,2025-02-24 21:07:56.107093,2025-02-24 21:08:10.286218,14.179125
channel-199,132703,30283045,30283060,15,2025-02-24 21:07:57.661832,2025-02-24 21:08:16.926186,19.264354
channel-85077,59975,30283045,30283059,14,2025-02-24 21:07:57.661832,2025-02-24 21:08:15.823428,18.161596
channel-412,64526,30283060,30283070,10,2025-02-24 21:08:16.926186,2025-02-24 21:08:28.600632,11.674446
channel-122,667922,30283060,30283064,4,2025-02-24 21:08:16.926186,2025-02-24 21:08:21.394195,4.468009
channel-6994,1324197,30283061,30283076,15,2025-02-24 21:08:17.967858,2025-02-24 21:08:35.593037,17.625179
channel-208,1489902,30283063,30283073,10,2025-02-24 21:08:20.227264,2025-02-24 21:08:31.978028,11.750764
channel-782,310153,30283064,30283073,9,2025-02-24 21:08:21.394195,2025-02-24 21:08:31.978028,10.583833
channel-0,4038031,30283089,30283098,9,2025-02-24 21:08:50.863203,2025-02-24 21:09:02.757510,11.894307
channel-165,71438,30283091,30283106,15,2025-02-24 21:08:54.279522,2025-02-24 21:09:13.461720,19.182198
channel-750,682355,30283105,30283111,6,2025-02-24 21:09:12.001239,2025-02-24 21:09:19.587046,7.585807
channel-6994,1324198,30283110,30283119,9,2025-02-24 21:09:18.447055,2025-02-24 21:09:31.851829,13.404774
channel-38946,124129,30283112,30283121,9,2025-02-24 21:09:20.799173,2025-02-24 21:09:34.109082,13.309909
channel-38946,124130,30283115,30283134,19,2025-02-24 21:09:27.092909,2025-02-24 21:09:50.677675,23.584766
channel-750,682356,30283118,30283135,17,2025-02-24 21:09:30.524520,2025-02-24 21:09:51.795660,21.27114
channel-89321,19397,30283134,30283144,10,2025-02-24 21:09:50.677675,2025-02-24 21:10:04.862953,14.185278
channel-0,4038032,30283138,30283145,7,2025-02-24 21:09:55.406510,2025-02-24 21:10:07.157866,11.751356
channel-750,682357,30283140,30283149,9,2025-02-24 21:09:58.836463,2025-02-24 21:10:11.771598,12.935135
channel-89321,19398,30283141,30283154,13,2025-02-24 21:10:00.057228,2025-02-24 21:10:17.803832,17.746604
channel-89321,19399,30283144,30283154,10,2025-02-24 21:10:04.862953,2025-02-24 21:10:17.803832,12.940879
channel-122,667923,30283149,30283153,4,2025-02-24 21:10:11.771598,2025-02-24 21:10:16.422448,4.65085
channel-216,94199,30283150,30283279,129,2025-02-24 21:10:12.911397,2025-02-24 21:12:59.795703,166.884306
channel-750,682358,30283156,30283161,5,2025-02-24 21:10:20.329297,2025-02-24 21:10:26.585699,6.256402
channel-122,667924,30283160,30283164,4,2025-02-24 21:10:25.378557,2025-02-24 21:10:30.087907,4.70935
channel-204,670784,30283161,30283169,8,2025-02-24 21:10:26.585699,2025-02-24 21:10:35.759685,9.173986
channel-89321,19400,30283169,30283179,10,2025-02-24 21:10:35.759685,2025-02-24 21:10:50.078413,14.318728
channel-38946,124131,30283175,30283190,15,2025-02-24 21:10:44.445418,2025-02-24 21:11:04.076197,19.630779
channel-0,4038033,30283178,30283191,13,2025-02-24 21:10:48.859558,2025-02-24 21:11:05.760072,16.900514
channel-874,292833,30283188,30283193,5,2025-02-24 21:11:01.781468,2025-02-24 21:11:08.009786,6.228318
channel-208,1489903,30283190,30283198,8,2025-02-24 21:11:04.076197,2025-02-24 21:11:15.925340,11.849143
channel-122,667925,30283191,30283195,4,2025-02-24 21:11:05.760072,2025-02-24 21:11:10.596371,4.836299
channel-750,682359,30283192,30283196,4,2025-02-24 21:11:06.888866,2025-02-24 21:11:13.432566,6.5437
channel-8,43456,30283199,30283225,26,2025-02-24 21:11:17.167397,2025-02-24 21:11:48.527113,31.359716
channel-1,408312,30283202,30283224,22,2025-02-24 21:11:20.426874,2025-02-24 21:11:47.306185,26.879311
channel-782,310154,30283214,30283223,9,2025-02-24 21:11:35.195457,2025-02-24 21:11:46.117580,10.922123
channel-89321,19401,30283220,30283247,27,2025-02-24 21:11:42.636642,2025-02-24 21:12:21.077564,38.440922
channel-165,71439,30283226,30283269,43,2025-02-24 21:11:50.180493,2025-02-24 21:12:47.077757,56.897264
channel-208,1489904,30283235,30283247,12,2025-02-24 21:12:04.867996,2025-02-24 21:12:21.077564,16.209568
channel-6994,1324199,30283240,30283254,14,2025-02-24 21:12:12.837913,2025-02-24 21:12:29.070122,16.232209
channel-208,1489905,30283241,30283251,10,2025-02-24 21:12:13.924795,2025-02-24 21:12:25.540947,11.616152
channel-0,4038034,30283242,30283248,6,2025-02-24 21:12:15.066943,2025-02-24 21:12:22.278132,7.211189
channel-251,85190,30283244,30283256,12,2025-02-24 21:12:17.672375,2025-02-24 21:12:31.652697,13.980322
channel-89321,19402,30283244,30283250,6,2025-02-24 21:12:17.672375,2025-02-24 21:12:24.420015,6.74764
channel-750,682360,30283245,30283250,5,2025-02-24 21:12:18.723532,2025-02-24 21:12:24.420015,5.696483
channel-6994,1324200,30283247,30283257,10,2025-02-24 21:12:21.077564,2025-02-24 21:12:33.300825,12.223261
channel-38946,124132,30283262,30283289,27,2025-02-24 21:12:39.060660,2025-02-24 21:13:15.982871,36.922211
channel-8945,17744,30283267,30283278,11,2025-02-24 21:12:44.879215,2025-02-24 21:12:58.616665,13.73745
channel-0,4038035,30283270,30283279,9,2025-02-24 21:12:48.426803,2025-02-24 21:12:59.795703,11.3689
channel-208,1489906,30283271,30283280,9,2025-02-24 21:12:50.590248,2025-02-24 21:13:02.386575,11.796327
channel-6994,1324201,30283275,30283286,11,2025-02-24 21:12:55.140275,2025-02-24 21:13:11.328758,16.188483
channel-6994,1324202,30283281,30283290,9,2025-02-24 21:13:05.109792,2025-02-24 21:13:17.524833,12.415041
channel-259,314252,30283282,30283288,6,2025-02-24 21:13:06.416107,2025-02-24 21:13:13.729134,7.313027
channel-208,1489907,30283283,30283291,8,2025-02-24 21:13:07.595980,2025-02-24 21:13:18.676779,11.080799
channel-89321,19403,30283287,30283298,11,2025-02-24 21:13:12.609818,2025-02-24 21:13:26.698756,14.088938
channel-750,682361,30283287,30283302,15,2025-02-24 21:13:12.609818,2025-02-24 21:13:32.699740,20.089922
channel-1,408313,30283288,30283337,49,2025-02-24 21:13:13.729134,2025-02-24 21:14:17.322539,63.593405
channel-782,310155,30283288,30283297,9,2025-02-24 21:13:13.729134,2025-02-24 21:13:25.442948,11.713814
channel-1429,140700,30283302,30283313,11,2025-02-24 21:13:32.699740,2025-02-24 21:13:47.735924,15.036184
channel-122,667926,30283307,30283310,3,2025-02-24 21:13:38.893329,2025-02-24 21:13:43.948400,5.055071
channel-208,1489908,30283314,30283324,10,2025-02-24 21:13:48.817471,2025-02-24 21:14:00.827512,12.010041
channel-1,408314,30283316,30283338,22,2025-02-24 21:13:51.069607,2025-02-24 21:14:18.534830,27.465223
channel-251,85191,30283326,30283333,7,2025-02-24 21:14:03.332270,2025-02-24 21:14:12.589712,9.257442
channel-0,4038036,30283333,30283345,12,2025-02-24 21:14:12.589712,2025-02-24 21:14:27.206122,14.61641
channel-208,1489909,30283343,30283356,13,2025-02-24 21:14:24.998216,2025-02-24 21:14:40.181099,15.182883
channel-6994,1324203,30283351,30283364,13,2025-02-24 21:14:34.195538,2025-02-24 21:14:50.909158,16.71362
channel-750,682362,30283354,30283369,15,2025-02-24 21:14:37.829714,2025-02-24 21:14:56.475348,18.645634
channel-0,4038037,30283362,30283373,11,2025-02-24 21:14:47.603044,2025-02-24 21:15:02.146018,14.542974
channel-750,682363,30283364,30283369,5,2025-02-24 21:14:50.909158,2025-02-24 21:14:56.475348,5.56619
channel-412,64527,30283373,30283380,7,2025-02-24 21:15:02.146018,2025-02-24 21:15:15.598867,13.452849
channel-38946,124133,30283382,30283392,10,2025-02-24 21:15:18.126375,2025-02-24 21:15:30.347415,12.22104
channel-75,844967,30283387,30283394,7,2025-02-24 21:15:23.837087,2025-02-24 21:15:33.664251,9.827164
channel-750,682364,30283403,30283417,14,2025-02-24 21:15:44.558790,2025-02-24 21:16:01.545823,16.987033
channel-874,292834,30283406,30283412,6,2025-02-24 21:15:48.485644,2025-02-24 21:15:55.867639,7.381995
channel-143,128307,30283408,30283420,12,2025-02-24 21:15:51.030278,2025-02-24 21:16:06.318016,15.287738
channel-750,682365,30283412,30283417,5,2025-02-24 21:15:55.867639,2025-02-24 21:16:01.545823,5.678184
channel-2494,31912,30283414,30283423,9,2025-02-24 21:15:58.165592,2025-02-24 21:16:11.375656,13.210064
channel-85077,59976,30283424,30283435,11,2025-02-24 21:16:13.292943,2025-02-24 21:16:28.071273,14.77833
channel-6994,1324204,30283435,30283445,10,2025-02-24 21:16:28.071273,2025-02-24 21:16:43.127791,15.056518
channel-6994,1324205,30283458,30283468,10,2025-02-24 21:17:02.196720,2025-02-24 21:17:14.298354,12.101634
channel-0,4038038,30283459,30283472,13,2025-02-24 21:17:03.621727,2025-02-24 21:17:18.937790,15.316063
channel-0,4038039,30283466,30283491,25,2025-02-24 21:17:11.897522,2025-02-24 21:17:43.365066,31.467544
channel-6994,1324206,30283476,30283488,12,2025-02-24 21:17:23.485823,2025-02-24 21:17:38.384188,14.898365
channel-85077,59977,30283476,30283490,14,2025-02-24 21:17:23.485823,2025-02-24 21:17:42.208661,18.722838
channel-2494,31913,30283478,30283488,10,2025-02-24 21:17:26.841633,2025-02-24 21:17:38.384188,11.542555
channel-6994,1324207,30283479,30283492,13,2025-02-24 21:17:27.914261,2025-02-24 21:17:44.633113,16.718852
channel-0,4038040,30283481,30283491,10,2025-02-24 21:17:30.217126,2025-02-24 21:17:43.365066,13.14794
channel-6994,1324208,30283482,30283492,10,2025-02-24 21:17:31.410729,2025-02-24 21:17:44.633113,13.222384
channel-782,310156,30283482,30283489,7,2025-02-24 21:17:31.410729,2025-02-24 21:17:40.124908,8.714179
channel-89321,19404,30283485,30283493,8,2025-02-24 21:17:34.809206,2025-02-24 21:17:45.766961,10.957755
channel-2,130615,30283493,30283504,11,2025-02-24 21:17:45.766961,2025-02-24 21:17:58.198026,12.431065
channel-0,4038041,30283497,30283507,10,2025-02-24 21:17:50.360244,2025-02-24 21:18:01.729746,11.369502
channel-98451,30,30283501,30283516,15,2025-02-24 21:17:54.879784,2025-02-24 21:18:12.253313,17.373529
channel-88,467095,30283515,30283528,13,2025-02-24 21:18:11.085735,2025-02-24 21:18:29.429311,18.343576
channel-85077,59978,30283518,30283544,26,2025-02-24 21:18:14.470113,2025-02-24 21:18:49.375716,34.905603
channel-85077,59979,30283522,30283538,16,2025-02-24 21:18:19.943488,2025-02-24 21:18:42.615652,22.672164
channel-750,682366,30283526,30283537,11,2025-02-24 21:18:25.767868,2025-02-24 21:18:41.420279,15.652411
channel-6994,1324209,30283526,30283538,12,2025-02-24 21:18:25.767868,2025-02-24 21:18:42.615652,16.847784
channel-0,4038042,30283542,30283553,11,2025-02-24 21:18:47.178765,2025-02-24 21:19:02.313095,15.13433
channel-0,4038043,30283551,30283562,11,2025-02-24 21:18:59.893973,2025-02-24 21:19:14.172242,14.278269
channel-5,184279,30283551,30283561,10,2025-02-24 21:18:59.893973,2025-02-24 21:19:13.085967,13.191994
channel-6994,1324210,30283560,30283570,10,2025-02-24 21:19:10.959354,2025-02-24 21:19:24.167942,13.208588
channel-251,85192,30283564,30283574,10,2025-02-24 21:19:16.855105,2025-02-24 21:19:29.885719,13.030614
channel-89321,19405,30283572,30283599,27,2025-02-24 21:19:27.534249,2025-02-24 21:20:02.211522,34.677273
channel-148,16084,30283572,30283579,7,2025-02-24 21:19:27.534249,2025-02-24 21:19:36.898314,9.364065
channel-750,682367,30283579,30283586,7,2025-02-24 21:19:36.898314,2025-02-24 21:19:46.109464,9.21115
channel-5,184280,30283582,30283617,35,2025-02-24 21:19:41.443465,2025-02-24 21:20:25.406893,43.963428
channel-750,682368,30283585,30283598,13,2025-02-24 21:19:44.973700,2025-02-24 21:20:00.069874,15.096174
channel-38946,124134,30283585,30283599,14,2025-02-24 21:19:44.973700,2025-02-24 21:20:02.211522,17.237822
channel-0,4038044,30283609,30283620,11,2025-02-24 21:20:14.159918,2025-02-24 21:20:29.138624,14.978706
channel-750,682369,30283617,30283621,4,2025-02-24 21:20:25.406893,2025-02-24 21:20:30.299346,4.892453
channel-6994,1324211,30283618,30283631,13,2025-02-24 21:20:26.568520,2025-02-24 21:20:43.349483,16.780963
channel-750,682370,30283624,30283630,6,2025-02-24 21:20:35.345135,2025-02-24 21:20:42.275115,6.92998
channel-208,1489910,30283624,30283633,9,2025-02-24 21:20:35.345135,2025-02-24 21:20:45.701228,10.356093
channel-6994,1324212,30283643,30283653,10,2025-02-24 21:21:03.113449,2025-02-24 21:21:15.605858,12.492409
channel-2,130616,30283651,30283663,12,2025-02-24 21:21:12.769366,2025-02-24 21:21:28.685086,15.91572
channel-326,537763,30283664,30283675,11,2025-02-24 21:21:30.512621,2025-02-24 21:21:45.216833,14.704212
channel-143,128308,30283665,30283673,8,2025-02-24 21:21:31.517627,2025-02-24 21:21:42.836578,11.318951
channel-6787,166676,30283666,30283670,4,2025-02-24 21:21:32.712922,2025-02-24 21:21:38.525285,5.812363
channel-0,4038045,30283672,30283686,14,2025-02-24 21:21:40.697451,2025-02-24 21:21:58.427600,17.730149
channel-0,4038046,30283696,30283707,11,2025-02-24 21:22:09.807620,2025-02-24 21:22:22.365523,12.557903
channel-85791,3752,30283711,30283716,5,2025-02-24 21:22:27.050617,2025-02-24 21:22:33.277545,6.226928
channel-0,4038047,30283712,30283720,8,2025-02-24 21:22:28.286525,2025-02-24 21:22:39.796524,11.509999
channel-6994,1324213,30283715,30283724,9,2025-02-24 21:22:31.967106,2025-02-24 21:22:46.355258,14.388152
channel-259,314253,30283719,30283724,5,2025-02-24 21:22:38.126495,2025-02-24 21:22:46.355258,8.228763
channel-122,667927,30283734,30283738,4,2025-02-24 21:22:57.738495,2025-02-24 21:23:02.364663,4.626168
channel-216,94200,30283741,30283796,55,2025-02-24 21:23:06.960675,2025-02-24 21:24:17.668067,70.707392
channel-85791,3753,30283746,30283752,6,2025-02-24 21:23:12.829456,2025-02-24 21:23:21.711785,8.882329
channel-216,94201,30283752,30283866,114,2025-02-24 21:23:21.711785,2025-02-24 21:25:52.457724,150.745939
channel-750,682371,30283755,30283760,5,2025-02-24 21:23:25.770146,2025-02-24 21:23:31.564446,5.7943
channel-259,314254,30283771,30283777,6,2025-02-24 21:23:47.886609,2025-02-24 21:23:55.271318,7.384709
channel-0,4038048,30283777,30283788,11,2025-02-24 21:23:55.271318,2025-02-24 21:24:08.433313,13.161995
channel-85791,3754,30283778,30283786,8,2025-02-24 21:23:56.409573,2025-02-24 21:24:06.207491,9.797918
channel-89321,19406,30283779,30283814,35,2025-02-24 21:23:57.581999,2025-02-24 21:24:43.423142,45.841143
channel-0,4038049,30283784,30283807,23,2025-02-24 21:24:03.512314,2025-02-24 21:24:33.428676,29.916362
channel-143,128309,30283786,30283797,11,2025-02-24 21:24:06.207491,2025-02-24 21:24:18.889687,12.682196
channel-216,94202,30283804,30283895,91,2025-02-24 21:24:29.927511,2025-02-24 21:26:32.616213,122.688702
channel-108,39846,30283811,30283838,27,2025-02-24 21:24:37.733144,2025-02-24 21:25:12.776163,35.043019
channel-0,4038050,30283814,30283826,12,2025-02-24 21:24:43.423142,2025-02-24 21:24:57.651437,14.228295
channel-0,4038051,30283814,30283837,23,2025-02-24 21:24:43.423142,2025-02-24 21:25:11.514593,28.091451
channel-4,166899,30283822,30283858,36,2025-02-24 21:24:53.103410,2025-02-24 21:25:41.000736,47.897326
channel-251,85193,30283826,30283844,18,2025-02-24 21:24:57.651437,2025-02-24 21:25:23.136785,25.485348
channel-0,4038052,30283828,30283837,9,2025-02-24 21:25:01.084179,2025-02-24 21:25:11.514593,10.430414
channel-6994,1324214,30283828,30283838,10,2025-02-24 21:25:01.084179,2025-02-24 21:25:12.776163,11.691984
channel-0,4038053,30283832,30283840,8,2025-02-24 21:25:05.688550,2025-02-24 21:25:18.434701,12.746151
channel-188,190547,30283835,30283857,22,2025-02-24 21:25:09.152369,2025-02-24 21:25:39.984109,30.83174
channel-216,94203,30283836,30283921,85,2025-02-24 21:25:10.268274,2025-02-24 21:27:07.518521,117.250247
channel-208,1489911,30283838,30283850,12,2025-02-24 21:25:12.776163,2025-02-24 21:25:31.539346,18.763183
channel-251,85194,30283843,30283853,10,2025-02-24 21:25:22.045003,2025-02-24 21:25:35.232291,13.187288
channel-208,1489912,30283847,30283860,13,2025-02-24 21:25:27.672207,2025-02-24 21:25:43.402217,15.73001
channel-42,1489979,30283851,30283860,9,2025-02-24 21:25:32.949640,2025-02-24 21:25:43.402217,10.452577
channel-122,667928,30283853,30283862,9,2025-02-24 21:25:35.232291,2025-02-24 21:25:46.940884,11.708593
channel-122,667929,30283861,30283865,4,2025-02-24 21:25:44.634790,2025-02-24 21:25:51.325708,6.690918
channel-85791,3755,30283866,30283872,6,2025-02-24 21:25:52.457724,2025-02-24 21:26:00.283462,7.825738
channel-750,682372,30283873,30283876,3,2025-02-24 21:26:01.553411,2025-02-24 21:26:05.999129,4.445718
channel-75,844968,30283875,30283886,11,2025-02-24 21:26:03.839450,2025-02-24 21:26:18.044042,14.204592
channel-85077,59980,30283882,30283891,9,2025-02-24 21:26:12.871117,2025-02-24 21:26:23.837600,10.966483
channel-2,130617,30283896,30283909,13,2025-02-24 21:26:33.808455,2025-02-24 21:26:49.193138,15.384683
channel-204,670785,30283901,30283909,8,2025-02-24 21:26:39.784779,2025-02-24 21:26:49.193138,9.408359
channel-6994,1324215,30283906,30283915,9,2025-02-24 21:26:45.787111,2025-02-24 21:26:57.436590,11.649479
channel-0,4038054,30283912,30283918,6,2025-02-24 21:26:52.734636,2025-02-24 21:27:02.878570,10.143934
channel-204,670786,30283914,30283919,5,2025-02-24 21:26:56.252071,2025-02-24 21:27:05.092811,8.84074
channel-6994,1324216,30283914,30283923,9,2025-02-24 21:26:56.252071,2025-02-24 21:27:09.687731,13.43566
channel-216,94204,30283923,30284072,149,2025-02-24 21:27:09.687731,2025-02-24 21:30:29.349735,199.662004
channel-750,682373,30283942,30283951,9,2025-02-24 21:27:32.706802,2025-02-24 21:27:43.716110,11.009308
channel-2,130618,30283954,30283964,10,2025-02-24 21:27:47.181342,2025-02-24 21:28:01.018944,13.837602
channel-122,667930,30283961,30283966,5,2025-02-24 21:27:57.376751,2025-02-24 21:28:03.321121,5.94437
channel-98451,31,30283962,30283982,20,2025-02-24 21:27:58.508278,2025-02-24 21:28:23.796365,25.288087
channel-42,1489980,30283973,30283981,8,2025-02-24 21:28:11.443204,2025-02-24 21:28:22.121448,10.678244
channel-89298,18644,30283975,30283985,10,2025-02-24 21:28:13.676600,2025-02-24 21:28:28.140949,14.464349
channel-6994,1324217,30283985,30283997,12,2025-02-24 21:28:28.140949,2025-02-24 21:28:43.914443,15.773494
channel-782,310157,30283986,30283993,7,2025-02-24 21:28:29.279544,2025-02-24 21:28:39.094144,9.8146
channel-208,1489913,30283987,30284001,14,2025-02-24 21:28:31.413158,2025-02-24 21:28:48.580194,17.167036
channel-73755,5831,30283990,30283998,8,2025-02-24 21:28:35.792320,2025-02-24 21:28:45.101619,9.309299
channel-750,682374,30283996,30284000,4,2025-02-24 21:28:42.555643,2025-02-24 21:28:47.481393,4.92575
channel-6994,1324218,30284012,30284026,14,2025-02-24 21:29:04.196849,2025-02-24 21:29:21.609349,17.4125
channel-208,1489914,30284016,30284029,13,2025-02-24 21:29:09.631619,2025-02-24 21:29:24.906775,15.275156
channel-85077,59981,30284021,30284029,8,2025-02-24 21:29:15.558353,2025-02-24 21:29:24.906775,9.348422
channel-75,844969,30284025,30284033,8,2025-02-24 21:29:20.186486,2025-02-24 21:29:29.461960,9.275474
channel-89298,18645,30284033,30284041,8,2025-02-24 21:29:29.461960,2025-02-24 21:29:40.394305,10.932345
channel-85077,59982,30284037,30284051,14,2025-02-24 21:29:34.127800,2025-02-24 21:29:53.075239,18.947439
channel-259,314255,30284039,30284045,6,2025-02-24 21:29:36.677706,2025-02-24 21:29:44.864565,8.186859
channel-782,310158,30284040,30284048,8,2025-02-24 21:29:38.174632,2025-02-24 21:29:48.722595,10.547963
channel-208,1489915,30284041,30284051,10,2025-02-24 21:29:40.394305,2025-02-24 21:29:53.075239,12.680934
channel-6994,1324219,30284045,30284053,8,2025-02-24 21:29:44.864565,2025-02-24 21:29:58.812968,13.948403
channel-75,844970,30284051,30284058,7,2025-02-24 21:29:53.075239,2025-02-24 21:30:06.516559,13.44132
channel-0,4038055,30284054,30284063,9,2025-02-24 21:30:00.054095,2025-02-24 21:30:12.470900,12.416805
channel-750,682375,30284057,30284070,13,2025-02-24 21:30:05.236035,2025-02-24 21:30:26.965985,21.72995
channel-19774,345855,30284060,30284067,7,2025-02-24 21:30:08.933326,2025-02-24 21:30:23.522919,14.589593
channel-0,4038056,30284067,30284077,10,2025-02-24 21:30:23.522919,2025-02-24 21:30:35.302454,11.779535
channel-782,310159,30284073,30284081,8,2025-02-24 21:30:30.620220,2025-02-24 21:30:40.154833,9.534613
channel-0,4038057,30284085,30284095,10,2025-02-24 21:30:45.233451,2025-02-24 21:30:58.080247,12.846796
channel-782,310160,30284086,30284092,6,2025-02-24 21:30:46.388699,2025-02-24 21:30:53.504150,7.115451
channel-750,682376,30284088,30284097,9,2025-02-24 21:30:48.678269,2025-02-24 21:31:00.380209,11.70194
channel-6994,1324220,30284090,30284102,12,2025-02-24 21:30:51.134197,2025-02-24 21:31:06.392982,15.258785
channel-208,1489916,30284099,30284109,10,2025-02-24 21:31:02.901796,2025-02-24 21:31:16.950627,14.048831
channel-6994,1324221,30284100,30284110,10,2025-02-24 21:31:04.016909,2025-02-24 21:31:18.086453,14.069544
channel-6994,1324222,30284115,30284130,15,2025-02-24 21:31:25.661819,2025-02-24 21:31:43.499594,17.837775
channel-208,1489917,30284119,30284131,12,2025-02-24 21:31:30.941873,2025-02-24 21:31:44.662715,13.720842
channel-88,467096,30284120,30284140,20,2025-02-24 21:31:31.964961,2025-02-24 21:31:54.731397,22.766436
channel-782,310161,30284136,30284144,8,2025-02-24 21:31:50.196593,2025-02-24 21:31:59.300227,9.103634
channel-6994,1324223,30284137,30284150,13,2025-02-24 21:31:51.317252,2025-02-24 21:32:06.875227,15.557975
channel-208,1489918,30284142,30284155,13,2025-02-24 21:31:56.978322,2025-02-24 21:32:14.103438,17.125116
channel-6994,1324224,30284143,30284154,11,2025-02-24 21:31:58.069408,2025-02-24 21:32:11.521809,13.452401
channel-199,132704,30284150,30284159,9,2025-02-24 21:32:06.875227,2025-02-24 21:32:20.347562,13.472335
channel-782,310162,30284150,30284157,7,2025-02-24 21:32:06.875227,2025-02-24 21:32:18.101378,11.226151
channel-750,682377,30284155,30284162,7,2025-02-24 21:32:14.103438,2025-02-24 21:32:23.924843,9.821405
channel-188,190548,30284157,30284166,9,2025-02-24 21:32:18.101378,2025-02-24 21:32:28.530668,10.42929
channel-412,64528,30284157,30284170,13,2025-02-24 21:32:18.101378,2025-02-24 21:32:34.263552,16.162174
channel-6994,1324225,30284168,30284179,11,2025-02-24 21:32:31.928355,2025-02-24 21:32:47.632506,15.704151
channel-208,1489919,30284169,30284180,11,2025-02-24 21:32:33.039104,2025-02-24 21:32:48.709193,15.670089
channel-874,292835,30284177,30284190,13,2025-02-24 21:32:44.581097,2025-02-24 21:33:00.921656,16.340559
channel-782,310163,30284188,30284196,8,2025-02-24 21:32:58.590937,2025-02-24 21:33:07.998896,9.407959
channel-782,310164,30284190,30284200,10,2025-02-24 21:33:00.921656,2025-02-24 21:33:12.657403,11.735747
channel-38946,124135,30284190,30284203,13,2025-02-24 21:33:00.921656,2025-02-24 21:33:17.232854,16.311198
channel-782,310165,30284195,30284202,7,2025-02-24 21:33:06.823941,2025-02-24 21:33:14.812251,7.98831
channel-143,128310,30284201,30284210,9,2025-02-24 21:33:13.778701,2025-02-24 21:33:26.385340,12.606639
channel-75,844971,30284204,30284213,9,2025-02-24 21:33:18.553273,2025-02-24 21:33:30.341546,11.788273
channel-85791,3756,30284214,30284220,6,2025-02-24 21:33:32.040945,2025-02-24 21:33:39.009694,6.968749
channel-6994,1324226,30284217,30284228,11,2025-02-24 21:33:35.510503,2025-02-24 21:33:49.717047,14.206544
channel-6994,1324227,30284219,30284228,9,2025-02-24 21:33:37.714403,2025-02-24 21:33:49.717047,12.002644
channel-6994,1324228,30284226,30284239,13,2025-02-24 21:33:46.242970,2025-02-24 21:34:02.585897,16.342927
channel-199,132705,30284227,30284240,13,2025-02-24 21:33:47.359741,2025-02-24 21:34:03.857294,16.497553
channel-1429,140701,30284233,30284241,8,2025-02-24 21:33:55.483272,2025-02-24 21:34:05.989292,10.50602
channel-122,667931,30284235,30284239,4,2025-02-24 21:33:57.871495,2025-02-24 21:34:02.585897,4.714402
channel-1429,140702,30284237,30284246,9,2025-02-24 21:34:00.152816,2025-02-24 21:34:13.468848,13.316032
channel-88,467097,30284237,30284248,11,2025-02-24 21:34:00.152816,2025-02-24 21:34:16.338569,16.185753
channel-0,4038058,30284238,30284245,7,2025-02-24 21:34:01.322429,2025-02-24 21:34:12.381381,11.058952
channel-782,310166,30284240,30284247,7,2025-02-24 21:34:03.857294,2025-02-24 21:34:15.125175,11.267881
channel-6994,1324229,30284241,30284250,9,2025-02-24 21:34:05.989292,2025-02-24 21:34:18.552953,12.563661
channel-6994,1324230,30284241,30284250,9,2025-02-24 21:34:05.989292,2025-02-24 21:34:18.552953,12.563661
channel-6994,1324231,30284256,30284267,11,2025-02-24 21:34:28.891996,2025-02-24 21:34:46.515822,17.623826
channel-199,132706,30284258,30284265,7,2025-02-24 21:34:31.173871,2025-02-24 21:34:40.738635,9.564764
channel-208,1489920,30284264,30284274,10,2025-02-24 21:34:39.538987,2025-02-24 21:34:55.588474,16.049487
channel-320,119184,30284265,30284301,36,2025-02-24 21:34:40.738635,2025-02-24 21:35:29.819910,49.081275
channel-0,4038059,30284271,30284284,13,2025-02-24 21:34:52.234691,2025-02-24 21:35:08.584978,16.350287
channel-38946,124136,30284273,30284285,12,2025-02-24 21:34:54.517251,2025-02-24 21:35:09.673893,15.156642
channel-75,844972,30284277,30284285,8,2025-02-24 21:34:58.900467,2025-02-24 21:35:09.673893,10.773426
channel-4,166900,30284282,30284301,19,2025-02-24 21:35:05.232376,2025-02-24 21:35:29.819910,24.587534
channel-4,166901,30284285,30284301,16,2025-02-24 21:35:09.673893,2025-02-24 21:35:29.819910,20.146017
channel-38946,124137,30284287,30284303,16,2025-02-24 21:35:12.221196,2025-02-24 21:35:33.035446,20.81425
channel-115,20371,30284293,30284304,11,2025-02-24 21:35:19.308368,2025-02-24 21:35:34.320630,15.012262
channel-199,132707,30284295,30284305,10,2025-02-24 21:35:21.626587,2025-02-24 21:35:35.570372,13.943785
channel-320,119185,30284303,30284357,54,2025-02-24 21:35:33.035446,2025-02-24 21:36:43.789009,70.753563
channel-4,166902,30284304,30284314,10,2025-02-24 21:35:34.320630,2025-02-24 21:35:46.943644,12.623014
channel-2188,43603,30284312,30284317,5,2025-02-24 21:35:44.000755,2025-02-24 21:35:50.293013,6.292258
channel-874,292836,30284324,30284330,6,2025-02-24 21:36:00.643856,2025-02-24 21:36:09.595009,8.951153
channel-38946,124138,30284326,30284341,15,2025-02-24 21:36:03.210894,2025-02-24 21:36:23.300090,20.089196
channel-4,166903,30284338,30284348,10,2025-02-24 21:36:19.528841,2025-02-24 21:36:33.113314,13.584473
channel-4,166904,30284342,30284353,11,2025-02-24 21:36:24.420424,2025-02-24 21:36:39.138653,14.718229
channel-2,130619,30284344,30284355,11,2025-02-24 21:36:26.634737,2025-02-24 21:36:41.432487,14.79775
channel-750,682378,30284346,30284351,5,2025-02-24 21:36:29.619545,2025-02-24 21:36:36.753440,7.133895
channel-4,166905,30284364,30284395,31,2025-02-24 21:36:52.719227,2025-02-24 21:37:33.376866,40.657639
channel-4,166906,30284367,30284377,10,2025-02-24 21:36:56.141055,2025-02-24 21:37:08.987506,12.846451
channel-0,4038060,30284378,30284388,10,2025-02-24 21:37:11.268930,2025-02-24 21:37:23.011508,11.742578
channel-4,166907,30284379,30284390,11,2025-02-24 21:37:12.873992,2025-02-24 21:37:25.309028,12.435036
channel-4,166908,30284380,30284390,10,2025-02-24 21:37:13.991983,2025-02-24 21:37:25.309028,11.317045
channel-750,682379,30284381,30284387,6,2025-02-24 21:37:15.079922,2025-02-24 21:37:21.927596,6.847674
channel-19774,345856,30284383,30284395,12,2025-02-24 21:37:17.312982,2025-02-24 21:37:33.376866,16.063884
channel-4,166909,30284388,30284400,12,2025-02-24 21:37:23.011508,2025-02-24 21:37:39.049236,16.037728
channel-4,166910,30284392,30284405,13,2025-02-24 21:37:28.719782,2025-02-24 21:37:45.119431,16.399649
channel-750,682380,30284405,30284410,5,2025-02-24 21:37:45.119431,2025-02-24 21:37:50.811380,5.691949
channel-4,166911,30284405,30284413,8,2025-02-24 21:37:45.119431,2025-02-24 21:37:54.638285,9.518854
channel-4,166912,30284410,30284423,13,2025-02-24 21:37:50.811380,2025-02-24 21:38:08.872848,18.061468
channel-5,184281,30284423,30284432,9,2025-02-24 21:38:08.872848,2025-02-24 21:38:20.052136,11.179288
channel-4,166913,30284423,30284455,32,2025-02-24 21:38:08.872848,2025-02-24 21:38:49.610040,40.737192
channel-19774,345857,30284429,30284442,13,2025-02-24 21:38:16.632422,2025-02-24 21:38:32.089729,15.457307
channel-208,1489921,30284429,30284442,13,2025-02-24 21:38:16.632422,2025-02-24 21:38:32.089729,15.457307
channel-0,4038061,30284434,30284443,9,2025-02-24 21:38:22.239474,2025-02-24 21:38:33.343903,11.104429
channel-4,166914,30284434,30284466,32,2025-02-24 21:38:22.239474,2025-02-24 21:39:02.338990,40.099516
channel-4,166915,30284435,30284460,25,2025-02-24 21:38:23.451746,2025-02-24 21:38:55.436124,31.984378
channel-6994,1324232,30284441,30284450,9,2025-02-24 21:38:30.965957,2025-02-24 21:38:43.295804,12.329847
channel-0,4038062,30284449,30284480,31,2025-02-24 21:38:42.169330,2025-02-24 21:39:22.518532,40.349202
channel-204,670787,30284451,30304991,20540,2025-02-24 21:38:44.435121,2025-02-25 05:13:36.714355,27292.279234
channel-4,166916,30284451,30284482,31,2025-02-24 21:38:44.435121,2025-02-24 21:39:24.906879,40.471758
channel-19774,345858,30284452,30284462,10,2025-02-24 21:38:45.777841,2025-02-24 21:38:57.759158,11.981317
channel-4,166917,30284452,30284482,30,2025-02-24 21:38:45.777841,2025-02-24 21:39:24.906879,39.129038
channel-38946,124139,30284454,30284463,9,2025-02-24 21:38:48.345608,2025-02-24 21:38:58.826079,10.480471
channel-4,166918,30284459,30284482,23,2025-02-24 21:38:54.350132,2025-02-24 21:39:24.906879,30.556747
channel-21113,25311,30284466,30284473,7,2025-02-24 21:39:02.338990,2025-02-24 21:39:13.919722,11.580732
channel-1,408315,30284467,30284488,21,2025-02-24 21:39:03.682535,2025-02-24 21:39:33.815889,30.133354
channel-75,844973,30284473,30284482,9,2025-02-24 21:39:13.919722,2025-02-24 21:39:24.906879,10.987157
channel-0,4038063,30284495,30284509,14,2025-02-24 21:39:45.572619,2025-02-24 21:40:05.786942,20.214323
channel-750,682381,30284497,30284501,4,2025-02-24 21:39:52.033458,2025-02-24 21:39:56.430693,4.397235
channel-259,314256,30284517,30284524,7,2025-02-24 21:40:16.112319,2025-02-24 21:40:24.294108,8.181789
channel-208,1489922,30284523,30284536,13,2025-02-24 21:40:23.075962,2025-02-24 21:40:40.245886,17.169924
channel-122,667932,30284523,30284526,3,2025-02-24 21:40:23.075962,2025-02-24 21:40:27.699888,4.623926
channel-85077,59983,30284527,30284537,10,2025-02-24 21:40:28.787702,2025-02-24 21:40:41.416634,12.628932
channel-89321,19407,30284534,30284546,12,2025-02-24 21:40:36.760154,2025-02-24 21:40:53.786127,17.025973
channel-5,184282,30284562,30284572,10,2025-02-24 21:41:13.303201,2025-02-24 21:41:25.055527,11.752326
channel-6994,1324233,30284565,30284579,14,2025-02-24 21:41:17.167595,2025-02-24 21:41:33.390874,16.223279
channel-326,537764,30284578,30284586,8,2025-02-24 21:41:32.324655,2025-02-24 21:41:41.458630,9.133975
channel-750,682382,30284582,30284586,4,2025-02-24 21:41:36.924434,2025-02-24 21:41:41.458630,4.534196
channel-6994,1324234,30284583,30284594,11,2025-02-24 21:41:38.021931,2025-02-24 21:41:53.690990,15.669059
channel-89298,18646,30284584,30284591,7,2025-02-24 21:41:39.171080,2025-02-24 21:41:49.941490,10.77041
channel-21113,25312,30284585,30284592,7,2025-02-24 21:41:40.300254,2025-02-24 21:41:51.165446,10.865192
channel-144,86682,30284602,30284613,11,2025-02-24 21:42:03.939175,2025-02-24 21:42:18.051223,14.112048
channel-0,4038064,30284617,30284629,12,2025-02-24 21:42:23.528874,2025-02-24 21:42:37.060227,13.531353
channel-19774,345859,30284618,30284633,15,2025-02-24 21:42:24.730861,2025-02-24 21:42:41.535802,16.804941
channel-0,4038065,30284620,30284629,9,2025-02-24 21:42:26.977376,2025-02-24 21:42:37.060227,10.082851
channel-4,166919,30284621,30284631,10,2025-02-24 21:42:28.087029,2025-02-24 21:42:39.269844,11.182815
channel-208,1489923,30284625,30284639,14,2025-02-24 21:42:32.469093,2025-02-24 21:42:50.961707,18.492614
channel-91017,2802,30284643,30284654,11,2025-02-24 21:42:55.867631,2025-02-24 21:43:10.319004,14.451373
channel-85077,59984,30284643,30284652,9,2025-02-24 21:42:55.867631,2025-02-24 21:43:08.095421,12.22779
channel-750,682383,30284649,30284661,12,2025-02-24 21:43:03.774215,2025-02-24 21:43:18.782834,15.008619
channel-340,3177,30284650,30284660,10,2025-02-24 21:43:05.597153,2025-02-24 21:43:17.733468,12.136315
channel-85077,59985,30284652,30284661,9,2025-02-24 21:43:08.095421,2025-02-24 21:43:18.782834,10.687413
channel-98451,32,30284658,30284666,8,2025-02-24 21:43:15.203994,2025-02-24 21:43:29.195348,13.991354
channel-4,166920,30284663,30284672,9,2025-02-24 21:43:21.126564,2025-02-24 21:43:36.219658,15.093094
channel-89298,18647,30284666,30284674,8,2025-02-24 21:43:29.195348,2025-02-24 21:43:42.661801,13.466453
channel-87,182894,30284676,30284702,26,2025-02-24 21:43:45.471875,2025-02-24 21:44:18.504599,33.032724
channel-122,667933,30284682,30284687,5,2025-02-24 21:43:52.333920,2025-02-24 21:43:59.654905,7.320985
channel-122,667934,30284682,30284687,5,2025-02-24 21:43:52.333920,2025-02-24 21:43:59.654905,7.320985
channel-89298,18648,30284686,30284695,9,2025-02-24 21:43:58.309084,2025-02-24 21:44:10.079399,11.770315
channel-4,166921,30284687,30284703,16,2025-02-24 21:43:59.654905,2025-02-24 21:44:19.745659,20.090754
channel-4,166922,30284688,30284703,15,2025-02-24 21:44:01.969454,2025-02-24 21:44:19.745659,17.776205
channel-85077,59986,30284692,30284710,18,2025-02-24 21:44:06.666798,2025-02-24 21:44:28.432011,21.765213
channel-0,4038066,30284692,30284701,9,2025-02-24 21:44:06.666798,2025-02-24 21:44:17.306884,10.640086
channel-208,1489924,30284697,30284710,13,2025-02-24 21:44:12.463982,2025-02-24 21:44:28.432011,15.968029
channel-4,166923,30284713,30284740,27,2025-02-24 21:44:32.943139,2025-02-24 21:45:06.596703,33.653564
channel-0,4038067,30284713,30284751,38,2025-02-24 21:44:32.943139,2025-02-24 21:45:21.946460,49.003321
channel-6994,1324235,30284728,30284739,11,2025-02-24 21:44:51.556884,2025-02-24 21:45:05.516380,13.959496
channel-4,166924,30284736,30284759,23,2025-02-24 21:45:02.102852,2025-02-24 21:45:32.863788,30.760936
channel-251,85195,30284736,30284749,13,2025-02-24 21:45:02.102852,2025-02-24 21:45:19.682603,17.579751
channel-412,64529,30284739,30284752,13,2025-02-24 21:45:05.516380,2025-02-24 21:45:23.088327,17.571947
channel-4,166925,30284740,30284773,33,2025-02-24 21:45:06.596703,2025-02-24 21:45:49.966084,43.369381
channel-251,85196,30284747,30284758,11,2025-02-24 21:45:17.460176,2025-02-24 21:45:31.721669,14.261493
channel-122,667935,30284749,30284753,4,2025-02-24 21:45:19.682603,2025-02-24 21:45:24.198047,4.515444
channel-85077,59987,30284751,30284760,9,2025-02-24 21:45:21.946460,2025-02-24 21:45:34.012106,12.065646
channel-89298,18649,30284751,30284761,10,2025-02-24 21:45:21.946460,2025-02-24 21:45:35.312794,13.366334
channel-4,166926,30284757,30284797,40,2025-02-24 21:45:30.512444,2025-02-24 21:46:19.570234,49.05779
channel-4,166927,30284762,30284826,64,2025-02-24 21:45:36.693781,2025-02-24 21:46:55.947387,79.253606
channel-122,667936,30284762,30284767,5,2025-02-24 21:45:36.693781,2025-02-24 21:45:42.353401,5.65962
channel-98451,33,30284763,30284789,26,2025-02-24 21:45:37.773237,2025-02-24 21:46:10.368217,32.59498
channel-85077,59988,30284767,30284776,9,2025-02-24 21:45:42.353401,2025-02-24 21:45:54.029742,11.676341
channel-4,166928,30284769,30284843,74,2025-02-24 21:45:44.933285,2025-02-24 21:47:19.250755,94.31747
channel-79703,4423,30284785,30284799,14,2025-02-24 21:46:05.569872,2025-02-24 21:46:21.861841,16.291969
channel-4,166929,30284787,30284856,69,2025-02-24 21:46:07.796392,2025-02-24 21:47:37.392827,89.596435
channel-75,844974,30284801,30284807,6,2025-02-24 21:46:24.068498,2025-02-24 21:46:32.306939,8.238441
channel-75,844975,30284801,30284807,6,2025-02-24 21:46:24.068498,2025-02-24 21:46:32.306939,8.238441
channel-85077,59989,30284808,30284818,10,2025-02-24 21:46:33.960908,2025-02-24 21:46:45.686699,11.725791
channel-750,682384,30284811,30284833,22,2025-02-24 21:46:37.377493,2025-02-24 21:47:05.567367,28.189874
channel-4,166930,30284813,30284871,58,2025-02-24 21:46:39.795265,2025-02-24 21:47:56.058844,76.263579
channel-0,4038068,30284818,30284831,13,2025-02-24 21:46:45.686699,2025-02-24 21:47:03.181010,17.494311
channel-0,4038069,30284828,30284840,12,2025-02-24 21:46:58.215682,2025-02-24 21:47:13.909660,15.693978
channel-4,166931,30284830,30284866,36,2025-02-24 21:47:00.893280,2025-02-24 21:47:50.485800,49.59252
channel-522,40432,30284834,30284845,11,2025-02-24 21:47:06.734752,2025-02-24 21:47:23.205858,16.471106
channel-326,537765,30284838,30284842,4,2025-02-24 21:47:11.466960,2025-02-24 21:47:16.906018,5.439058
channel-4,166932,30284839,30284861,22,2025-02-24 21:47:12.661213,2025-02-24 21:47:43.899548,31.238335
channel-0,4038070,30284846,30284855,9,2025-02-24 21:47:24.434174,2025-02-24 21:47:36.284548,11.850374
channel-0,4038071,30284851,30284860,9,2025-02-24 21:47:30.141567,2025-02-24 21:47:42.511354,12.369787
channel-522,40433,30284860,30284872,12,2025-02-24 21:47:42.511354,2025-02-24 21:47:57.241421,14.730067
channel-216,94207,30284872,30284954,82,2025-02-24 21:47:57.241421,2025-02-24 21:49:46.750880,109.509459
channel-38946,124140,30284878,30284890,12,2025-02-24 21:48:05.882073,2025-02-24 21:48:20.189172,14.307099
channel-122,667937,30284883,30284893,10,2025-02-24 21:48:11.692173,2025-02-24 21:48:26.821925,15.129752
channel-2188,43604,30284888,30284892,4,2025-02-24 21:48:17.860411,2025-02-24 21:48:22.363137,4.502726
channel-0,4038072,30284890,30284900,10,2025-02-24 21:48:20.189172,2025-02-24 21:48:35.184636,14.995464
channel-75,844976,30284909,30284917,8,2025-02-24 21:48:47.432451,2025-02-24 21:48:57.227843,9.795392
channel-0,4038073,30284912,30284922,10,2025-02-24 21:48:50.956508,2025-02-24 21:49:04.254257,13.297749
channel-0,4038074,30284914,30284922,8,2025-02-24 21:48:53.345715,2025-02-24 21:49:04.254257,10.908542
channel-216,94208,30284917,30284983,66,2025-02-24 21:48:57.227843,2025-02-24 21:50:25.286829,88.058986
channel-91017,2803,30284927,30284936,9,2025-02-24 21:49:12.511654,2025-02-24 21:49:25.376695,12.865041
channel-208,1489925,30284928,30284942,14,2025-02-24 21:49:14.615313,2025-02-24 21:49:32.763788,18.148475
channel-39535,10293,30284931,30285007,76,2025-02-24 21:49:18.230750,2025-02-24 21:50:55.211875,96.981125
channel-208,1489926,30284933,30284945,12,2025-02-24 21:49:21.972701,2025-02-24 21:49:36.227675,14.254974
channel-122,667938,30284936,30284940,4,2025-02-24 21:49:25.376695,2025-02-24 21:49:30.412040,5.035345
channel-85077,59990,30284938,30284947,9,2025-02-24 21:49:27.546994,2025-02-24 21:49:38.522921,10.975927
channel-750,682385,30284963,30284983,20,2025-02-24 21:49:57.859955,2025-02-24 21:50:25.286829,27.426874
channel-89321,19408,30284966,30284975,9,2025-02-24 21:50:02.307256,2025-02-24 21:50:15.877218,13.569962
channel-259,314257,30284970,30284975,5,2025-02-24 21:50:07.982095,2025-02-24 21:50:15.877218,7.895123
channel-6994,1324236,30284976,30284989,13,2025-02-24 21:50:17.036477,2025-02-24 21:50:32.858513,15.822036
channel-75,844977,30284978,30284985,7,2025-02-24 21:50:19.480127,2025-02-24 21:50:27.487711,8.007584
channel-0,4038075,30284979,30285009,30,2025-02-24 21:50:20.774807,2025-02-24 21:50:57.638645,36.863838
channel-85077,59991,30284981,30284990,9,2025-02-24 21:50:22.950141,2025-02-24 21:50:33.995762,11.045621
channel-0,4038076,30284982,30284991,9,2025-02-24 21:50:24.102118,2025-02-24 21:50:35.267990,11.165872
channel-326,537766,30284982,30284989,7,2025-02-24 21:50:24.102118,2025-02-24 21:50:32.858513,8.756395
channel-1,408316,30284986,30285014,28,2025-02-24 21:50:28.563549,2025-02-24 21:51:03.673036,35.109487
channel-1,408317,30285011,30285055,44,2025-02-24 21:51:00.046128,2025-02-24 21:51:58.050843,58.004715
channel-89321,19409,30285015,30285026,11,2025-02-24 21:51:04.724483,2025-02-24 21:51:21.532165,16.807682
channel-259,314258,30285015,30285020,5,2025-02-24 21:51:04.724483,2025-02-24 21:51:13.468337,8.743854
channel-208,1489927,30285016,30285029,13,2025-02-24 21:51:07.385275,2025-02-24 21:51:25.059047,17.673772
channel-1429,140703,30285018,30285027,9,2025-02-24 21:51:09.578169,2025-02-24 21:51:22.725839,13.14767
channel-6787,166677,30285022,30285027,5,2025-02-24 21:51:15.739785,2025-02-24 21:51:22.725839,6.986054
channel-1,408318,30285022,30285056,34,2025-02-24 21:51:15.739785,2025-02-24 21:51:59.125117,43.385332
channel-750,682386,30285024,30285034,10,2025-02-24 21:51:19.324288,2025-02-24 21:51:30.875433,11.551145
channel-412,64530,30285034,30285047,13,2025-02-24 21:51:30.875433,2025-02-24 21:51:47.385201,16.509768
channel-0,4038077,30285049,30285062,13,2025-02-24 21:51:50.783330,2025-02-24 21:52:06.145962,15.362632
channel-251,85197,30285058,30285070,12,2025-02-24 21:52:01.518230,2025-02-24 21:52:15.980072,14.461842
channel-0,4038078,30285068,30285074,6,2025-02-24 21:52:13.816475,2025-02-24 21:52:22.574483,8.758008
channel-750,682387,30285072,30285083,11,2025-02-24 21:52:19.999045,2025-02-24 21:52:32.826339,12.827294
channel-1,408319,30285091,30285150,59,2025-02-24 21:52:41.891771,2025-02-24 21:54:06.875005,84.983234
channel-89321,19410,30285092,30285103,11,2025-02-24 21:52:43.064260,2025-02-24 21:52:59.489516,16.425256
channel-91017,2804,30285096,30285104,8,2025-02-24 21:52:50.815413,2025-02-24 21:53:01.102319,10.286906
channel-750,682388,30285098,30285108,10,2025-02-24 21:52:53.268550,2025-02-24 21:53:10.012857,16.744307
channel-85077,59992,30285102,30285108,6,2025-02-24 21:52:58.231950,2025-02-24 21:53:10.012857,11.780907
channel-782,310167,30285103,30285108,5,2025-02-24 21:52:59.489516,2025-02-24 21:53:10.012857,10.523341
channel-85077,59993,30285104,30285120,16,2025-02-24 21:53:01.102319,2025-02-24 21:53:28.288388,27.186069
channel-259,314259,30285104,30285108,4,2025-02-24 21:53:01.102319,2025-02-24 21:53:10.012857,8.910538
channel-0,4038079,30285104,30285114,10,2025-02-24 21:53:01.102319,2025-02-24 21:53:20.453243,19.350924
channel-89321,19411,30285108,30285117,9,2025-02-24 21:53:10.012857,2025-02-24 21:53:24.825117,14.81226
channel-874,292837,30285108,30285123,15,2025-02-24 21:53:10.012857,2025-02-24 21:53:32.958996,22.946139
channel-122,667939,30285108,30285112,4,2025-02-24 21:53:10.012857,2025-02-24 21:53:17.922436,7.909579
channel-0,4038080,30285115,30285128,13,2025-02-24 21:53:21.540350,2025-02-24 21:53:38.801067,17.260717
channel-85077,59994,30285127,30285138,11,2025-02-24 21:53:37.670058,2025-02-24 21:53:50.578433,12.908375
channel-85077,59995,30285133,30285141,8,2025-02-24 21:53:44.704327,2025-02-24 21:53:55.086589,10.382262
channel-85077,59996,30285133,30285141,8,2025-02-24 21:53:44.704327,2025-02-24 21:53:55.086589,10.382262
channel-208,1489928,30285141,30285152,11,2025-02-24 21:53:55.086589,2025-02-24 21:54:10.257058,15.170469
channel-750,682389,30285151,30285170,19,2025-02-24 21:54:07.981336,2025-02-24 21:54:32.681751,24.700415
channel-85077,59997,30285173,30285182,9,2025-02-24 21:54:36.578395,2025-02-24 21:54:48.656226,12.077831
channel-89321,19412,30285188,30285193,5,2025-02-24 21:54:55.345826,2025-02-24 21:55:02.080063,6.734237
channel-0,4038081,30285191,30285201,10,2025-02-24 21:54:59.954706,2025-02-24 21:55:13.564838,13.610132
channel-19774,345860,30285193,30285208,15,2025-02-24 21:55:02.080063,2025-02-24 21:55:22.527195,20.447132
channel-0,4038082,30285202,30285213,11,2025-02-24 21:55:14.692408,2025-02-24 21:55:28.297148,13.60474
channel-89321,19413,30285213,30285221,8,2025-02-24 21:55:28.297148,2025-02-24 21:55:38.367198,10.07005
channel-208,1489929,30285222,30285234,12,2025-02-24 21:55:39.556105,2025-02-24 21:55:53.388243,13.832138
channel-6994,1324237,30285222,30285237,15,2025-02-24 21:55:39.556105,2025-02-24 21:55:56.931110,17.375005
channel-188,190549,30285226,30285247,21,2025-02-24 21:55:44.287922,2025-02-24 21:56:11.160042,26.87212
channel-750,682390,30285239,30285267,28,2025-02-24 21:55:59.865993,2025-02-24 21:56:36.260476,36.394483
channel-232,49194,30285255,30285266,11,2025-02-24 21:56:20.552904,2025-02-24 21:56:34.613416,14.060512
channel-6994,1324238,30285262,30285274,12,2025-02-24 21:56:29.811692,2025-02-24 21:56:44.245687,14.433995
channel-85077,59998,30285264,30285274,10,2025-02-24 21:56:32.135938,2025-02-24 21:56:44.245687,12.109749
channel-6994,1324239,30285265,30285274,9,2025-02-24 21:56:33.533814,2025-02-24 21:56:44.245687,10.711873
channel-208,1489930,30285268,30285277,9,2025-02-24 21:56:37.363026,2025-02-24 21:56:51.985658,14.622632
channel-1,408320,30285268,30285294,26,2025-02-24 21:56:37.363026,2025-02-24 21:57:13.385477,36.022451
channel-0,4038083,30285271,30285280,9,2025-02-24 21:56:40.813029,2025-02-24 21:56:56.591658,15.778629
channel-38946,124141,30285272,30285372,100,2025-02-24 21:56:41.916013,2025-02-24 21:58:59.558408,137.642395
channel-1,408321,30285278,30285294,16,2025-02-24 21:56:53.145586,2025-02-24 21:57:13.385477,20.239891
channel-85077,59999,30285283,30285294,11,2025-02-24 21:57:00.156420,2025-02-24 21:57:13.385477,13.229057
channel-85077,60000,30285293,30285302,9,2025-02-24 21:57:12.233728,2025-02-24 21:57:22.481967,10.248239
channel-208,1489931,30285300,30285309,9,2025-02-24 21:57:20.149566,2025-02-24 21:57:37.372091,17.222525
channel-1,408322,30285304,30285333,29,2025-02-24 21:57:26.278344,2025-02-24 21:58:07.623520,41.345176
channel-208,1489932,30285310,30285322,12,2025-02-24 21:57:38.535208,2025-02-24 21:57:54.351121,15.815913
channel-0,4038084,30285310,30285324,14,2025-02-24 21:57:38.535208,2025-02-24 21:57:56.640765,18.105557
channel-750,682391,30285318,30285336,18,2025-02-24 21:57:49.590551,2025-02-24 21:58:11.802635,22.212084
channel-750,682392,30285324,30285335,11,2025-02-24 21:57:56.640765,2025-02-24 21:58:10.574156,13.933391
channel-122,667940,30285328,30285332,4,2025-02-24 21:58:01.722910,2025-02-24 21:58:06.591437,4.868527
channel-85077,60001,30285332,30285343,11,2025-02-24 21:58:06.591437,2025-02-24 21:58:19.746027,13.15459
channel-6994,1324240,30285333,30285347,14,2025-02-24 21:58:07.623520,2025-02-24 21:58:24.496584,16.873064
channel-122,667941,30285335,30285339,4,2025-02-24 21:58:10.574156,2025-02-24 21:58:15.041789,4.467633
channel-750,682393,30285343,30285348,5,2025-02-24 21:58:19.746027,2025-02-24 21:58:25.625855,5.879828
channel-122,667942,30285344,30285348,4,2025-02-24 21:58:20.934316,2025-02-24 21:58:25.625855,4.691539
channel-874,292838,30285350,30285358,8,2025-02-24 21:58:28.193048,2025-02-24 21:58:38.348427,10.155379
channel-0,4038085,30285353,30285362,9,2025-02-24 21:58:31.519759,2025-02-24 21:58:44.444575,12.924816
channel-85077,60002,30285359,30285365,6,2025-02-24 21:58:39.456809,2025-02-24 21:58:50.573755,11.116946
channel-38946,124142,30285361,30285372,11,2025-02-24 21:58:43.132243,2025-02-24 21:58:59.558408,16.426165
channel-0,4038086,30285362,30285375,13,2025-02-24 21:58:44.444575,2025-02-24 21:59:02.886005,18.44143
channel-783,104223,30285362,30285368,6,2025-02-24 21:58:44.444575,2025-02-24 21:58:53.984891,9.540316
channel-412,64531,30285377,30285389,12,2025-02-24 21:59:05.131884,2025-02-24 21:59:19.094829,13.962945
channel-0,4038087,30285391,30285396,5,2025-02-24 21:59:22.485029,2025-02-24 21:59:28.548308,6.063279
channel-259,314260,30285405,30285410,5,2025-02-24 21:59:40.278606,2025-02-24 21:59:46.166949,5.888343
channel-208,1489933,30285406,30285416,10,2025-02-24 21:59:41.630833,2025-02-24 21:59:54.330777,12.699944
channel-85077,60003,30285410,30285449,39,2025-02-24 21:59:46.166949,2025-02-24 22:00:35.723634,49.556685
channel-85077,60004,30285410,30285449,39,2025-02-24 21:59:46.166949,2025-02-24 22:00:35.723634,49.556685
channel-750,682394,30285415,30285446,31,2025-02-24 21:59:53.118666,2025-02-24 22:00:32.335435,39.216769
channel-115,20372,30285426,30285438,12,2025-02-24 22:00:06.319832,2025-02-24 22:00:22.183476,15.863644
channel-42,1489981,30285437,30285446,9,2025-02-24 22:00:21.070585,2025-02-24 22:00:32.335435,11.26485
channel-75,844978,30285442,30285449,7,2025-02-24 22:00:27.269404,2025-02-24 22:00:35.723634,8.45423
channel-79703,4424,30285443,30285455,12,2025-02-24 22:00:28.519865,2025-02-24 22:00:48.148199,19.628334
channel-874,292839,30285448,30285455,7,2025-02-24 22:00:34.562278,2025-02-24 22:00:48.148199,13.585921
channel-874,292840,30285450,30285469,19,2025-02-24 22:00:41.097194,2025-02-24 22:01:08.657073,27.559879
channel-188,190550,30285453,30285480,27,2025-02-24 22:00:45.847358,2025-02-24 22:01:21.230108,35.38275
channel-89321,19414,30285455,30285478,23,2025-02-24 22:00:48.148199,2025-02-24 22:01:18.814554,30.666355
channel-208,1489934,30285459,30285468,9,2025-02-24 22:00:54.407087,2025-02-24 22:01:07.424323,13.017236
channel-750,682395,30285462,30285480,18,2025-02-24 22:00:58.857105,2025-02-24 22:01:21.230108,22.373003
channel-2188,43605,30285465,30285469,4,2025-02-24 22:01:03.299284,2025-02-24 22:01:08.657073,5.357789
channel-85077,60005,30285468,30285479,11,2025-02-24 22:01:07.424323,2025-02-24 22:01:20.164365,12.740042
channel-2,130620,30285473,30285488,15,2025-02-24 22:01:13.135445,2025-02-24 22:01:30.777546,17.642101
channel-750,682396,30285477,30285486,9,2025-02-24 22:01:17.687749,2025-02-24 22:01:28.382176,10.694427
channel-412,64532,30285480,30285494,14,2025-02-24 22:01:21.230108,2025-02-24 22:01:40.261448,19.03134
channel-188,190551,30285483,30285503,20,2025-02-24 22:01:24.838830,2025-02-24 22:01:53.523947,28.685117
channel-42,1489982,30285486,30285497,11,2025-02-24 22:01:28.382176,2025-02-24 22:01:44.781811,16.399635
channel-144,86683,30285488,30285498,10,2025-02-24 22:01:30.777546,2025-02-24 22:01:46.057054,15.279508
channel-1,408323,30285489,30285500,11,2025-02-24 22:01:32.925466,2025-02-24 22:01:48.394896,15.46943
channel-89321,19415,30285490,30285515,25,2025-02-24 22:01:34.059593,2025-02-24 22:02:10.874991,36.815398
channel-750,682397,30285491,30285496,5,2025-02-24 22:01:35.121054,2025-02-24 22:01:42.622704,7.50165
channel-2188,43606,30285495,30285499,4,2025-02-24 22:01:41.517758,2025-02-24 22:01:47.235411,5.717653
channel-750,682398,30285496,30285500,4,2025-02-24 22:01:42.622704,2025-02-24 22:01:48.394896,5.772192
channel-874,292841,30285496,30285505,9,2025-02-24 22:01:42.622704,2025-02-24 22:01:56.857501,14.234797
channel-42,1489983,30285500,30285513,13,2025-02-24 22:01:48.394896,2025-02-24 22:02:08.339660,19.944764
channel-21113,25313,30285503,30285510,7,2025-02-24 22:01:53.523947,2025-02-24 22:02:04.248812,10.724865
channel-750,682399,30285506,30285522,16,2025-02-24 22:01:57.922847,2025-02-24 22:02:22.358509,24.435662
channel-0,4038088,30285507,30285516,9,2025-02-24 22:02:00.464008,2025-02-24 22:02:12.009579,11.545571
channel-85077,60006,30285510,30285519,9,2025-02-24 22:02:04.248812,2025-02-24 22:02:18.919101,14.670289
channel-77,50261,30285510,30285518,8,2025-02-24 22:02:04.248812,2025-02-24 22:02:17.782121,13.533309
channel-874,292842,30285512,30285518,6,2025-02-24 22:02:07.205705,2025-02-24 22:02:17.782121,10.576416
channel-0,4038089,30285514,30285534,20,2025-02-24 22:02:09.689969,2025-02-24 22:02:40.326849,30.63688
channel-188,190552,30285515,30285537,22,2025-02-24 22:02:10.874991,2025-02-24 22:02:44.034310,33.159319
channel-0,4038090,30285516,30285540,24,2025-02-24 22:02:12.009579,2025-02-24 22:02:52.415398,40.405819
channel-2186,40772,30285516,30285541,25,2025-02-24 22:02:12.009579,2025-02-24 22:02:53.611874,41.602295
channel-259,314261,30285518,30285523,5,2025-02-24 22:02:17.782121,2025-02-24 22:02:23.516902,5.734781
channel-412,64533,30285519,30285532,13,2025-02-24 22:02:18.919101,2025-02-24 22:02:34.447793,15.528692
channel-259,314262,30285520,30285526,6,2025-02-24 22:02:19.989769,2025-02-24 22:02:27.373979,7.38421
channel-0,4038091,30285522,30285540,18,2025-02-24 22:02:22.358509,2025-02-24 22:02:52.415398,30.056889
channel-750,682400,30285529,30285534,5,2025-02-24 22:02:30.886929,2025-02-24 22:02:40.326849,9.43992
channel-91017,2805,30285531,30285539,8,2025-02-24 22:02:33.308498,2025-02-24 22:02:51.098684,17.790186
channel-326,537767,30285532,30285558,26,2025-02-24 22:02:34.447793,2025-02-24 22:03:23.097968,48.650175
channel-6994,1324241,30285532,30285541,9,2025-02-24 22:02:34.447793,2025-02-24 22:02:53.611874,19.164081
channel-874,292843,30285534,30285538,4,2025-02-24 22:02:40.326849,2025-02-24 22:02:49.366940,9.040091
channel-208,1489935,30285537,30285545,8,2025-02-24 22:02:44.034310,2025-02-24 22:02:59.490272,15.455962
channel-4,166933,30285537,30285553,16,2025-02-24 22:02:44.034310,2025-02-24 22:03:15.879935,31.845625
channel-0,4038092,30285537,30285547,10,2025-02-24 22:02:44.034310,2025-02-24 22:03:06.337831,22.303521
channel-19774,345861,30285539,30285545,6,2025-02-24 22:02:51.098684,2025-02-24 22:02:59.490272,8.391588
channel-0,4038093,30285539,30285547,8,2025-02-24 22:02:51.098684,2025-02-24 22:03:06.337831,15.239147
channel-750,682401,30285543,30285553,10,2025-02-24 22:02:56.095045,2025-02-24 22:03:15.879935,19.78489
channel-0,4038094,30285545,30285568,23,2025-02-24 22:02:59.490272,2025-02-24 22:03:36.687221,37.196949
channel-874,292844,30285545,30285550,5,2025-02-24 22:02:59.490272,2025-02-24 22:03:11.033909,11.543637
channel-0,4038095,30285545,30285572,27,2025-02-24 22:02:59.490272,2025-02-24 22:03:41.858456,42.368184
channel-42,1489984,30285547,30285552,5,2025-02-24 22:03:06.337831,2025-02-24 22:03:14.577176,8.239345
channel-0,4038096,30285549,30285568,19,2025-02-24 22:03:09.116947,2025-02-24 22:03:36.687221,27.570274
channel-188,190553,30285549,30285619,70,2025-02-24 22:03:09.116947,2025-02-24 22:04:47.554347,98.4374
channel-874,292845,30285550,30285555,5,2025-02-24 22:03:11.033909,2025-02-24 22:03:19.529267,8.495358
channel-19774,345862,30285552,30285559,7,2025-02-24 22:03:14.577176,2025-02-24 22:03:24.238714,9.661538
channel-1429,140704,30285553,30285564,11,2025-02-24 22:03:15.879935,2025-02-24 22:03:30.632826,14.752891
channel-85791,3757,30285553,30285559,6,2025-02-24 22:03:15.879935,2025-02-24 22:03:24.238714,8.358779
channel-259,314263,30285553,30285560,7,2025-02-24 22:03:15.879935,2025-02-24 22:03:25.461160,9.581225
channel-19774,345863,30285555,30285564,9,2025-02-24 22:03:19.529267,2025-02-24 22:03:30.632826,11.103559
channel-82,18950,30285555,30285581,26,2025-02-24 22:03:19.529267,2025-02-24 22:03:54.464768,34.935501
channel-75,844979,30285555,30285562,7,2025-02-24 22:03:19.529267,2025-02-24 22:03:28.398613,8.869346
channel-0,4038097,30285558,30285568,10,2025-02-24 22:03:23.097968,2025-02-24 22:03:36.687221,13.589253
channel-6994,1324242,30285559,30285584,25,2025-02-24 22:03:24.238714,2025-02-24 22:03:57.991277,33.752563
channel-75016,4618,30285559,30285573,14,2025-02-24 22:03:24.238714,2025-02-24 22:03:44.050700,19.811986
channel-42,1489985,30285562,30285572,10,2025-02-24 22:03:28.398613,2025-02-24 22:03:41.858456,13.459843
channel-874,292846,30285562,30285572,10,2025-02-24 22:03:28.398613,2025-02-24 22:03:41.858456,13.459843
channel-874,292847,30285567,30285572,5,2025-02-24 22:03:35.497154,2025-02-24 22:03:41.858456,6.361302
channel-75,844980,30285567,30285574,7,2025-02-24 22:03:35.497154,2025-02-24 22:03:45.309506,9.812352
channel-75755,5541,30285567,30285577,10,2025-02-24 22:03:35.497154,2025-02-24 22:03:49.341687,13.844533
channel-6,66635,30285568,30285579,11,2025-02-24 22:03:36.687221,2025-02-24 22:03:51.595200,14.907979
channel-750,682402,30285569,30285573,4,2025-02-24 22:03:38.331018,2025-02-24 22:03:44.050700,5.719682
channel-0,4038098,30285572,30285602,30,2025-02-24 22:03:41.858456,2025-02-24 22:04:25.099314,43.240858
channel-19774,345864,30285572,30285581,9,2025-02-24 22:03:41.858456,2025-02-24 22:03:54.464768,12.606312
channel-783,104224,30285572,30285580,8,2025-02-24 22:03:41.858456,2025-02-24 22:03:52.872790,11.014334
channel-0,4038099,30285572,30285601,29,2025-02-24 22:03:41.858456,2025-02-24 22:04:19.727761,37.869305
channel-91017,2806,30285572,30285581,9,2025-02-24 22:03:41.858456,2025-02-24 22:03:54.464768,12.606312
channel-208,1489936,30285572,30285582,10,2025-02-24 22:03:41.858456,2025-02-24 22:03:55.636894,13.778438
channel-6994,1324243,30285573,30285584,11,2025-02-24 22:03:44.050700,2025-02-24 22:03:57.991277,13.940577
channel-874,292848,30285573,30285579,6,2025-02-24 22:03:44.050700,2025-02-24 22:03:51.595200,7.5445
channel-0,4038100,30285574,30285586,12,2025-02-24 22:03:45.309506,2025-02-24 22:04:00.370149,15.060643
channel-6994,1324244,30285574,30285589,15,2025-02-24 22:03:45.309506,2025-02-24 22:04:03.945900,18.636394
channel-259,314264,30285574,30285581,7,2025-02-24 22:03:45.309506,2025-02-24 22:03:54.464768,9.155262
channel-750,682403,30285575,30285646,71,2025-02-24 22:03:46.904584,2025-02-24 22:05:30.653165,103.748581
channel-89321,19416,30285575,30285603,28,2025-02-24 22:03:46.904584,2025-02-24 22:04:26.530154,39.62557
channel-6994,1324245,30285579,30285604,25,2025-02-24 22:03:51.595200,2025-02-24 22:04:27.982716,36.387516
channel-874,292849,30285580,30285585,5,2025-02-24 22:03:52.872790,2025-02-24 22:03:59.192379,6.319589
channel-874,292850,30285582,30285601,19,2025-02-24 22:03:55.636894,2025-02-24 22:04:19.727761,24.090867
channel-412,64534,30285582,30285599,17,2025-02-24 22:03:55.636894,2025-02-24 22:04:16.795547,21.158653
channel-0,4038101,30285583,30285596,13,2025-02-24 22:03:56.782167,2025-02-24 22:04:12.145754,15.363587
channel-0,4038102,30285584,30285604,20,2025-02-24 22:03:57.991277,2025-02-24 22:04:27.982716,29.991439
channel-188,190554,30285584,30285619,35,2025-02-24 22:03:57.991277,2025-02-24 22:04:47.554347,49.56307
channel-6787,166678,30285586,30285592,6,2025-02-24 22:04:00.370149,2025-02-24 22:04:07.562266,7.192117
channel-19774,345865,30285587,30285601,14,2025-02-24 22:04:01.622865,2025-02-24 22:04:19.727761,18.104896
channel-19774,345866,30285590,30285601,11,2025-02-24 22:04:05.117311,2025-02-24 22:04:19.727761,14.61045
channel-0,4038103,30285592,30285604,12,2025-02-24 22:04:07.562266,2025-02-24 22:04:27.982716,20.42045
channel-0,4038104,30285592,30285601,9,2025-02-24 22:04:07.562266,2025-02-24 22:04:19.727761,12.165495
channel-6994,1324246,30285594,30285601,7,2025-02-24 22:04:09.812841,2025-02-24 22:04:19.727761,9.91492
channel-0,4038105,30285597,30285610,13,2025-02-24 22:04:13.530100,2025-02-24 22:04:36.189059,22.658959
channel-42,1489986,30285597,30285614,17,2025-02-24 22:04:13.530100,2025-02-24 22:04:40.943115,27.413015
channel-750,682404,30285598,30285794,196,2025-02-24 22:04:15.588889,2025-02-24 22:08:47.968735,272.379846
channel-874,292851,30285601,30285607,6,2025-02-24 22:04:19.727761,2025-02-24 22:04:32.756515,13.028754
channel-0,4038106,30285601,30285609,8,2025-02-24 22:04:19.727761,2025-02-24 22:04:35.045924,15.318163
channel-783,104225,30285601,30285607,6,2025-02-24 22:04:19.727761,2025-02-24 22:04:32.756515,13.028754
channel-184,137410,30285603,30285617,14,2025-02-24 22:04:26.530154,2025-02-24 22:04:45.317115,18.786961
channel-208,1489937,30285604,30285614,10,2025-02-24 22:04:27.982716,2025-02-24 22:04:40.943115,12.960399
channel-750,682405,30285608,30285794,186,2025-02-24 22:04:33.834558,2025-02-24 22:08:47.968735,254.134177
channel-2188,43607,30285610,30285615,5,2025-02-24 22:04:36.189059,2025-02-24 22:04:42.030960,5.841901
channel-87,182895,30285610,30285679,69,2025-02-24 22:04:36.189059,2025-02-24 22:06:13.399707,97.210648
channel-874,292852,30285611,30285623,12,2025-02-24 22:04:37.385897,2025-02-24 22:04:55.357284,17.971387
channel-208,1489938,30285612,30285621,9,2025-02-24 22:04:38.510284,2025-02-24 22:04:49.825619,11.315335
channel-0,4038107,30285613,30285623,10,2025-02-24 22:04:39.652563,2025-02-24 22:04:55.357284,15.704721
channel-199,132708,30285614,30285635,21,2025-02-24 22:04:40.943115,2025-02-24 22:05:15.892655,34.94954
channel-19774,345867,30285614,30285621,7,2025-02-24 22:04:40.943115,2025-02-24 22:04:49.825619,8.882504
channel-874,292853,30285615,30285623,8,2025-02-24 22:04:42.030960,2025-02-24 22:04:55.357284,13.326324
channel-91017,2807,30285616,30285623,7,2025-02-24 22:04:44.193908,2025-02-24 22:04:55.357284,11.163376
channel-19774,345868,30285616,30285624,8,2025-02-24 22:04:44.193908,2025-02-24 22:04:56.573170,12.379262
channel-188,190555,30285618,30285659,41,2025-02-24 22:04:46.459264,2025-02-24 22:05:47.223254,60.76399
channel-0,4038108,30285618,30285624,6,2025-02-24 22:04:46.459264,2025-02-24 22:04:56.573170,10.113906
channel-88,467098,30285619,30285629,10,2025-02-24 22:04:47.554347,2025-02-24 22:05:07.713917,20.15957
channel-19774,345869,30285619,30285624,5,2025-02-24 22:04:47.554347,2025-02-24 22:04:56.573170,9.018823
channel-89321,19417,30285619,30285664,45,2025-02-24 22:04:47.554347,2025-02-24 22:05:52.918018,65.363671
channel-340,3178,30285621,30285630,9,2025-02-24 22:04:49.825619,2025-02-24 22:05:09.085842,19.260223
channel-0,4038109,30285621,30285629,8,2025-02-24 22:04:49.825619,2025-02-24 22:05:07.713917,17.888298
channel-874,292854,30285621,30285624,3,2025-02-24 22:04:49.825619,2025-02-24 22:04:56.573170,6.747551
channel-85077,60007,30285622,30285628,6,2025-02-24 22:04:54.247084,2025-02-24 22:05:06.386233,12.139149
channel-320,119186,30285626,30285788,162,2025-02-24 22:05:03.320118,2025-02-24 22:08:37.034791,213.714673
channel-874,292855,30285626,30285634,8,2025-02-24 22:05:03.320118,2025-02-24 22:05:14.752349,11.432231
channel-85077,60008,30285628,30285635,7,2025-02-24 22:05:06.386233,2025-02-24 22:05:15.892655,9.506422
channel-0,4038110,30285631,30285661,30,2025-02-24 22:05:10.234381,2025-02-24 22:05:49.356836,39.122455
channel-2188,43608,30285634,30285639,5,2025-02-24 22:05:14.752349,2025-02-24 22:05:20.533808,5.781459
channel-0,4038111,30285634,30285661,27,2025-02-24 22:05:14.752349,2025-02-24 22:05:49.356836,34.604487
channel-208,1489939,30285635,30285648,13,2025-02-24 22:05:15.892655,2025-02-24 22:05:33.093854,17.201199
channel-874,292856,30285636,30285645,9,2025-02-24 22:05:17.141873,2025-02-24 22:05:28.429330,11.287457
channel-6994,1324247,30285639,30285651,12,2025-02-24 22:05:20.533808,2025-02-24 22:05:36.643977,16.110169
channel-412,64535,30285640,30285651,11,2025-02-24 22:05:22.771822,2025-02-24 22:05:36.643977,13.872155
channel-89321,19418,30285640,30285646,6,2025-02-24 22:05:22.771822,2025-02-24 22:05:30.653165,7.881343
channel-750,682406,30285640,30285656,16,2025-02-24 22:05:22.771822,2025-02-24 22:05:43.791482,21.01966
channel-19774,345870,30285640,30285648,8,2025-02-24 22:05:22.771822,2025-02-24 22:05:33.093854,10.322032
channel-143,128311,30285641,30285727,86,2025-02-24 22:05:23.956849,2025-02-24 22:07:19.233801,115.276952
channel-19774,345871,30285642,30285652,10,2025-02-24 22:05:25.037430,2025-02-24 22:05:39.123415,14.085985
channel-874,292857,30285646,30285653,7,2025-02-24 22:05:30.653165,2025-02-24 22:05:40.332291,9.679126
channel-874,292858,30285647,30285653,6,2025-02-24 22:05:31.924717,2025-02-24 22:05:40.332291,8.407574
channel-208,1489940,30285647,30285657,10,2025-02-24 22:05:31.924717,2025-02-24 22:05:45.078672,13.153955
channel-874,292859,30285648,30285653,5,2025-02-24 22:05:33.093854,2025-02-24 22:05:40.332291,7.238437
channel-143,128312,30285651,30285679,28,2025-02-24 22:05:36.643977,2025-02-24 22:06:13.399707,36.75573
channel-91017,2808,30285651,30285662,11,2025-02-24 22:05:36.643977,2025-02-24 22:05:50.476078,13.832101
channel-87,182896,30285656,30285737,81,2025-02-24 22:05:43.791482,2025-02-24 22:07:33.195309,109.403827
channel-0,4038112,30285661,30285685,24,2025-02-24 22:05:49.356836,2025-02-24 22:06:21.874839,32.518003
channel-874,292860,30285661,30285666,5,2025-02-24 22:05:49.356836,2025-02-24 22:05:55.860829,6.503993
channel-208,1489941,30285662,30285670,8,2025-02-24 22:05:50.476078,2025-02-24 22:06:01.838818,11.36274
channel-0,4038113,30285663,30285680,17,2025-02-24 22:05:51.633180,2025-02-24 22:06:15.602888,23.969708
channel-1,408324,30285663,30285704,41,2025-02-24 22:05:51.633180,2025-02-24 22:06:46.310006,54.676826
channel-750,682407,30285668,30285702,34,2025-02-24 22:05:58.431204,2025-02-24 22:06:43.949387,45.518183
channel-19774,345872,30285668,30285680,12,2025-02-24 22:05:58.431204,2025-02-24 22:06:15.602888,17.171684
channel-181,13586,30285669,30285678,9,2025-02-24 22:06:00.588428,2025-02-24 22:06:11.291540,10.703112
channel-874,292861,30285670,30285675,5,2025-02-24 22:06:01.838818,2025-02-24 22:06:07.785183,5.946365
channel-208,1489942,30285670,30285679,9,2025-02-24 22:06:01.838818,2025-02-24 22:06:13.399707,11.560889
channel-208,1489943,30285679,30285688,9,2025-02-24 22:06:13.399707,2025-02-24 22:06:25.438471,12.038764
channel-874,292862,30285680,30285687,7,2025-02-24 22:06:15.602888,2025-02-24 22:06:24.237301,8.634413
channel-874,292863,30285682,30285687,5,2025-02-24 22:06:18.054820,2025-02-24 22:06:24.237301,6.182481
channel-208,1489944,30285686,30285697,11,2025-02-24 22:06:23.063445,2025-02-24 22:06:36.542517,13.479072
channel-85077,60009,30285686,30285712,26,2025-02-24 22:06:23.063445,2025-02-24 22:06:58.028943,34.965498
channel-19774,345873,30285688,30285696,8,2025-02-24 22:06:25.438471,2025-02-24 22:06:34.768181,9.32971
channel-874,292864,30285689,30285695,6,2025-02-24 22:06:26.715251,2025-02-24 22:06:33.470007,6.754756
channel-208,1489945,30285692,30285701,9,2025-02-24 22:06:30.045488,2025-02-24 22:06:42.893572,12.848084
channel-143,128313,30285694,30285893,199,2025-02-24 22:06:32.393289,2025-02-24 22:11:04.114830,271.721541
channel-91017,2809,30285694,30285701,7,2025-02-24 22:06:32.393289,2025-02-24 22:06:42.893572,10.500283
channel-750,682408,30285694,30285709,15,2025-02-24 22:06:32.393289,2025-02-24 22:06:53.515515,21.122226
channel-2188,43609,30285695,30285700,5,2025-02-24 22:06:33.470007,2025-02-24 22:06:41.673645,8.203638
channel-73,51334,30285700,30285710,10,2025-02-24 22:06:41.673645,2025-02-24 22:06:54.772569,13.098924
channel-19774,345874,30285706,30285716,10,2025-02-24 22:06:50.125957,2025-02-24 22:07:06.108114,15.982157
channel-0,4038114,30285709,30285733,24,2025-02-24 22:06:53.515515,2025-02-24 22:07:28.728568,35.213053
channel-208,1489946,30285710,30285718,8,2025-02-24 22:06:54.772569,2025-02-24 22:07:08.382268,13.609699
channel-19774,345875,30285714,30285727,13,2025-02-24 22:07:03.652344,2025-02-24 22:07:19.233801,15.581457
channel-874,292865,30285721,30285737,16,2025-02-24 22:07:12.027205,2025-02-24 22:07:33.195309,21.168104
channel-1575,15190,30285722,30285795,73,2025-02-24 22:07:13.105422,2025-02-24 22:08:49.136230,96.030808
channel-874,292866,30285723,30285729,6,2025-02-24 22:07:14.373968,2025-02-24 22:07:22.634088,8.26012
channel-874,292867,30285724,30285729,5,2025-02-24 22:07:15.716903,2025-02-24 22:07:22.634088,6.917185
channel-874,292868,30285725,30285729,4,2025-02-24 22:07:16.871914,2025-02-24 22:07:22.634088,5.762174
channel-874,292869,30285725,30285729,4,2025-02-24 22:07:16.871914,2025-02-24 22:07:22.634088,5.762174
channel-1429,140705,30285727,30285737,10,2025-02-24 22:07:19.233801,2025-02-24 22:07:33.195309,13.961508
channel-750,682409,30285727,30285731,4,2025-02-24 22:07:19.233801,2025-02-24 22:07:26.198850,6.965049
channel-0,4038115,30285729,30285754,25,2025-02-24 22:07:22.634088,2025-02-24 22:07:55.203461,32.569373
channel-208,1489947,30285729,30285740,11,2025-02-24 22:07:22.634088,2025-02-24 22:07:37.424439,14.790351
channel-188,190556,30285730,30285797,67,2025-02-24 22:07:24.968010,2025-02-24 22:08:53.127473,88.159463
channel-750,682410,30285730,30285745,15,2025-02-24 22:07:24.968010,2025-02-24 22:07:43.812506,18.844496
channel-0,4038116,30285731,30285761,30,2025-02-24 22:07:26.198850,2025-02-24 22:08:03.426059,37.227209
channel-75016,4619,30285731,30285768,37,2025-02-24 22:07:26.198850,2025-02-24 22:08:12.361508,46.162658
channel-0,4038117,30285735,30285761,26,2025-02-24 22:07:30.965089,2025-02-24 22:08:03.426059,32.46097
channel-2188,43610,30285735,30285739,4,2025-02-24 22:07:30.965089,2025-02-24 22:07:36.376006,5.410917
channel-874,292870,30285737,30285743,6,2025-02-24 22:07:33.195309,2025-02-24 22:07:41.365235,8.169926
channel-874,292871,30285738,30285745,7,2025-02-24 22:07:35.275754,2025-02-24 22:07:43.812506,8.536752
channel-6994,1324248,30285738,30285752,14,2025-02-24 22:07:35.275754,2025-02-24 22:07:52.850576,17.574822
channel-38946,124143,30285739,30285771,32,2025-02-24 22:07:36.376006,2025-02-24 22:08:16.131417,39.755411
channel-0,4038118,30285740,30285771,31,2025-02-24 22:07:37.424439,2025-02-24 22:08:16.131417,38.706978
channel-0,4038119,30285740,30285752,12,2025-02-24 22:07:37.424439,2025-02-24 22:07:52.850576,15.426137
channel-6994,1324249,30285742,30285757,15,2025-02-24 22:07:39.949886,2025-02-24 22:07:58.618493,18.668607
channel-19774,345876,30285743,30285775,32,2025-02-24 22:07:41.365235,2025-02-24 22:08:20.790943,39.425708
channel-750,682411,30285745,30285770,25,2025-02-24 22:07:43.812506,2025-02-24 22:08:14.682568,30.870062
channel-19774,345877,30285747,30285756,9,2025-02-24 22:07:46.004702,2025-02-24 22:07:57.557975,11.553273
channel-0,4038120,30285747,30285776,29,2025-02-24 22:07:46.004702,2025-02-24 22:08:21.885326,35.880624
channel-199,132709,30285748,30285760,12,2025-02-24 22:07:48.325739,2025-02-24 22:08:02.164321,13.838582
channel-15464,2655,30285748,30285761,13,2025-02-24 22:07:48.325739,2025-02-24 22:08:03.426059,15.10032
channel-208,1489948,30285752,30285769,17,2025-02-24 22:07:52.850576,2025-02-24 22:08:13.445867,20.595291
channel-750,682412,30285754,30285783,29,2025-02-24 22:07:55.203461,2025-02-24 22:08:31.007376,35.803915
channel-19774,345878,30285755,30285765,10,2025-02-24 22:07:56.358757,2025-02-24 22:08:08.880324,12.521567
channel-6787,166679,30285757,30285762,5,2025-02-24 22:07:58.618493,2025-02-24 22:08:04.536759,5.918266
channel-208,1489949,30285757,30285769,12,2025-02-24 22:07:58.618493,2025-02-24 22:08:13.445867,14.827374
channel-874,292872,30285758,30285763,5,2025-02-24 22:07:59.757726,2025-02-24 22:08:05.650335,5.892609
channel-0,4038121,30285760,30285771,11,2025-02-24 22:08:02.164321,2025-02-24 22:08:16.131417,13.967096
channel-2188,43611,30285761,30285766,5,2025-02-24 22:08:03.426059,2025-02-24 22:08:10.041130,6.615071
channel-188,190557,30285762,30285797,35,2025-02-24 22:08:04.536759,2025-02-24 22:08:53.127473,48.590714
channel-874,292873,30285764,30285769,5,2025-02-24 22:08:06.897010,2025-02-24 22:08:13.445867,6.548857
channel-874,292874,30285764,30285769,5,2025-02-24 22:08:06.897010,2025-02-24 22:08:13.445867,6.548857
channel-6994,1324250,30285765,30285804,39,2025-02-24 22:08:08.880324,2025-02-24 22:09:03.270210,54.389886
channel-229,55011,30285765,30285775,10,2025-02-24 22:08:08.880324,2025-02-24 22:08:20.790943,11.910619
channel-326,537768,30285766,30285771,5,2025-02-24 22:08:10.041130,2025-02-24 22:08:16.131417,6.090287
channel-0,4038122,30285770,30285782,12,2025-02-24 22:08:14.682568,2025-02-24 22:08:29.723514,15.040946
channel-874,292875,30285771,30285779,8,2025-02-24 22:08:16.131417,2025-02-24 22:08:26.317844,10.186427
channel-21113,25314,30285771,30285778,7,2025-02-24 22:08:16.131417,2025-02-24 22:08:24.075894,7.944477
channel-750,682413,30285771,30285776,5,2025-02-24 22:08:16.131417,2025-02-24 22:08:21.885326,5.753909
channel-750,682414,30285772,30285788,16,2025-02-24 22:08:17.276865,2025-02-24 22:08:37.034791,19.757926
channel-874,292876,30285776,30285782,6,2025-02-24 22:08:21.885326,2025-02-24 22:08:29.723514,7.838188
channel-874,292877,30285776,30285782,6,2025-02-24 22:08:21.885326,2025-02-24 22:08:29.723514,7.838188
channel-19774,345879,30285778,30285788,10,2025-02-24 22:08:24.075894,2025-02-24 22:08:37.034791,12.958897
channel-91017,2810,30285779,30285788,9,2025-02-24 22:08:26.317844,2025-02-24 22:08:37.034791,10.716947
channel-5485,1712,30285779,30285788,9,2025-02-24 22:08:26.317844,2025-02-24 22:08:37.034791,10.716947
channel-6994,1324251,30285780,30285791,11,2025-02-24 22:08:27.465424,2025-02-24 22:08:44.677252,17.211828
channel-5,184283,30285782,30285790,8,2025-02-24 22:08:29.723514,2025-02-24 22:08:42.527380,12.803866
channel-6994,1324252,30285784,30285796,12,2025-02-24 22:08:32.149377,2025-02-24 22:08:51.459070,19.309693
channel-0,4038123,30285790,30285815,25,2025-02-24 22:08:42.527380,2025-02-24 22:09:18.269818,35.742438
channel-0,4038124,30285790,30285803,13,2025-02-24 22:08:42.527380,2025-02-24 22:09:02.099770,19.57239
channel-750,682415,30285790,30285803,13,2025-02-24 22:08:42.527380,2025-02-24 22:09:02.099770,19.57239
channel-782,310168,30285795,30285801,6,2025-02-24 22:08:49.136230,2025-02-24 22:08:59.294743,10.158513
channel-874,292878,30285799,30285807,8,2025-02-24 22:08:55.454395,2025-02-24 22:09:08.357116,12.902721
channel-0,4038125,30285800,30285811,11,2025-02-24 22:08:56.578107,2025-02-24 22:09:13.352950,16.774843
channel-199,132710,30285802,30285814,12,2025-02-24 22:09:00.597077,2025-02-24 22:09:17.015286,16.418209
channel-89298,18650,30285807,30285816,9,2025-02-24 22:09:08.357116,2025-02-24 22:09:19.354026,10.99691
channel-8,43457,30285809,30285840,31,2025-02-24 22:09:10.990910,2025-02-24 22:09:49.406237,38.415327
channel-750,682416,30285809,30285819,10,2025-02-24 22:09:10.990910,2025-02-24 22:09:22.835655,11.844745
channel-19774,345880,30285809,30285821,12,2025-02-24 22:09:10.990910,2025-02-24 22:09:26.056555,15.065645
channel-874,292879,30285811,30285817,6,2025-02-24 22:09:13.352950,2025-02-24 22:09:20.563078,7.210128
channel-874,292880,30285811,30285817,6,2025-02-24 22:09:13.352950,2025-02-24 22:09:20.563078,7.210128
channel-750,682417,30285816,30285833,17,2025-02-24 22:09:19.354026,2025-02-24 22:09:40.933780,21.579754
channel-750,682418,30285821,30285831,10,2025-02-24 22:09:26.056555,2025-02-24 22:09:38.575257,12.518702
channel-19774,345881,30285823,30285835,12,2025-02-24 22:09:28.304721,2025-02-24 22:09:43.224398,14.919677
channel-188,190558,30285824,30285876,52,2025-02-24 22:09:29.318756,2025-02-24 22:10:40.637411,71.318655
channel-208,1489950,30285825,30285837,12,2025-02-24 22:09:30.513300,2025-02-24 22:09:45.980500,15.4672
channel-19774,345882,30285828,30285844,16,2025-02-24 22:09:33.993966,2025-02-24 22:09:55.090855,21.096889
channel-91017,2811,30285829,30285839,10,2025-02-24 22:09:36.157109,2025-02-24 22:09:48.311376,12.154267
channel-143,128314,30285830,30285844,14,2025-02-24 22:09:37.482475,2025-02-24 22:09:55.090855,17.60838
channel-216,94209,30285830,30285869,39,2025-02-24 22:09:37.482475,2025-02-24 22:10:31.957009,54.474534
channel-143,128315,30285832,30285874,42,2025-02-24 22:09:39.785778,2025-02-24 22:10:38.333417,58.547639
channel-19774,345883,30285833,30285844,11,2025-02-24 22:09:40.933780,2025-02-24 22:09:55.090855,14.157075
channel-6994,1324253,30285833,30285865,32,2025-02-24 22:09:40.933780,2025-02-24 22:10:27.049540,46.11576
channel-874,292881,30285839,30285844,5,2025-02-24 22:09:48.311376,2025-02-24 22:09:55.090855,6.779479
channel-2,130621,30285841,30285852,11,2025-02-24 22:09:50.514035,2025-02-24 22:10:05.957830,15.443795
channel-874,292882,30285841,30285845,4,2025-02-24 22:09:50.514035,2025-02-24 22:09:56.340294,5.826259
channel-874,292883,30285846,30285861,15,2025-02-24 22:09:57.528668,2025-02-24 22:10:17.628861,20.100193
channel-0,4038126,30285846,30285862,16,2025-02-24 22:09:57.528668,2025-02-24 22:10:22.230697,24.702029
channel-874,292884,30285846,30285869,23,2025-02-24 22:09:57.528668,2025-02-24 22:10:31.957009,34.428341
channel-208,1489951,30285846,30285859,13,2025-02-24 22:09:57.528668,2025-02-24 22:10:15.177879,17.649211
channel-0,4038127,30285849,30285858,9,2025-02-24 22:10:02.332895,2025-02-24 22:10:13.863937,11.531042
channel-750,682419,30285853,30285862,9,2025-02-24 22:10:07.121331,2025-02-24 22:10:22.230697,15.109366
channel-19774,345884,30285855,30285864,9,2025-02-24 22:10:09.674882,2025-02-24 22:10:25.675257,16.000375
channel-0,4038128,30285855,30285875,20,2025-02-24 22:10:09.674882,2025-02-24 22:10:39.446630,29.771748
channel-19774,345885,30285855,30285864,9,2025-02-24 22:10:09.674882,2025-02-24 22:10:25.675257,16.000375
channel-412,64536,30285856,30285870,14,2025-02-24 22:10:10.835760,2025-02-24 22:10:33.069603,22.233843
channel-91017,2812,30285856,30285865,9,2025-02-24 22:10:10.835760,2025-02-24 22:10:27.049540,16.21378
channel-19774,345886,30285856,30285864,8,2025-02-24 22:10:10.835760,2025-02-24 22:10:25.675257,14.839497
channel-77,50262,30285856,30285864,8,2025-02-24 22:10:10.835760,2025-02-24 22:10:25.675257,14.839497
channel-0,4038129,30285857,30285862,5,2025-02-24 22:10:12.448665,2025-02-24 22:10:22.230697,9.782032
channel-6994,1324254,30285858,30285879,21,2025-02-24 22:10:13.863937,2025-02-24 22:10:44.471377,30.60744
channel-326,537769,30285858,30285861,3,2025-02-24 22:10:13.863937,2025-02-24 22:10:17.628861,3.764924
channel-6994,1324255,30285859,30285870,11,2025-02-24 22:10:15.177879,2025-02-24 22:10:33.069603,17.891724
channel-0,4038130,30285859,30285879,20,2025-02-24 22:10:15.177879,2025-02-24 22:10:44.471377,29.293498
channel-251,85198,30285861,30285874,13,2025-02-24 22:10:17.628861,2025-02-24 22:10:38.333417,20.704556
channel-6994,1324256,30285862,30285875,13,2025-02-24 22:10:22.230697,2025-02-24 22:10:39.446630,17.215933
channel-0,4038131,30285862,30285893,31,2025-02-24 22:10:22.230697,2025-02-24 22:11:04.114830,41.884133
channel-188,190559,30285864,30285921,57,2025-02-24 22:10:25.675257,2025-02-24 22:11:43.755925,78.080668
channel-208,1489952,30285865,30285874,9,2025-02-24 22:10:27.049540,2025-02-24 22:10:38.333417,11.283877
channel-0,4038132,30285867,30285890,23,2025-02-24 22:10:29.410802,2025-02-24 22:10:59.398187,29.987385
channel-6994,1324257,30285867,30285879,12,2025-02-24 22:10:29.410802,2025-02-24 22:10:44.471377,15.060575
channel-75,844981,30285868,30285887,19,2025-02-24 22:10:30.597420,2025-02-24 22:10:55.874502,25.277082
channel-0,4038133,30285869,30285893,24,2025-02-24 22:10:31.957009,2025-02-24 22:11:04.114830,32.157821
channel-88,467099,30285869,30285918,49,2025-02-24 22:10:31.957009,2025-02-24 22:11:40.041412,68.084403
channel-6994,1324258,30285869,30285879,10,2025-02-24 22:10:31.957009,2025-02-24 22:10:44.471377,12.514368
channel-2186,40773,30285869,30285895,26,2025-02-24 22:10:31.957009,2025-02-24 22:11:07.866719,35.90971
channel-6787,166680,30285871,30285878,7,2025-02-24 22:10:34.302731,2025-02-24 22:10:43.341379,9.038648
channel-874,292885,30285872,30285892,20,2025-02-24 22:10:35.578418,2025-02-24 22:11:01.750944,26.172526
channel-874,292886,30285872,30285880,8,2025-02-24 22:10:35.578418,2025-02-24 22:10:47.157669,11.579251
channel-85077,60010,30285872,30285880,8,2025-02-24 22:10:35.578418,2025-02-24 22:10:47.157669,11.579251
channel-0,4038134,30285874,30285884,10,2025-02-24 22:10:38.333417,2025-02-24 22:10:52.305574,13.972157
channel-0,4038135,30285874,30285884,10,2025-02-24 22:10:38.333417,2025-02-24 22:10:52.305574,13.972157
channel-1,408325,30285875,30285884,9,2025-02-24 22:10:39.446630,2025-02-24 22:10:52.305574,12.858944
channel-874,292887,30285877,30285881,4,2025-02-24 22:10:42.037054,2025-02-24 22:10:48.794922,6.757868
channel-19774,345887,30285878,30285888,10,2025-02-24 22:10:43.341379,2025-02-24 22:10:57.002324,13.660945
channel-0,4038136,30285878,30285899,21,2025-02-24 22:10:43.341379,2025-02-24 22:11:16.399726,33.058347
channel-874,292888,30285878,30285883,5,2025-02-24 22:10:43.341379,2025-02-24 22:10:51.128283,7.786904
channel-91017,2813,30285879,30285890,11,2025-02-24 22:10:44.471377,2025-02-24 22:10:59.398187,14.92681
channel-0,4038137,30285880,30285890,10,2025-02-24 22:10:47.157669,2025-02-24 22:10:59.398187,12.240518
channel-0,4038138,30285880,30285899,19,2025-02-24 22:10:47.157669,2025-02-24 22:11:16.399726,29.242057
channel-2188,43612,30285882,30285887,5,2025-02-24 22:10:49.935539,2025-02-24 22:10:55.874502,5.938963
channel-0,4038139,30285883,30285905,22,2025-02-24 22:10:51.128283,2025-02-24 22:11:23.867006,32.738723
channel-19774,345888,30285884,30285892,8,2025-02-24 22:10:52.305574,2025-02-24 22:11:01.750944,9.44537
channel-6787,166681,30285885,30285890,5,2025-02-24 22:10:53.419159,2025-02-24 22:10:59.398187,5.979028
channel-19774,345889,30285887,30285895,8,2025-02-24 22:10:55.874502,2025-02-24 22:11:07.866719,11.992217
channel-75016,4620,30285888,30285917,29,2025-02-24 22:10:57.002324,2025-02-24 22:11:38.813672,41.811348
channel-82,18951,30285888,30285900,12,2025-02-24 22:10:57.002324,2025-02-24 22:11:17.572987,20.570663
channel-251,85199,30285890,30285898,8,2025-02-24 22:10:59.398187,2025-02-24 22:11:15.153107,15.75492
channel-19774,345890,30285892,30285898,6,2025-02-24 22:11:01.750944,2025-02-24 22:11:15.153107,13.402163
channel-412,64537,30285892,30285906,14,2025-02-24 22:11:01.750944,2025-02-24 22:11:25.050583,23.299639
channel-91017,2814,30285893,30285901,8,2025-02-24 22:11:04.114830,2025-02-24 22:11:18.829798,14.714968
channel-75,844982,30285893,30285899,6,2025-02-24 22:11:04.114830,2025-02-24 22:11:16.399726,12.284896
channel-19774,345891,30285895,30285908,13,2025-02-24 22:11:07.866719,2025-02-24 22:11:27.604813,19.738094
channel-874,292889,30285895,30285902,7,2025-02-24 22:11:07.866719,2025-02-24 22:11:20.038973,12.172254
channel-0,4038140,30285895,30285922,27,2025-02-24 22:11:07.866719,2025-02-24 22:11:44.990176,37.123457
channel-208,1489953,30285895,30285905,10,2025-02-24 22:11:07.866719,2025-02-24 22:11:23.867006,16.000287
channel-1,408326,30285895,30285905,10,2025-02-24 22:11:07.866719,2025-02-24 22:11:23.867006,16.000287
channel-874,292890,30285900,30285909,9,2025-02-24 22:11:17.572987,2025-02-24 22:11:29.082877,11.50989
channel-783,104226,30285900,30285908,8,2025-02-24 22:11:17.572987,2025-02-24 22:11:27.604813,10.031826
channel-259,314265,30285900,30285906,6,2025-02-24 22:11:17.572987,2025-02-24 22:11:25.050583,7.477596
channel-6994,1324259,30285901,30285950,49,2025-02-24 22:11:18.829798,2025-02-24 22:12:26.891324,68.061526
channel-874,292891,30285902,30285909,7,2025-02-24 22:11:20.038973,2025-02-24 22:11:29.082877,9.043904
channel-91017,2815,30285902,30285910,8,2025-02-24 22:11:20.038973,2025-02-24 22:11:30.614449,10.575476
channel-0,4038141,30285906,30285917,11,2025-02-24 22:11:25.050583,2025-02-24 22:11:38.813672,13.763089
channel-750,682420,30285911,30285928,17,2025-02-24 22:11:31.709254,2025-02-24 22:11:54.138622,22.429368
channel-874,292892,30285914,30285931,17,2025-02-24 22:11:35.332848,2025-02-24 22:11:59.735121,24.402273
channel-874,292893,30285914,30285921,7,2025-02-24 22:11:35.332848,2025-02-24 22:11:43.755925,8.423077
channel-642,126499,30285916,30285929,13,2025-02-24 22:11:37.557673,2025-02-24 22:11:56.405944,18.848271
channel-1,408327,30285916,30285965,49,2025-02-24 22:11:37.557673,2025-02-24 22:12:45.213407,67.655734
channel-208,1489954,30285917,30285928,11,2025-02-24 22:11:38.813672,2025-02-24 22:11:54.138622,15.32495
channel-874,292894,30285923,30285927,4,2025-02-24 22:11:46.164062,2025-02-24 22:11:52.288292,6.12423
channel-0,4038142,30285926,30285943,17,2025-02-24 22:11:50.130308,2025-02-24 22:12:18.480660,28.350352
channel-0,4038143,30285927,30285953,26,2025-02-24 22:11:52.288292,2025-02-24 22:12:30.209079,37.920787
channel-4,166934,30285929,30286039,110,2025-02-24 22:11:56.405944,2025-02-24 22:14:26.442180,150.036236
channel-492,20117,30285930,30285939,9,2025-02-24 22:11:57.540421,2025-02-24 22:12:12.284646,14.744225
channel-208,1489955,30285931,30285942,11,2025-02-24 22:11:59.735121,2025-02-24 22:12:16.109124,16.374003
channel-2,130622,30285931,30285942,11,2025-02-24 22:11:59.735121,2025-02-24 22:12:16.109124,16.374003
channel-122,667943,30285933,30285939,6,2025-02-24 22:12:05.271433,2025-02-24 22:12:12.284646,7.013213
channel-0,4038144,30285936,30285958,22,2025-02-24 22:12:08.739077,2025-02-24 22:12:36.199147,27.46007
channel-6994,1324260,30285938,30285950,12,2025-02-24 22:12:11.176988,2025-02-24 22:12:26.891324,15.714336
channel-750,682421,30285938,30285957,19,2025-02-24 22:12:11.176988,2025-02-24 22:12:35.118210,23.941222
channel-642,126500,30285938,30285953,15,2025-02-24 22:12:11.176988,2025-02-24 22:12:30.209079,19.032091
channel-188,190560,30285941,30286008,67,2025-02-24 22:12:14.919173,2025-02-24 22:13:45.605537,90.686364
channel-0,4038145,30285944,30285958,14,2025-02-24 22:12:19.681575,2025-02-24 22:12:36.199147,16.517572
channel-19774,345892,30285944,30285975,31,2025-02-24 22:12:19.681575,2025-02-24 22:12:56.827008,37.145433
channel-208,1489956,30285946,30285958,12,2025-02-24 22:12:22.256850,2025-02-24 22:12:36.199147,13.942297
channel-0,4038146,30285946,30285958,12,2025-02-24 22:12:22.256850,2025-02-24 22:12:36.199147,13.942297
channel-19774,345893,30285948,30285958,10,2025-02-24 22:12:24.423076,2025-02-24 22:12:36.199147,11.776071
channel-874,292895,30285949,30285959,10,2025-02-24 22:12:25.559454,2025-02-24 22:12:37.359258,11.799804
channel-2188,43613,30285949,30285954,5,2025-02-24 22:12:25.559454,2025-02-24 22:12:31.590990,6.031536
channel-6994,1324261,30285949,30285960,11,2025-02-24 22:12:25.559454,2025-02-24 22:12:38.469958,12.910504
channel-143,128316,30285950,30286013,63,2025-02-24 22:12:26.891324,2025-02-24 22:13:51.367252,84.475928
channel-1,408328,30285953,30285965,12,2025-02-24 22:12:30.209079,2025-02-24 22:12:45.213407,15.004328
channel-2186,40774,30285957,30285987,30,2025-02-24 22:12:35.118210,2025-02-24 22:13:14.542940,39.42473
channel-320,119187,30285962,30285980,18,2025-02-24 22:12:41.530535,2025-02-24 22:13:05.882115,24.35158
channel-6994,1324262,30285963,30285975,12,2025-02-24 22:12:42.908989,2025-02-24 22:12:56.827008,13.918019
channel-143,128317,30285966,30286050,84,2025-02-24 22:12:46.284581,2025-02-24 22:14:39.986628,113.702047
channel-382,634,30285966,30285980,14,2025-02-24 22:12:46.284581,2025-02-24 22:13:05.882115,19.597534
channel-6994,1324263,30285966,30286009,43,2025-02-24 22:12:46.284581,2025-02-24 22:13:46.773726,60.489145
channel-0,4038147,30285966,30285975,9,2025-02-24 22:12:46.284581,2025-02-24 22:12:56.827008,10.542427
channel-208,1489957,30285968,30285979,11,2025-02-24 22:12:48.595985,2025-02-24 22:13:04.642079,16.046094
channel-874,292896,30285978,30285984,6,2025-02-24 22:13:03.607572,2025-02-24 22:13:10.804504,7.196932
channel-874,292897,30285980,30285986,6,2025-02-24 22:13:05.882115,2025-02-24 22:13:13.370420,7.488305
channel-874,292898,30285981,30285987,6,2025-02-24 22:13:07.296481,2025-02-24 22:13:14.542940,7.246459
channel-750,682422,30285981,30285996,15,2025-02-24 22:13:07.296481,2025-02-24 22:13:29.173750,21.877269
channel-750,682423,30285988,30285998,10,2025-02-24 22:13:15.673435,2025-02-24 22:13:31.628250,15.954815
channel-874,292899,30285994,30286002,8,2025-02-24 22:13:26.176882,2025-02-24 22:13:38.394351,12.217469
channel-2188,43614,30285995,30285998,3,2025-02-24 22:13:27.963073,2025-02-24 22:13:31.628250,3.665177
channel-6994,1324264,30285998,30286009,11,2025-02-24 22:13:31.628250,2025-02-24 22:13:46.773726,15.145476
channel-6994,1324265,30286000,30286033,33,2025-02-24 22:13:34.931264,2025-02-24 22:14:16.890905,41.959641
channel-208,1489958,30286005,30286017,12,2025-02-24 22:13:41.687470,2025-02-24 22:13:56.135104,14.447634
channel-87,182897,30286006,30286070,64,2025-02-24 22:13:42.926006,2025-02-24 22:15:06.212045,83.286039
channel-874,292900,30286007,30286014,7,2025-02-24 22:13:44.166052,2025-02-24 22:13:52.561515,8.395463
channel-874,292901,30286010,30286015,5,2025-02-24 22:13:47.965235,2025-02-24 22:13:53.800984,5.835749
channel-750,682424,30286011,30286030,19,2025-02-24 22:13:49.114066,2025-02-24 22:14:13.285116,24.17105
channel-874,292902,30286015,30286033,18,2025-02-24 22:13:53.800984,2025-02-24 22:14:16.890905,23.089921
channel-208,1489959,30286015,30286026,11,2025-02-24 22:13:53.800984,2025-02-24 22:14:07.853691,14.052707
channel-750,682425,30286024,30286037,13,2025-02-24 22:14:05.496131,2025-02-24 22:14:23.814755,18.318624
channel-750,682426,30286026,30286036,10,2025-02-24 22:14:07.853691,2025-02-24 22:14:22.622617,14.768926
channel-6994,1324266,30286028,30286067,39,2025-02-24 22:14:10.862839,2025-02-24 22:15:02.784881,51.922042
channel-6994,1324267,30286028,30286038,10,2025-02-24 22:14:10.862839,2025-02-24 22:14:25.012777,14.149938
channel-0,4038148,30286030,30286056,26,2025-02-24 22:14:13.285116,2025-02-24 22:14:47.916711,34.631595
channel-0,4038149,30286030,30286042,12,2025-02-24 22:14:13.285116,2025-02-24 22:14:29.945077,16.659961
channel-0,4038150,30286032,30286051,19,2025-02-24 22:14:15.685166,2025-02-24 22:14:41.105779,25.420613
channel-82,18952,30286034,30286078,44,2025-02-24 22:14:19.065183,2025-02-24 22:15:16.445056,57.379873
channel-0,4038151,30286035,30286046,11,2025-02-24 22:14:21.514231,2025-02-24 22:14:35.343553,13.829322
channel-6994,1324268,30286041,30286072,31,2025-02-24 22:14:28.814023,2025-02-24 22:15:08.453177,39.639154
channel-642,126501,30286042,30286054,12,2025-02-24 22:14:29.945077,2025-02-24 22:14:44.619035,14.673958
channel-874,292903,30286043,30286054,11,2025-02-24 22:14:31.199666,2025-02-24 22:14:44.619035,13.419369
channel-208,1489960,30286046,30286057,11,2025-02-24 22:14:35.343553,2025-02-24 22:14:49.040322,13.696769
channel-874,292904,30286049,30286062,13,2025-02-24 22:14:38.880836,2025-02-24 22:14:56.882196,18.00136
channel-87,182898,30286050,30286095,45,2025-02-24 22:14:39.986628,2025-02-24 22:15:39.674747,59.688119
channel-122,667944,30286052,30286055,3,2025-02-24 22:14:42.319004,2025-02-24 22:14:46.787640,4.468636
channel-0,4038152,30286053,30286064,11,2025-02-24 22:14:43.469035,2025-02-24 22:14:59.203745,15.73471
channel-208,1489961,30286054,30286066,12,2025-02-24 22:14:44.619035,2025-02-24 22:15:01.648313,17.029278
channel-122,667945,30286055,30286059,4,2025-02-24 22:14:46.787640,2025-02-24 22:14:52.792665,6.005025
channel-0,4038153,30286056,30286081,25,2025-02-24 22:14:47.916711,2025-02-24 22:15:19.850752,31.934041
channel-874,292905,30286057,30286062,5,2025-02-24 22:14:49.040322,2025-02-24 22:14:56.882196,7.841874
channel-750,682427,30286060,30286073,13,2025-02-24 22:14:54.067874,2025-02-24 22:15:09.689785,15.621911
channel-0,4038154,30286060,30286070,10,2025-02-24 22:14:54.067874,2025-02-24 22:15:06.212045,12.144171
channel-320,119188,30286063,30286073,10,2025-02-24 22:14:58.031166,2025-02-24 22:15:09.689785,11.658619
channel-874,292906,30286070,30286075,5,2025-02-24 22:15:06.212045,2025-02-24 22:15:12.050700,5.838655
channel-0,4038155,30286072,30286095,23,2025-02-24 22:15:08.453177,2025-02-24 22:15:39.674747,31.22157
channel-208,1489962,30286080,30286088,8,2025-02-24 22:15:18.762709,2025-02-24 22:15:30.463013,11.700304
channel-216,94210,30286081,30286191,110,2025-02-24 22:15:19.850752,2025-02-24 22:17:49.845191,149.994439
channel-79703,4425,30286081,30286095,14,2025-02-24 22:15:19.850752,2025-02-24 22:15:39.674747,19.823995
channel-326,537770,30286083,30286088,5,2025-02-24 22:15:22.061221,2025-02-24 22:15:30.463013,8.401792
channel-79180,3374,30286084,30286093,9,2025-02-24 22:15:23.177188,2025-02-24 22:15:36.769081,13.591893
channel-750,682428,30286084,30286103,19,2025-02-24 22:15:23.177188,2025-02-24 22:15:49.422040,26.244852
channel-208,1489963,30286084,30286105,21,2025-02-24 22:15:23.177188,2025-02-24 22:15:51.851357,28.674169
channel-0,4038156,30286089,30286113,24,2025-02-24 22:15:31.584634,2025-02-24 22:16:03.575808,31.991174
channel-874,292907,30286090,30286100,10,2025-02-24 22:15:32.776370,2025-02-24 22:15:45.675917,12.899547
channel-85077,60011,30286091,30286101,10,2025-02-24 22:15:33.968229,2025-02-24 22:15:46.889538,12.921309
channel-6994,1324269,30286095,30286140,45,2025-02-24 22:15:39.674747,2025-02-24 22:16:38.748858,59.074111
channel-874,292908,30286099,30286109,10,2025-02-24 22:15:44.626802,2025-02-24 22:15:57.439135,12.812333
channel-750,682429,30286103,30286111,8,2025-02-24 22:15:49.422040,2025-02-24 22:16:01.080251,11.658211
channel-874,292909,30286106,30286110,4,2025-02-24 22:15:53.716619,2025-02-24 22:15:59.808835,6.092216
channel-0,4038157,30286107,30286117,10,2025-02-24 22:15:54.822194,2025-02-24 22:16:10.042308,15.220114
channel-122,667946,30286109,30286113,4,2025-02-24 22:15:57.439135,2025-02-24 22:16:03.575808,6.136673
channel-0,4038158,30286110,30286122,12,2025-02-24 22:15:59.808835,2025-02-24 22:16:16.185354,16.376519
channel-6994,1324270,30286118,30286131,13,2025-02-24 22:16:11.438607,2025-02-24 22:16:26.674001,15.235394
channel-750,682430,30286120,30286135,15,2025-02-24 22:16:13.836100,2025-02-24 22:16:31.283388,17.447288
channel-97998,53,30286122,30286132,10,2025-02-24 22:16:16.185354,2025-02-24 22:16:27.875423,11.690069
channel-143,128318,30286122,30286140,18,2025-02-24 22:16:16.185354,2025-02-24 22:16:38.748858,22.563504
channel-874,292910,30286122,30286128,6,2025-02-24 22:16:16.185354,2025-02-24 22:16:23.394397,7.209043
channel-750,682431,30286131,30286144,13,2025-02-24 22:16:26.674001,2025-02-24 22:16:46.878496,20.204495
channel-208,1489964,30286131,30286140,9,2025-02-24 22:16:26.674001,2025-02-24 22:16:38.748858,12.074857
channel-143,128319,30286132,30286165,33,2025-02-24 22:16:27.875423,2025-02-24 22:17:16.638939,48.763516
channel-6994,1324271,30286132,30286143,11,2025-02-24 22:16:27.875423,2025-02-24 22:16:45.594147,17.718724
channel-6897,5642,30286138,30286328,190,2025-02-24 22:16:36.313252,2025-02-24 22:20:52.856518,256.543266
channel-0,4038159,30286139,30286148,9,2025-02-24 22:16:37.343217,2025-02-24 22:16:56.663439,19.320222
channel-0,4038160,30286140,30286148,8,2025-02-24 22:16:38.748858,2025-02-24 22:16:56.663439,17.914581
channel-750,682432,30286140,30286154,14,2025-02-24 22:16:38.748858,2025-02-24 22:17:03.711537,24.962679
channel-0,4038161,30286142,30286148,6,2025-02-24 22:16:44.379475,2025-02-24 22:16:56.663439,12.283964
channel-0,4038162,30286144,30286153,9,2025-02-24 22:16:46.878496,2025-02-24 22:17:02.516621,15.638125
channel-6994,1324272,30286144,30286154,10,2025-02-24 22:16:46.878496,2025-02-24 22:17:03.711537,16.833041
channel-874,292911,30286147,30286152,5,2025-02-24 22:16:54.499215,2025-02-24 22:17:01.392298,6.893083
channel-122,667947,30286147,30286152,5,2025-02-24 22:16:54.499215,2025-02-24 22:17:01.392298,6.893083
channel-19774,345894,30286149,30286162,13,2025-02-24 22:16:57.824380,2025-02-24 22:17:13.330412,15.506032
channel-2188,43615,30286154,30286159,5,2025-02-24 22:17:03.711537,2025-02-24 22:17:09.849065,6.137528
channel-874,292912,30286154,30286164,10,2025-02-24 22:17:03.711537,2025-02-24 22:17:15.497905,11.786368
channel-6994,1324273,30286157,30286217,60,2025-02-24 22:17:06.952803,2025-02-24 22:18:21.648662,74.695859
channel-750,682433,30286169,30286183,14,2025-02-24 22:17:21.495457,2025-02-24 22:17:40.231454,18.735997
channel-208,1489965,30286175,30286185,10,2025-02-24 22:17:28.496430,2025-02-24 22:17:42.795011,14.298581
channel-6994,1324274,30286176,30286206,30,2025-02-24 22:17:29.571399,2025-02-24 22:18:07.711542,38.140143
channel-6994,1324275,30286177,30286187,10,2025-02-24 22:17:30.787113,2025-02-24 22:17:45.336067,14.548954
channel-188,190561,30286178,30286237,59,2025-02-24 22:17:31.929420,2025-02-24 22:18:51.334382,79.404962
channel-72,516420,30286179,30286221,42,2025-02-24 22:17:34.077705,2025-02-24 22:18:26.699778,52.622073
channel-122,667948,30286182,30286186,4,2025-02-24 22:17:37.664833,2025-02-24 22:17:44.237563,6.57273
channel-208,1489966,30286183,30286195,12,2025-02-24 22:17:40.231454,2025-02-24 22:17:54.939480,14.708026
channel-874,292913,30286185,30286192,7,2025-02-24 22:17:42.795011,2025-02-24 22:17:51.523751,8.72874
channel-874,292914,30286186,30286192,6,2025-02-24 22:17:44.237563,2025-02-24 22:17:51.523751,7.286188
channel-750,682434,30286198,30286203,5,2025-02-24 22:17:58.504766,2025-02-24 22:18:04.185259,5.680493
channel-0,4038163,30286199,30286212,13,2025-02-24 22:17:59.597855,2025-02-24 22:18:15.894106,16.296251
channel-76971,12238,30286205,30286229,24,2025-02-24 22:18:06.581033,2025-02-24 22:18:36.780295,30.199262
channel-6994,1324276,30286206,30286217,11,2025-02-24 22:18:07.711542,2025-02-24 22:18:21.648662,13.93712
channel-750,682435,30286206,30286222,16,2025-02-24 22:18:07.711542,2025-02-24 22:18:27.790331,20.078789
channel-874,292915,30286212,30286218,6,2025-02-24 22:18:15.894106,2025-02-24 22:18:22.746306,6.8522
channel-0,4038164,30286214,30286235,21,2025-02-24 22:18:18.298428,2025-02-24 22:18:48.659181,30.360753
channel-874,292916,30286215,30286221,6,2025-02-24 22:18:19.442207,2025-02-24 22:18:26.699778,7.257571
channel-6994,1324277,30286220,30286229,9,2025-02-24 22:18:25.347919,2025-02-24 22:18:36.780295,11.432376
channel-75,844983,30286220,30286234,14,2025-02-24 22:18:25.347919,2025-02-24 22:18:47.489265,22.141346
channel-874,292917,30286222,30286228,6,2025-02-24 22:18:27.790331,2025-02-24 22:18:35.637956,7.847625
channel-874,292918,30286222,30286228,6,2025-02-24 22:18:27.790331,2025-02-24 22:18:35.637956,7.847625
channel-750,682436,30286224,30286229,5,2025-02-24 22:18:30.654600,2025-02-24 22:18:36.780295,6.125695
channel-42,1489987,30286224,30286230,6,2025-02-24 22:18:30.654600,2025-02-24 22:18:41.440227,10.785627
channel-320,119189,30286229,30286239,10,2025-02-24 22:18:36.780295,2025-02-24 22:18:55.040558,18.260263
channel-208,1489967,30286229,30286238,9,2025-02-24 22:18:36.780295,2025-02-24 22:18:52.716214,15.935919
channel-85077,60012,30286230,30286239,9,2025-02-24 22:18:41.440227,2025-02-24 22:18:55.040558,13.600331
channel-750,682437,30286231,30286245,14,2025-02-24 22:18:43.802674,2025-02-24 22:19:02.940005,19.137331
channel-6994,1324278,30286233,30286274,41,2025-02-24 22:18:46.305097,2025-02-24 22:19:40.517946,54.212849
channel-750,682438,30286234,30286242,8,2025-02-24 22:18:47.489265,2025-02-24 22:18:59.515397,12.026132
channel-6994,1324279,30286240,30286251,11,2025-02-24 22:18:56.190758,2025-02-24 22:19:10.652923,14.462165
channel-92956,195,30286241,30286253,12,2025-02-24 22:18:57.363599,2025-02-24 22:19:12.993340,15.629741
channel-1424,7338,30286243,30286254,11,2025-02-24 22:19:00.718560,2025-02-24 22:19:14.188314,13.469754
channel-6994,1324280,30286247,30286266,19,2025-02-24 22:19:05.465263,2025-02-24 22:19:29.535086,24.069823
channel-6994,1324281,30286252,30286270,18,2025-02-24 22:19:11.873254,2025-02-24 22:19:34.889051,23.015797
channel-750,682439,30286252,30286262,10,2025-02-24 22:19:11.873254,2025-02-24 22:19:24.969903,13.096649
channel-2188,43616,30286262,30286267,5,2025-02-24 22:19:24.969903,2025-02-24 22:19:31.430792,6.460889
channel-874,292919,30286264,30286269,5,2025-02-24 22:19:27.268883,2025-02-24 22:19:33.733465,6.464582
channel-73755,5832,30286265,30286273,8,2025-02-24 22:19:28.425999,2025-02-24 22:19:38.229291,9.803292
channel-0,4038165,30286266,30286277,11,2025-02-24 22:19:29.535086,2025-02-24 22:19:44.118853,14.583767
channel-0,4038166,30286269,30286277,8,2025-02-24 22:19:33.733465,2025-02-24 22:19:44.118853,10.385388
channel-6994,1324282,30286273,30286285,12,2025-02-24 22:19:38.229291,2025-02-24 22:19:54.551095,16.321804
channel-783,104227,30286273,30286280,7,2025-02-24 22:19:38.229291,2025-02-24 22:19:48.837948,10.608657
channel-85077,60013,30286275,30286285,10,2025-02-24 22:19:41.747390,2025-02-24 22:19:54.551095,12.803705
channel-750,682440,30286278,30286285,7,2025-02-24 22:19:46.555251,2025-02-24 22:19:54.551095,7.995844
channel-115,20373,30286278,30286291,13,2025-02-24 22:19:46.555251,2025-02-24 22:20:02.281708,15.726457
channel-85077,60014,30286279,30286290,11,2025-02-24 22:19:47.666497,2025-02-24 22:20:00.520900,12.854403
channel-143,128320,30286287,30286325,38,2025-02-24 22:19:56.957070,2025-02-24 22:20:47.900675,50.943605
channel-2188,43617,30286290,30286295,5,2025-02-24 22:20:00.520900,2025-02-24 22:20:07.088726,6.567826
channel-750,682441,30286293,30286305,12,2025-02-24 22:20:04.559658,2025-02-24 22:20:19.870573,15.310915
channel-0,4038167,30286293,30286306,13,2025-02-24 22:20:04.559658,2025-02-24 22:20:21.170862,16.611204
channel-6994,1324283,30286296,30286340,44,2025-02-24 22:20:08.224304,2025-02-24 22:21:07.213740,58.989436
channel-750,682442,30286297,30286307,10,2025-02-24 22:20:09.417506,2025-02-24 22:20:22.727263,13.309757
channel-874,292920,30286300,30286308,8,2025-02-24 22:20:13.113502,2025-02-24 22:20:23.726710,10.613208
channel-208,1489968,30286305,30286314,9,2025-02-24 22:20:19.870573,2025-02-24 22:20:31.800786,11.930213
channel-6994,1324284,30286310,30286320,10,2025-02-24 22:20:27.062112,2025-02-24 22:20:41.570177,14.508065
channel-2188,43618,30286313,30286316,3,2025-02-24 22:20:30.628581,2025-02-24 22:20:34.269061,3.64048
channel-208,1489969,30286314,30286322,8,2025-02-24 22:20:31.800786,2025-02-24 22:20:44.000063,12.199277
channel-1,408329,30286316,30286333,17,2025-02-24 22:20:34.269061,2025-02-24 22:20:58.716820,24.447759
channel-0,4038168,30286319,30286327,8,2025-02-24 22:20:40.424978,2025-02-24 22:20:51.570679,11.145701
channel-874,292921,30286323,30286328,5,2025-02-24 22:20:45.141711,2025-02-24 22:20:52.856518,7.714807
channel-85077,60015,30286326,30286340,14,2025-02-24 22:20:50.314585,2025-02-24 22:21:07.213740,16.899155
channel-0,4038169,30286326,30286337,11,2025-02-24 22:20:50.314585,2025-02-24 22:21:03.631326,13.316741
channel-750,682443,30286330,30286342,12,2025-02-24 22:20:55.034752,2025-02-24 22:21:09.471499,14.436747
channel-2188,43619,30286335,30286339,4,2025-02-24 22:21:00.941437,2025-02-24 22:21:06.118677,5.17724
channel-0,4038170,30286337,30286345,8,2025-02-24 22:21:03.631326,2025-02-24 22:21:16.328168,12.696842
channel-874,292922,30286342,30286350,8,2025-02-24 22:21:09.471499,2025-02-24 22:21:21.921520,12.450021
channel-85077,60016,30286344,30286354,10,2025-02-24 22:21:11.955497,2025-02-24 22:21:26.456144,14.500647
channel-750,682444,30286344,30286350,6,2025-02-24 22:21:11.955497,2025-02-24 22:21:21.921520,9.966023
channel-143,128321,30286348,30286373,25,2025-02-24 22:21:19.703322,2025-02-24 22:21:52.779734,33.076412
channel-8945,17745,30286349,30286358,9,2025-02-24 22:21:20.788482,2025-02-24 22:21:31.609921,10.821439
channel-6994,1324285,30286351,30286363,12,2025-02-24 22:21:23.014204,2025-02-24 22:21:38.994172,15.979968
channel-113,301317,30286352,30286478,126,2025-02-24 22:21:24.122447,2025-02-24 22:24:12.596867,168.47442
channel-1,408330,30286353,30286369,16,2025-02-24 22:21:25.265707,2025-02-24 22:21:46.938418,21.672711
channel-874,292923,30286357,30286362,5,2025-02-24 22:21:29.875897,2025-02-24 22:21:37.856135,7.980238
channel-2188,43620,30286359,30286364,5,2025-02-24 22:21:33.180141,2025-02-24 22:21:40.098437,6.918296
channel-6994,1324286,30286362,30286402,40,2025-02-24 22:21:37.856135,2025-02-24 22:22:30.842686,52.986551
channel-642,126502,30286365,30286409,44,2025-02-24 22:21:41.253319,2025-02-24 22:22:43.290529,62.03721
channel-0,4038171,30286373,30286381,8,2025-02-24 22:21:52.779734,2025-02-24 22:22:04.279992,11.500258
channel-6994,1324287,30286373,30286386,13,2025-02-24 22:21:52.779734,2025-02-24 22:22:09.926003,17.146269
channel-85077,60017,30286373,30286392,19,2025-02-24 22:21:52.779734,2025-02-24 22:22:17.465474,24.68574
channel-874,292924,30286373,30286381,8,2025-02-24 22:21:52.779734,2025-02-24 22:22:04.279992,11.500258
channel-143,128322,30286374,30286402,28,2025-02-24 22:21:54.960435,2025-02-24 22:22:30.842686,35.882251
channel-208,1489970,30286375,30286389,14,2025-02-24 22:21:56.030946,2025-02-24 22:22:13.444323,17.413377
channel-750,682445,30286376,30286382,6,2025-02-24 22:21:58.304502,2025-02-24 22:22:05.392543,7.088041
channel-2188,43621,30286379,30286384,5,2025-02-24 22:22:01.877089,2025-02-24 22:22:07.715549,5.83846
channel-874,292925,30286388,30286394,6,2025-02-24 22:22:12.215334,2025-02-24 22:22:20.281177,8.065843
channel-750,682446,30286390,30286395,5,2025-02-24 22:22:15.230203,2025-02-24 22:22:21.410103,6.1799
channel-251,85200,30286392,30286425,33,2025-02-24 22:22:17.465474,2025-02-24 22:23:04.040077,46.574603
channel-208,1489971,30286397,30286407,10,2025-02-24 22:22:24.736193,2025-02-24 22:22:41.002658,16.266465
channel-208,1489972,30286400,30286407,7,2025-02-24 22:22:28.508944,2025-02-24 22:22:41.002658,12.493714
channel-750,682447,30286401,30286409,8,2025-02-24 22:22:29.599223,2025-02-24 22:22:43.290529,13.691306
channel-6787,166682,30286402,30286407,5,2025-02-24 22:22:30.842686,2025-02-24 22:22:41.002658,10.159972
channel-85791,3758,30286408,30286414,6,2025-02-24 22:22:42.125864,2025-02-24 22:22:49.047590,6.921726
channel-2188,43622,30286409,30286415,6,2025-02-24 22:22:43.290529,2025-02-24 22:22:50.236609,6.94608
channel-0,4038172,30286409,30286418,9,2025-02-24 22:22:43.290529,2025-02-24 22:22:53.688231,10.397702
channel-6787,166683,30286415,30286419,4,2025-02-24 22:22:50.236609,2025-02-24 22:22:54.879723,4.643114
channel-113,301318,30286422,30286528,106,2025-02-24 22:22:58.532530,2025-02-24 22:25:16.566077,138.033547
channel-208,1489973,30286423,30286434,11,2025-02-24 22:23:00.328456,2025-02-24 22:23:16.518674,16.190218
channel-6994,1324288,30286427,30286490,63,2025-02-24 22:23:06.499785,2025-02-24 22:24:29.806784,83.306999
channel-412,64538,30286430,30286474,44,2025-02-24 22:23:10.950067,2025-02-24 22:24:07.976568,57.026501
channel-6994,1324289,30286430,30286439,9,2025-02-24 22:23:10.950067,2025-02-24 22:23:22.074835,11.124768
channel-79703,4426,30286431,30286446,15,2025-02-24 22:23:12.028171,2025-02-24 22:23:30.001805,17.973634
channel-85791,3759,30286432,30286439,7,2025-02-24 22:23:13.148112,2025-02-24 22:23:22.074835,8.926723
channel-326,537771,30286433,30286450,17,2025-02-24 22:23:14.363605,2025-02-24 22:23:35.142592,20.778987
channel-85077,60018,30286438,30286450,12,2025-02-24 22:23:21.032562,2025-02-24 22:23:35.142592,14.11003
channel-412,64539,30286453,30286474,21,2025-02-24 22:23:38.558191,2025-02-24 22:24:07.976568,29.418377
channel-412,64540,30286456,30286474,18,2025-02-24 22:23:42.755971,2025-02-24 22:24:07.976568,25.220597
channel-0,4038173,30286457,30286464,7,2025-02-24 22:23:44.019143,2025-02-24 22:23:52.347419,8.328276
channel-0,4038174,30286463,30286482,19,2025-02-24 22:23:50.895759,2025-02-24 22:24:17.188564,26.292805
channel-251,85201,30286463,30286471,8,2025-02-24 22:23:50.895759,2025-02-24 22:24:04.322754,13.426995
channel-19774,345895,30286464,30286476,12,2025-02-24 22:23:52.347419,2025-02-24 22:24:10.225486,17.878067
channel-2188,43623,30286469,30286475,6,2025-02-24 22:24:00.545446,2025-02-24 22:24:09.112819,8.567373
channel-2494,31914,30286475,30286487,12,2025-02-24 22:24:09.112819,2025-02-24 22:24:23.229368,14.116549
channel-208,1489974,30286479,30286488,9,2025-02-24 22:24:13.679898,2025-02-24 22:24:25.005157,11.325259
channel-122,667949,30286484,30286488,4,2025-02-24 22:24:19.562185,2025-02-24 22:24:25.005157,5.442972
channel-259,314266,30286487,30286492,5,2025-02-24 22:24:23.229368,2025-02-24 22:24:32.104255,8.874887
channel-251,85202,30286487,30286496,9,2025-02-24 22:24:23.229368,2025-02-24 22:24:36.775724,13.546356
channel-2188,43624,30286489,30286494,5,2025-02-24 22:24:27.670679,2025-02-24 22:24:34.591387,6.920708
channel-750,682448,30286490,30286497,7,2025-02-24 22:24:29.806784,2025-02-24 22:24:38.000141,8.193357
channel-6994,1324290,30286494,30286556,62,2025-02-24 22:24:34.591387,2025-02-24 22:25:54.900319,80.308932
channel-122,667950,30286498,30286502,4,2025-02-24 22:24:39.089783,2025-02-24 22:24:43.768012,4.678229
channel-208,1489975,30286501,30286510,9,2025-02-24 22:24:42.538367,2025-02-24 22:24:53.426947,10.88858
channel-874,292926,30286503,30286512,9,2025-02-24 22:24:44.964985,2025-02-24 22:24:55.738522,10.773537
channel-2188,43625,30286514,30286518,4,2025-02-24 22:24:58.274344,2025-02-24 22:25:03.185847,4.911503
channel-42,1489988,30286514,30286519,5,2025-02-24 22:24:58.274344,2025-02-24 22:25:05.731953,7.457609
channel-6994,1324291,30286521,30286533,12,2025-02-24 22:25:08.494414,2025-02-24 22:25:23.631867,15.137453
channel-750,682449,30286528,30286533,5,2025-02-24 22:25:16.566077,2025-02-24 22:25:23.631867,7.06579
channel-143,128323,30286528,30286543,15,2025-02-24 22:25:16.566077,2025-02-24 22:25:37.482637,20.91656
channel-783,104228,30286531,30286539,8,2025-02-24 22:25:21.340805,2025-02-24 22:25:31.691749,10.350944
channel-0,4038175,30286532,30286544,12,2025-02-24 22:25:22.449389,2025-02-24 22:25:38.619889,16.1705
channel-750,682450,30286532,30286545,13,2025-02-24 22:25:22.449389,2025-02-24 22:25:39.900991,17.451602
channel-122,667951,30286532,30286536,4,2025-02-24 22:25:22.449389,2025-02-24 22:25:28.158979,5.70959
channel-2188,43626,30286540,30286545,5,2025-02-24 22:25:32.833664,2025-02-24 22:25:39.900991,7.067327
channel-0,4038176,30286541,30286553,12,2025-02-24 22:25:34.009724,2025-02-24 22:25:50.001718,15.991994
channel-1,408331,30286545,30286580,35,2025-02-24 22:25:39.900991,2025-02-24 22:26:30.038605,50.137614
channel-216,94211,30286546,30286661,115,2025-02-24 22:25:41.027779,2025-02-24 22:28:12.120608,151.092829
channel-208,1489976,30286548,30286559,11,2025-02-24 22:25:43.396285,2025-02-24 22:26:01.636237,18.239952
channel-750,682451,30286548,30286557,9,2025-02-24 22:25:43.396285,2025-02-24 22:25:56.026586,12.630301
channel-750,682452,30286548,30286554,6,2025-02-24 22:25:43.396285,2025-02-24 22:25:51.133410,7.737125
channel-6994,1324292,30286561,30286572,11,2025-02-24 22:26:04.168562,2025-02-24 22:26:18.716699,14.548137
channel-750,682453,30286563,30286570,7,2025-02-24 22:26:06.476289,2025-02-24 22:26:14.867809,8.39152
channel-6787,166684,30286565,30286570,5,2025-02-24 22:26:08.882235,2025-02-24 22:26:14.867809,5.985574
channel-6994,1324293,30286566,30286576,10,2025-02-24 22:26:10.051128,2025-02-24 22:26:23.894870,13.843742
channel-750,682454,30286567,30286574,7,2025-02-24 22:26:11.137548,2025-02-24 22:26:21.171111,10.033563
channel-6994,1324294,30286569,30286617,48,2025-02-24 22:26:13.426750,2025-02-24 22:27:17.728098,64.301348
channel-2188,43627,30286571,30286576,5,2025-02-24 22:26:16.130812,2025-02-24 22:26:23.894870,7.764058
channel-0,4038177,30286576,30286585,9,2025-02-24 22:26:23.894870,2025-02-24 22:26:36.909770,13.0149
channel-259,314267,30286577,30286584,7,2025-02-24 22:26:24.978017,2025-02-24 22:26:35.712752,10.734735
channel-208,1489977,30286577,30286587,10,2025-02-24 22:26:24.978017,2025-02-24 22:26:39.194901,14.216884
channel-6994,1324295,30286584,30286594,10,2025-02-24 22:26:35.712752,2025-02-24 22:26:48.384407,12.671655
channel-85077,60019,30286585,30286595,10,2025-02-24 22:26:36.909770,2025-02-24 22:26:49.542944,12.633174
channel-1429,140706,30286585,30286597,12,2025-02-24 22:26:36.909770,2025-02-24 22:26:51.785011,14.875241
channel-21113,25315,30286591,30286597,6,2025-02-24 22:26:44.446793,2025-02-24 22:26:51.785011,7.338218
channel-412,64541,30286592,30286609,17,2025-02-24 22:26:45.948507,2025-02-24 22:27:06.787672,20.839165
channel-874,292927,30286593,30286603,10,2025-02-24 22:26:47.189590,2025-02-24 22:26:59.725701,12.536111
channel-750,682455,30286597,30286609,12,2025-02-24 22:26:51.785011,2025-02-24 22:27:06.787672,15.002661
channel-115,20374,30286598,30286609,11,2025-02-24 22:26:52.907950,2025-02-24 22:27:06.787672,13.879722
channel-6994,1324296,30286599,30286613,14,2025-02-24 22:26:54.177582,2025-02-24 22:27:12.143609,17.966027
channel-251,85203,30286604,30286613,9,2025-02-24 22:27:00.924316,2025-02-24 22:27:12.143609,11.219293
channel-6994,1324297,30286611,30286621,10,2025-02-24 22:27:09.280867,2025-02-24 22:27:23.773196,14.492329
channel-216,94212,30286615,30286754,139,2025-02-24 22:27:14.450688,2025-02-24 22:30:15.537331,181.086643
channel-6994,1324298,30286617,30286630,13,2025-02-24 22:27:17.728098,2025-02-24 22:27:34.744955,17.016857
channel-0,4038178,30286622,30286643,21,2025-02-24 22:27:25.416702,2025-02-24 22:27:49.643492,24.22679
channel-6994,1324299,30286629,30286679,50,2025-02-24 22:27:33.534363,2025-02-24 22:28:37.151454,63.617091
channel-874,292928,30286635,30286648,13,2025-02-24 22:27:40.528040,2025-02-24 22:27:56.414411,15.886371
channel-750,682456,30286650,30286657,7,2025-02-24 22:27:58.782172,2025-02-24 22:28:07.437479,8.655307
channel-750,682457,30286655,30286661,6,2025-02-24 22:28:04.994800,2025-02-24 22:28:12.120608,7.125808
channel-412,64542,30286657,30286667,10,2025-02-24 22:28:07.437479,2025-02-24 22:28:21.946522,14.509043
channel-0,4038179,30286657,30286665,8,2025-02-24 22:28:07.437479,2025-02-24 22:28:19.439033,12.001554
channel-6994,1324300,30286658,30286669,11,2025-02-24 22:28:08.667920,2025-02-24 22:28:24.270778,15.602858
channel-222,3833,30286661,30286670,9,2025-02-24 22:28:12.120608,2025-02-24 22:28:25.546475,13.425867
channel-0,4038180,30286671,30286677,6,2025-02-24 22:28:26.789743,2025-02-24 22:28:34.883106,8.093363
channel-208,1489978,30286689,30286699,10,2025-02-24 22:28:50.272692,2025-02-24 22:29:02.393054,12.120362
channel-6994,1324301,30286694,30286730,36,2025-02-24 22:28:56.365325,2025-02-24 22:29:42.942687,46.577362
channel-750,682458,30286695,30286705,10,2025-02-24 22:28:57.480379,2025-02-24 22:29:10.610009,13.12963
channel-79703,4427,30286698,30286712,14,2025-02-24 22:29:01.219912,2025-02-24 22:29:18.851280,17.631368
channel-6994,1324302,30286698,30286707,9,2025-02-24 22:29:01.219912,2025-02-24 22:29:12.772592,11.55268
channel-208,1489979,30286698,30286709,11,2025-02-24 22:29:01.219912,2025-02-24 22:29:15.102949,13.883037
channel-0,4038181,30286703,30286713,10,2025-02-24 22:29:07.157663,2025-02-24 22:29:21.241555,14.083892
channel-188,190562,30286709,30286713,4,2025-02-24 22:29:15.102949,2025-02-24 22:29:21.241555,6.138606
channel-6994,1324303,30286712,30286726,14,2025-02-24 22:29:18.851280,2025-02-24 22:29:37.050716,18.199436
channel-6994,1324304,30286715,30286726,11,2025-02-24 22:29:23.651157,2025-02-24 22:29:37.050716,13.399559
channel-2188,43628,30286718,30286722,4,2025-02-24 22:29:27.190505,2025-02-24 22:29:32.234729,5.044224
channel-259,314268,30286734,30286740,6,2025-02-24 22:29:47.614620,2025-02-24 22:29:55.683980,8.06936
channel-85077,60020,30286734,30286744,10,2025-02-24 22:29:47.614620,2025-02-24 22:30:00.526030,12.91141
channel-750,682459,30286737,30286743,6,2025-02-24 22:29:51.211262,2025-02-24 22:29:59.406059,8.194797
channel-2188,43629,30286741,30286747,6,2025-02-24 22:29:56.822434,2025-02-24 22:30:03.893786,7.071352
channel-0,4038182,30286741,30286753,12,2025-02-24 22:29:56.822434,2025-02-24 22:30:14.097591,17.275157
channel-85077,60021,30286747,30286756,9,2025-02-24 22:30:03.893786,2025-02-24 22:30:17.744211,13.850425
channel-6994,1324305,30286757,30286796,39,2025-02-24 22:30:18.828378,2025-02-24 22:31:11.879783,53.051405
channel-4,166935,30286759,30286772,13,2025-02-24 22:30:24.566362,2025-02-24 22:30:41.633267,17.066905
channel-208,1489980,30286762,30286775,13,2025-02-24 22:30:30.173610,2025-02-24 22:30:45.133611,14.960001
channel-874,292929,30286773,30286780,7,2025-02-24 22:30:42.681340,2025-02-24 22:30:51.000319,8.318979
channel-79703,4428,30286777,30286792,15,2025-02-24 22:30:47.426426,2025-02-24 22:31:05.685391,18.258965
channel-115,20375,30286779,30286789,10,2025-02-24 22:30:49.852735,2025-02-24 22:31:01.917721,12.064986
channel-782,310169,30286783,30286793,10,2025-02-24 22:30:54.697095,2025-02-24 22:31:07.846937,13.149842
channel-750,682460,30286790,30286794,4,2025-02-24 22:31:03.173178,2025-02-24 22:31:09.582183,6.409005
channel-1279,67118,30286811,30286826,15,2025-02-24 22:31:30.709964,2025-02-24 22:31:49.466253,18.756289
channel-122,667952,30286821,30286825,4,2025-02-24 22:31:43.708733,2025-02-24 22:31:48.186447,4.477714
channel-6994,1324306,30286822,30286863,41,2025-02-24 22:31:44.781220,2025-02-24 22:32:39.143606,54.362386
channel-874,292930,30286822,30286831,9,2025-02-24 22:31:44.781220,2025-02-24 22:31:56.365209,11.583989
channel-38946,124144,30286826,30286839,13,2025-02-24 22:31:49.466253,2025-02-24 22:32:05.569940,16.103687
channel-0,4038183,30286844,30286855,11,2025-02-24 22:32:13.074019,2025-02-24 22:32:27.597747,14.523728
channel-122,667953,30286851,30286855,4,2025-02-24 22:32:21.720266,2025-02-24 22:32:27.597747,5.877481
channel-874,292931,30286852,30286857,5,2025-02-24 22:32:22.957026,2025-02-24 22:32:30.886965,7.929939
channel-122,667954,30286854,30286857,3,2025-02-24 22:32:25.364392,2025-02-24 22:32:30.886965,5.522573
channel-122,667955,30286864,30286868,4,2025-02-24 22:32:40.211672,2025-02-24 22:32:45.731110,5.519438
channel-208,1489981,30286866,30286875,9,2025-02-24 22:32:43.457561,2025-02-24 22:32:54.134444,10.676883
channel-1429,140707,30286869,30286882,13,2025-02-24 22:32:47.030902,2025-02-24 22:33:02.676399,15.645497
channel-88,467100,30286875,30286894,19,2025-02-24 22:32:54.134444,2025-02-24 22:33:17.207159,23.072715
channel-208,1489982,30286879,30286889,10,2025-02-24 22:32:58.922630,2025-02-24 22:33:11.272533,12.349903
channel-6994,1324307,30286884,30286925,41,2025-02-24 22:33:05.031678,2025-02-24 22:33:56.788677,51.756999
channel-85077,60022,30286890,30286902,12,2025-02-24 22:33:12.410252,2025-02-24 22:33:26.375996,13.965744
channel-85077,60023,30286904,30286912,8,2025-02-24 22:33:28.694862,2025-02-24 22:33:40.905902,12.21104
channel-115,20376,30286906,30286916,10,2025-02-24 22:33:32.086314,2025-02-24 22:33:45.526955,13.440641
channel-208,1489983,30286915,30286925,10,2025-02-24 22:33:44.392686,2025-02-24 22:33:56.788677,12.395991
channel-874,292932,30286920,30286927,7,2025-02-24 22:33:51.034323,2025-02-24 22:34:00.794397,9.760074
channel-122,667956,30286927,30286930,3,2025-02-24 22:34:00.794397,2025-02-24 22:34:04.294964,3.500567
channel-144,86684,30286930,30286943,13,2025-02-24 22:34:04.294964,2025-02-24 22:34:19.993313,15.698349
channel-85077,60024,30286946,30286956,10,2025-02-24 22:34:23.470502,2025-02-24 22:34:36.503837,13.033335
channel-6994,1324308,30286948,30286986,38,2025-02-24 22:34:25.686759,2025-02-24 22:35:17.924966,52.238207
channel-113,301319,30286955,30286986,31,2025-02-24 22:34:34.102159,2025-02-24 22:35:17.924966,43.822807
channel-0,4038184,30286964,30286972,8,2025-02-24 22:34:45.766410,2025-02-24 22:34:59.191905,13.425495
channel-89321,19419,30286965,30286971,6,2025-02-24 22:34:46.910063,2025-02-24 22:34:58.085915,11.175852
channel-6994,1324309,30286967,30286982,15,2025-02-24 22:34:50.291860,2025-02-24 22:35:12.555256,22.263396
channel-6994,1324310,30286979,30286990,11,2025-02-24 22:35:09.029567,2025-02-24 22:35:24.679611,15.650044
channel-6994,1324311,30286982,30286995,13,2025-02-24 22:35:12.555256,2025-02-24 22:35:30.967707,18.412451
channel-19774,345896,30286982,30286992,10,2025-02-24 22:35:12.555256,2025-02-24 22:35:27.240370,14.685114
channel-0,4038185,30286985,30286995,10,2025-02-24 22:35:16.699994,2025-02-24 22:35:30.967707,14.267713
channel-6994,1324312,30286985,30286995,10,2025-02-24 22:35:16.699994,2025-02-24 22:35:30.967707,14.267713
channel-122,667957,30286985,30286989,4,2025-02-24 22:35:16.699994,2025-02-24 22:35:23.612927,6.912933
channel-4,166936,30286986,30287027,41,2025-02-24 22:35:17.924966,2025-02-24 22:36:16.740850,58.815884
channel-6787,166685,30286988,30286993,5,2025-02-24 22:35:21.452957,2025-02-24 22:35:28.374600,6.921643
channel-122,667958,30286991,30286996,5,2025-02-24 22:35:26.052257,2025-02-24 22:35:32.128062,6.075805
channel-38946,124145,30286991,30287009,18,2025-02-24 22:35:26.052257,2025-02-24 22:35:53.593055,27.540798
channel-0,4038186,30286996,30287004,8,2025-02-24 22:35:32.128062,2025-02-24 22:35:42.659679,10.531617
channel-326,537772,30287001,30287007,6,2025-02-24 22:35:37.850035,2025-02-24 22:35:47.153781,9.303746
channel-782,310170,30287002,30287007,5,2025-02-24 22:35:39.098388,2025-02-24 22:35:47.153781,8.055393
channel-6994,1324313,30287007,30287049,42,2025-02-24 22:35:47.153781,2025-02-24 22:36:43.938929,56.785148
channel-0,4038187,30287007,30287018,11,2025-02-24 22:35:47.153781,2025-02-24 22:36:05.441133,18.287352
channel-0,4038188,30287009,30287018,9,2025-02-24 22:35:53.593055,2025-02-24 22:36:05.441133,11.848078
channel-6787,166686,30287009,30287013,4,2025-02-24 22:35:53.593055,2025-02-24 22:35:58.089366,4.496311
channel-750,682461,30287011,30287020,9,2025-02-24 22:35:55.893054,2025-02-24 22:36:08.746873,12.853819
channel-0,4038189,30287011,30287032,21,2025-02-24 22:35:55.893054,2025-02-24 22:36:23.042606,27.149552
channel-0,4038190,30287013,30287022,9,2025-02-24 22:35:58.089366,2025-02-24 22:36:10.994280,12.904914
channel-2494,31915,30287015,30287031,16,2025-02-24 22:36:00.462267,2025-02-24 22:36:21.690938,21.228671
channel-122,667959,30287018,30287022,4,2025-02-24 22:36:05.441133,2025-02-24 22:36:10.994280,5.553147
channel-4,166937,30287019,30287051,32,2025-02-24 22:36:07.596473,2025-02-24 22:36:46.294128,38.697655
channel-642,126503,30287026,30287038,12,2025-02-24 22:36:15.673402,2025-02-24 22:36:30.247381,14.573979
channel-0,4038191,30287027,30287037,10,2025-02-24 22:36:16.740850,2025-02-24 22:36:29.061788,12.320938
channel-750,682462,30287027,30287032,5,2025-02-24 22:36:16.740850,2025-02-24 22:36:23.042606,6.301756
channel-113,301320,30287034,30287077,43,2025-02-24 22:36:25.653833,2025-02-24 22:37:21.013299,55.359466
channel-0,4038192,30287040,30287051,11,2025-02-24 22:36:32.847882,2025-02-24 22:36:46.294128,13.446246
channel-0,4038193,30287044,30287055,11,2025-02-24 22:36:37.444779,2025-02-24 22:36:52.986067,15.541288
channel-113,301321,30287047,30287098,51,2025-02-24 22:36:41.061560,2025-02-24 22:37:48.549965,67.488405
channel-750,682463,30287050,30287073,23,2025-02-24 22:36:45.196280,2025-02-24 22:37:15.327493,30.131213
channel-208,1489984,30287053,30287065,12,2025-02-24 22:36:49.813661,2025-02-24 22:37:04.285793,14.472132
channel-79703,4429,30287053,30287067,14,2025-02-24 22:36:49.813661,2025-02-24 22:37:07.276907,17.463246
channel-0,4038194,30287054,30287065,11,2025-02-24 22:36:51.909871,2025-02-24 22:37:04.285793,12.375922
channel-19774,345897,30287055,30287072,17,2025-02-24 22:36:52.986067,2025-02-24 22:37:13.220106,20.234039
channel-642,126504,30287062,30287078,16,2025-02-24 22:37:00.769987,2025-02-24 22:37:22.135191,21.365204
channel-208,1489985,30287064,30287073,9,2025-02-24 22:37:03.176178,2025-02-24 22:37:15.327493,12.151315
channel-6994,1324314,30287069,30287082,13,2025-02-24 22:37:09.752053,2025-02-24 22:37:27.575757,17.823704
channel-6994,1324315,30287069,30287107,38,2025-02-24 22:37:09.752053,2025-02-24 22:38:02.127464,52.375411
channel-143,128324,30287074,30287097,23,2025-02-24 22:37:17.391579,2025-02-24 22:37:45.753712,28.362133
channel-412,64543,30287076,30287088,12,2025-02-24 22:37:19.840850,2025-02-24 22:37:34.342976,14.502126
channel-208,1489986,30287083,30287103,20,2025-02-24 22:37:28.671138,2025-02-24 22:37:56.077105,27.405967
channel-750,682464,30287093,30287098,5,2025-02-24 22:37:40.100183,2025-02-24 22:37:48.549965,8.449782
channel-0,4038195,30287094,30287101,7,2025-02-24 22:37:42.322523,2025-02-24 22:37:53.405398,11.082875
channel-208,1489987,30287095,30287104,9,2025-02-24 22:37:43.510821,2025-02-24 22:37:57.325259,13.814438
channel-1634,6717,30287097,30287119,22,2025-02-24 22:37:45.753712,2025-02-24 22:38:17.546283,31.792571
channel-1279,67119,30287099,30287109,10,2025-02-24 22:37:49.616549,2025-02-24 22:38:04.480827,14.864278
channel-6994,1324316,30287101,30287112,11,2025-02-24 22:37:53.405398,2025-02-24 22:38:07.806668,14.40127
channel-85077,60025,30287114,30287128,14,2025-02-24 22:38:10.150497,2025-02-24 22:38:29.040265,18.889768
channel-750,682465,30287119,30287130,11,2025-02-24 22:38:17.546283,2025-02-24 22:38:31.472660,13.926377
channel-184,137411,30287133,30287143,10,2025-02-24 22:38:34.798974,2025-02-24 22:38:46.467464,11.66849
channel-6994,1324317,30287134,30287176,42,2025-02-24 22:38:36.008314,2025-02-24 22:39:28.378629,52.370315
channel-251,85204,30287144,30287153,9,2025-02-24 22:38:47.658656,2025-02-24 22:39:00.200135,12.541479
channel-6994,1324318,30287145,30287157,12,2025-02-24 22:38:48.899684,2025-02-24 22:39:05.267657,16.367973
channel-113,301322,30287146,30287181,35,2025-02-24 22:38:50.053335,2025-02-24 22:39:39.428776,49.375441
channel-750,682466,30287148,30287164,16,2025-02-24 22:38:52.746993,2025-02-24 22:39:13.457786,20.710793
channel-85077,60026,30287157,30287168,11,2025-02-24 22:39:05.267657,2025-02-24 22:39:18.085556,12.817899
channel-6994,1324319,30287159,30287173,14,2025-02-24 22:39:07.472066,2025-02-24 22:39:23.825563,16.353497
channel-6994,1324320,30287163,30287173,10,2025-02-24 22:39:12.385273,2025-02-24 22:39:23.825563,11.44029
channel-750,682467,30287170,30287176,6,2025-02-24 22:39:20.359579,2025-02-24 22:39:28.378629,8.01905
channel-75,844984,30287173,30287179,6,2025-02-24 22:39:23.825563,2025-02-24 22:39:35.627800,11.802237
channel-0,4038196,30287176,30287198,22,2025-02-24 22:39:28.378629,2025-02-24 22:40:05.755417,37.376788
channel-208,1489988,30287183,30287193,10,2025-02-24 22:39:42.789418,2025-02-24 22:39:58.646492,15.857074
channel-0,4038197,30287183,30287194,11,2025-02-24 22:39:42.789418,2025-02-24 22:39:59.691804,16.902386
channel-115,20377,30287188,30287197,9,2025-02-24 22:39:52.883862,2025-02-24 22:40:04.322633,11.438771
channel-199,132711,30287189,30287200,11,2025-02-24 22:39:54.008461,2025-02-24 22:40:08.108948,14.100487
channel-6994,1324321,30287194,30287247,53,2025-02-24 22:39:59.691804,2025-02-24 22:41:07.686699,67.994895
channel-1429,140708,30287198,30287207,9,2025-02-24 22:40:05.755417,2025-02-24 22:40:16.133296,10.377879
channel-0,4038198,30287200,30287209,9,2025-02-24 22:40:08.108948,2025-02-24 22:40:18.412382,10.303434
channel-88,467101,30287200,30287215,15,2025-02-24 22:40:08.108948,2025-02-24 22:40:26.968225,18.859277
channel-750,682468,30287203,30287213,10,2025-02-24 22:40:11.806245,2025-02-24 22:40:24.008057,12.201812
channel-0,4038199,30287215,30287224,9,2025-02-24 22:40:26.968225,2025-02-24 22:40:37.477728,10.509503
channel-122,667960,30287234,30287238,4,2025-02-24 22:40:50.043639,2025-02-24 22:40:54.669926,4.626287
channel-750,682469,30287235,30287248,13,2025-02-24 22:40:51.218818,2025-02-24 22:41:09.447685,18.228867
channel-19774,345898,30287243,30287253,10,2025-02-24 22:41:01.488163,2025-02-24 22:41:15.268930,13.780767
channel-208,1489989,30287243,30287253,10,2025-02-24 22:41:01.488163,2025-02-24 22:41:15.268930,13.780767
channel-208,1489990,30287247,30287258,11,2025-02-24 22:41:07.686699,2025-02-24 22:41:21.421926,13.735227
channel-874,292933,30287250,30287255,5,2025-02-24 22:41:11.615017,2025-02-24 22:41:17.885619,6.270602
channel-750,682470,30287252,30287262,10,2025-02-24 22:41:14.136083,2025-02-24 22:41:25.822191,11.686108
channel-0,4038200,30287254,30287272,18,2025-02-24 22:41:16.532288,2025-02-24 22:41:39.193791,22.661503
channel-0,4038201,30287257,30287272,15,2025-02-24 22:41:20.232504,2025-02-24 22:41:39.193791,18.961287
channel-6994,1324322,30287259,30287324,65,2025-02-24 22:41:22.488127,2025-02-24 22:42:45.216543,82.728416
channel-208,1489991,30287262,30287291,29,2025-02-24 22:41:25.822191,2025-02-24 22:42:03.124499,37.302308
channel-0,4038202,30287263,30287271,8,2025-02-24 22:41:26.925481,2025-02-24 22:41:37.867431,10.94195
channel-4,166938,30287268,30287291,23,2025-02-24 22:41:32.821381,2025-02-24 22:42:03.124499,30.303118
channel-208,1489992,30287283,30287293,10,2025-02-24 22:41:52.246356,2025-02-24 22:42:06.693603,14.447247
channel-208,1489993,30287294,30287308,14,2025-02-24 22:42:07.913907,2025-02-24 22:42:24.818647,16.90474
channel-750,682471,30287304,30287309,5,2025-02-24 22:42:20.243330,2025-02-24 22:42:26.007540,5.76421
channel-5,184284,30287305,30287313,8,2025-02-24 22:42:21.348802,2025-02-24 22:42:31.219527,9.870725
channel-0,4038203,30287308,30287319,11,2025-02-24 22:42:24.818647,2025-02-24 22:42:39.329007,14.51036
channel-6994,1324323,30287312,30287324,12,2025-02-24 22:42:29.520154,2025-02-24 22:42:45.216543,15.696389
channel-6994,1324324,30287335,30287385,50,2025-02-24 22:42:58.703480,2025-02-24 22:44:06.047090,67.34361
channel-6994,1324325,30287349,30287361,12,2025-02-24 22:43:16.481019,2025-02-24 22:43:36.361144,19.880125
channel-6994,1324326,30287362,30287375,13,2025-02-24 22:43:37.454556,2025-02-24 22:43:53.827155,16.372599
channel-208,1489994,30287363,30287373,10,2025-02-24 22:43:38.723998,2025-02-24 22:43:51.484642,12.760644
channel-6994,1324327,30287375,30287385,10,2025-02-24 22:43:53.827155,2025-02-24 22:44:06.047090,12.219935
channel-75,844985,30287386,30287394,8,2025-02-24 22:44:07.246959,2025-02-24 22:44:17.443658,10.196699
channel-208,1489995,30287388,30287398,10,2025-02-24 22:44:09.527430,2025-02-24 22:44:22.234837,12.707407
channel-122,667961,30287391,30287395,4,2025-02-24 22:44:12.867248,2025-02-24 22:44:18.730439,5.863191
channel-750,682472,30287395,30287408,13,2025-02-24 22:44:18.730439,2025-02-24 22:44:38.194605,19.464166
channel-115,20378,30287395,30287404,9,2025-02-24 22:44:18.730439,2025-02-24 22:44:32.705162,13.974723
channel-6994,1324328,30287397,30287446,49,2025-02-24 22:44:20.995354,2025-02-24 22:45:33.266706,72.271352
channel-89321,19420,30287398,30287408,10,2025-02-24 22:44:22.234837,2025-02-24 22:44:38.194605,15.959768
channel-85077,60027,30287410,30287421,11,2025-02-24 22:44:40.800201,2025-02-24 22:44:54.084837,13.284636
channel-0,4038204,30287412,30287426,14,2025-02-24 22:44:43.204187,2025-02-24 22:45:00.134429,16.930242
channel-75,844986,30287413,30287422,9,2025-02-24 22:44:44.841363,2025-02-24 22:44:55.364520,10.523157
channel-38946,124146,30287413,30287658,245,2025-02-24 22:44:44.841363,2025-02-24 22:50:10.649188,325.807825
channel-85077,60028,30287413,30287423,10,2025-02-24 22:44:44.841363,2025-02-24 22:44:56.482242,11.640879
channel-750,682473,30287417,30287438,21,2025-02-24 22:44:49.521511,2025-02-24 22:45:16.478284,26.956773
channel-0,4038205,30287418,30287430,12,2025-02-24 22:44:50.582430,2025-02-24 22:45:06.866080,16.28365
channel-750,682474,30287424,30287432,8,2025-02-24 22:44:57.704979,2025-02-24 22:45:09.446912,11.741933
channel-75,844987,30287424,30287429,5,2025-02-24 22:44:57.704979,2025-02-24 22:45:04.711953,7.006974
channel-75,844988,30287424,30287437,13,2025-02-24 22:44:57.704979,2025-02-24 22:45:15.313559,17.60858
channel-0,4038206,30287424,30287436,12,2025-02-24 22:44:57.704979,2025-02-24 22:45:14.089635,16.384656
channel-251,85205,30287425,30287438,13,2025-02-24 22:44:58.842803,2025-02-24 22:45:16.478284,17.635481
channel-1,408332,30287428,30287449,21,2025-02-24 22:45:03.615415,2025-02-24 22:45:37.214487,33.599072
channel-750,682475,30287434,30287438,4,2025-02-24 22:45:11.911486,2025-02-24 22:45:16.478284,4.566798
channel-75,844989,30287434,30287440,6,2025-02-24 22:45:11.911486,2025-02-24 22:45:21.159821,9.248335
channel-38946,124147,30287440,30287450,10,2025-02-24 22:45:21.159821,2025-02-24 22:45:38.489108,17.329287
channel-251,85206,30287440,30287447,7,2025-02-24 22:45:21.159821,2025-02-24 22:45:34.945942,13.786121
channel-6994,1324329,30287451,30287488,37,2025-02-24 22:45:39.594718,2025-02-24 22:46:26.704640,47.109922
channel-750,682476,30287458,30287481,23,2025-02-24 22:45:49.156513,2025-02-24 22:46:17.668492,28.511979
channel-251,85207,30287461,30287472,11,2025-02-24 22:45:52.800454,2025-02-24 22:46:05.511701,12.711247
channel-0,4038207,30287462,30287473,11,2025-02-24 22:45:53.938187,2025-02-24 22:46:06.629457,12.69127
channel-6994,1324330,30287469,30287479,10,2025-02-24 22:46:01.997142,2025-02-24 22:46:15.477676,13.480534
channel-874,292934,30287473,30287479,6,2025-02-24 22:46:06.629457,2025-02-24 22:46:15.477676,8.848219
channel-208,1489996,30287481,30287489,8,2025-02-24 22:46:17.668492,2025-02-24 22:46:27.937433,10.268941
channel-251,85208,30287485,30287495,10,2025-02-24 22:46:22.051890,2025-02-24 22:46:36.213979,14.162089
channel-750,682477,30287486,30287502,16,2025-02-24 22:46:24.355107,2025-02-24 22:46:44.416831,20.061724
channel-38946,124148,30287490,30287506,16,2025-02-24 22:46:30.065245,2025-02-24 22:46:49.267994,19.202749
channel-38946,124149,30287498,30287519,21,2025-02-24 22:46:39.687340,2025-02-24 22:47:06.415243,26.727903
channel-874,292935,30287506,30287514,8,2025-02-24 22:46:49.267994,2025-02-24 22:47:00.279235,11.011241
channel-6994,1324331,30287511,30287549,38,2025-02-24 22:46:56.314529,2025-02-24 22:47:46.242480,49.927951
channel-0,4038208,30287519,30287531,12,2025-02-24 22:47:06.415243,2025-02-24 22:47:21.698931,15.283688
channel-0,4038209,30287522,30287531,9,2025-02-24 22:47:09.700033,2025-02-24 22:47:21.698931,11.998898
channel-0,4038210,30287537,30287549,12,2025-02-24 22:47:29.906461,2025-02-24 22:47:46.242480,16.336019
channel-750,682478,30287538,30287543,5,2025-02-24 22:47:31.108774,2025-02-24 22:47:36.669462,5.560688
channel-38946,124150,30287544,30287557,13,2025-02-24 22:47:38.382573,2025-02-24 22:47:56.875269,18.492696
channel-1,408333,30287550,30287571,21,2025-02-24 22:47:47.393022,2025-02-24 22:48:13.031384,25.638362
channel-85077,60029,30287553,30287561,8,2025-02-24 22:47:51.001565,2025-02-24 22:48:01.524791,10.523226
channel-122,667962,30287555,30287559,4,2025-02-24 22:47:54.352080,2025-02-24 22:47:59.285785,4.933705
channel-115,20379,30287555,30287572,17,2025-02-24 22:47:54.352080,2025-02-24 22:48:14.142114,19.790034
channel-0,4038211,30287557,30287582,25,2025-02-24 22:47:56.875269,2025-02-24 22:48:26.495820,29.620551
channel-874,292936,30287564,30287572,8,2025-02-24 22:48:04.897864,2025-02-24 22:48:14.142114,9.24425
channel-750,682479,30287566,30287572,6,2025-02-24 22:48:07.253658,2025-02-24 22:48:14.142114,6.888456
channel-6994,1324332,30287567,30287607,40,2025-02-24 22:48:08.319558,2025-02-24 22:49:01.100310,52.780752
channel-85077,60030,30287572,30287582,10,2025-02-24 22:48:14.142114,2025-02-24 22:48:26.495820,12.353706
channel-874,292937,30287580,30287586,6,2025-02-24 22:48:23.958358,2025-02-24 22:48:32.318731,8.360373
channel-750,682480,30287593,30287607,14,2025-02-24 22:48:40.542031,2025-02-24 22:49:01.100310,20.558279
channel-6994,1324333,30287600,30287621,21,2025-02-24 22:48:52.270493,2025-02-24 22:49:23.719733,31.44924
channel-251,85209,30287607,30287618,11,2025-02-24 22:49:01.100310,2025-02-24 22:49:15.055217,13.954907
channel-0,4038212,30287607,30287618,11,2025-02-24 22:49:01.100310,2025-02-24 22:49:15.055217,13.954907
channel-750,682481,30287608,30287620,12,2025-02-24 22:49:02.228176,2025-02-24 22:49:18.334499,16.106323
channel-79703,4430,30287609,30287619,10,2025-02-24 22:49:03.448167,2025-02-24 22:49:16.216535,12.768368
channel-5,184285,30287611,30287620,9,2025-02-24 22:49:06.192344,2025-02-24 22:49:18.334499,12.142155
channel-6994,1324334,30287622,30287632,10,2025-02-24 22:49:24.997581,2025-02-24 22:49:36.480603,11.483022
channel-6994,1324335,30287623,30287636,13,2025-02-24 22:49:26.091296,2025-02-24 22:49:42.484983,16.393687
channel-6994,1324336,30287625,30287668,43,2025-02-24 22:49:28.239406,2025-02-24 22:50:23.382299,55.142893
channel-208,1489997,30287627,30287639,12,2025-02-24 22:49:30.637033,2025-02-24 22:49:46.000223,15.36319
channel-1424,7339,30287629,30287641,12,2025-02-24 22:49:32.976286,2025-02-24 22:49:48.301033,15.324747
channel-6994,1324337,30287637,30287652,15,2025-02-24 22:49:43.672665,2025-02-24 22:50:02.777174,19.104509
channel-6787,166687,30287647,30287651,4,2025-02-24 22:49:55.734170,2025-02-24 22:50:00.526323,4.792153
channel-251,85210,30287649,30287657,8,2025-02-24 22:49:58.117673,2025-02-24 22:50:09.505263,11.38759
channel-2,130623,30287659,30287668,9,2025-02-24 22:50:11.763475,2025-02-24 22:50:23.382299,11.618824
channel-0,4038213,30287661,30287673,12,2025-02-24 22:50:14.213889,2025-02-24 22:50:30.199944,15.986055
channel-750,682482,30287663,30287673,10,2025-02-24 22:50:17.467168,2025-02-24 22:50:30.199944,12.732776
channel-38946,124151,30287663,30287675,12,2025-02-24 22:50:17.467168,2025-02-24 22:50:32.440235,14.973067
channel-251,85211,30287673,30287682,9,2025-02-24 22:50:30.199944,2025-02-24 22:50:43.706604,13.50666
channel-874,292938,30287673,30287689,16,2025-02-24 22:50:30.199944,2025-02-24 22:50:51.697808,21.497864
channel-750,682483,30287681,30287687,6,2025-02-24 22:50:41.371356,2025-02-24 22:50:49.285704,7.914348
channel-6994,1324338,30287682,30287696,14,2025-02-24 22:50:43.706604,2025-02-24 22:51:00.028709,16.322105
channel-6994,1324339,30287685,30287724,39,2025-02-24 22:50:47.066928,2025-02-24 22:51:36.815341,49.748413
channel-6994,1324340,30287699,30287709,10,2025-02-24 22:51:03.343710,2025-02-24 22:51:18.972057,15.628347
channel-6994,1324341,30287700,30287709,9,2025-02-24 22:51:04.556326,2025-02-24 22:51:18.972057,14.415731
channel-874,292939,30287727,30287732,5,2025-02-24 22:51:40.176072,2025-02-24 22:51:48.264538,8.088466
channel-6994,1324342,30287731,30287745,14,2025-02-24 22:51:46.982689,2025-02-24 22:52:04.414088,17.431399
channel-79703,4431,30287737,30287752,15,2025-02-24 22:51:53.865462,2025-02-24 22:52:12.590972,18.72551
channel-326,537773,30287740,30287751,11,2025-02-24 22:51:57.357417,2025-02-24 22:52:11.481915,14.124498
channel-122,667963,30287755,30287759,4,2025-02-24 22:52:16.119737,2025-02-24 22:52:21.038834,4.919097
channel-6994,1324343,30287756,30287791,35,2025-02-24 22:52:17.345135,2025-02-24 22:53:07.640138,50.295003
channel-1,408334,30287767,30287780,13,2025-02-24 22:52:30.150334,2025-02-24 22:52:49.208285,19.057951
channel-0,4038214,30287767,30287778,11,2025-02-24 22:52:30.150334,2025-02-24 22:52:46.891255,16.740921
channel-782,310171,30287768,30287786,18,2025-02-24 22:52:32.260776,2025-02-24 22:52:56.145444,23.884668
channel-874,292940,30287770,30287775,5,2025-02-24 22:52:34.451001,2025-02-24 22:52:41.004551,6.55355
channel-6994,1324344,30287774,30287788,14,2025-02-24 22:52:39.725147,2025-02-24 22:52:59.753074,20.027927
channel-750,682484,30287779,30287785,6,2025-02-24 22:52:48.044394,2025-02-24 22:52:54.934409,6.890015
channel-6994,1324345,30287780,30287791,11,2025-02-24 22:52:49.208285,2025-02-24 22:53:07.640138,18.431853
channel-874,292941,30287794,30287803,9,2025-02-24 22:53:11.086286,2025-02-24 22:53:25.464205,14.377919
channel-6994,1324346,30287811,30287820,9,2025-02-24 22:53:36.821880,2025-02-24 22:53:48.914624,12.092744
channel-122,667964,30287811,30287827,16,2025-02-24 22:53:36.821880,2025-02-24 22:53:59.362260,22.54038
channel-75016,4621,30287815,30287842,27,2025-02-24 22:53:41.866948,2025-02-24 22:54:18.827278,36.96033
channel-0,4038215,30287816,30287842,26,2025-02-24 22:53:43.135306,2025-02-24 22:54:18.827278,35.691972
channel-412,64544,30287816,30287849,33,2025-02-24 22:53:43.135306,2025-02-24 22:54:26.697034,43.561728
channel-0,4038216,30287816,30287837,21,2025-02-24 22:53:43.135306,2025-02-24 22:54:12.165392,29.030086
channel-6994,1324347,30287817,30287863,46,2025-02-24 22:53:45.404632,2025-02-24 22:54:43.853467,58.448835
channel-750,682485,30287817,30287821,4,2025-02-24 22:53:45.404632,2025-02-24 22:53:51.088196,5.683564
channel-42,1489989,30287819,30287830,11,2025-02-24 22:53:47.699579,2025-02-24 22:54:03.188257,15.488678
channel-0,4038217,30287820,30287842,22,2025-02-24 22:53:48.914624,2025-02-24 22:54:18.827278,29.912654
channel-122,667965,30287826,30287831,5,2025-02-24 22:53:58.191558,2025-02-24 22:54:05.150059,6.958501
channel-0,4038218,30287827,30287837,10,2025-02-24 22:53:59.362260,2025-02-24 22:54:12.165392,12.803132
channel-874,292942,30287828,30287835,7,2025-02-24 22:54:00.592582,2025-02-24 22:54:09.790211,9.197629
channel-750,682486,30287829,30287835,6,2025-02-24 22:54:02.046560,2025-02-24 22:54:09.790211,7.743651
channel-874,292943,30287830,30287835,5,2025-02-24 22:54:03.188257,2025-02-24 22:54:09.790211,6.601954
channel-85077,60031,30287833,30287843,10,2025-02-24 22:54:07.449073,2025-02-24 22:54:19.951290,12.502217
channel-6994,1324348,30287836,30287848,12,2025-02-24 22:54:11.006810,2025-02-24 22:54:25.535194,14.528384
channel-208,1489998,30287836,30287847,11,2025-02-24 22:54:11.006810,2025-02-24 22:54:24.432441,13.425631
channel-91017,2816,30287838,30287848,10,2025-02-24 22:54:13.316657,2025-02-24 22:54:25.535194,12.218537
channel-0,4038219,30287838,30287862,24,2025-02-24 22:54:13.316657,2025-02-24 22:54:42.705075,29.388418
channel-208,1489999,30287841,30287853,12,2025-02-24 22:54:17.643223,2025-02-24 22:54:31.736243,14.09302
channel-1,408335,30287843,30287883,40,2025-02-24 22:54:19.951290,2025-02-24 22:55:15.144767,55.193477
channel-0,4038220,30287848,30287867,19,2025-02-24 22:54:25.535194,2025-02-24 22:54:49.437798,23.902604
channel-0,4038221,30287859,30287870,11,2025-02-24 22:54:39.183428,2025-02-24 22:54:53.948895,14.765467
channel-208,1490000,30287868,30287877,9,2025-02-24 22:54:51.602405,2025-02-24 22:55:03.935427,12.333022
channel-874,292944,30287873,30287877,4,2025-02-24 22:54:57.451762,2025-02-24 22:55:03.935427,6.483665
channel-874,292945,30287873,30287877,4,2025-02-24 22:54:57.451762,2025-02-24 22:55:03.935427,6.483665
channel-750,682487,30287876,30287885,9,2025-02-24 22:55:02.695699,2025-02-24 22:55:17.437547,14.741848
channel-767,14364,30287880,30287890,10,2025-02-24 22:55:11.720162,2025-02-24 22:55:23.376819,11.656657
channel-0,4038222,30287882,30287893,11,2025-02-24 22:55:14.058231,2025-02-24 22:55:26.773193,12.714962
channel-122,667966,30287884,30287889,5,2025-02-24 22:55:16.271382,2025-02-24 22:55:22.239536,5.968154
channel-6994,1324350,30287894,30287902,8,2025-02-24 22:55:28.005401,2025-02-24 22:55:38.672844,10.667443
channel-750,682488,30287902,30287919,17,2025-02-24 22:55:38.672844,2025-02-24 22:56:00.737052,22.064208
channel-522,40434,30287902,30287911,9,2025-02-24 22:55:38.672844,2025-02-24 22:55:50.774766,12.101922
channel-326,537774,30287903,30287908,5,2025-02-24 22:55:40.885001,2025-02-24 22:55:47.221337,6.336336
channel-750,682489,30287907,30287923,16,2025-02-24 22:55:45.965663,2025-02-24 22:56:06.973858,21.008195
channel-6994,1324351,30287910,30287921,11,2025-02-24 22:55:49.459417,2025-02-24 22:56:02.937133,13.477716
channel-0,4038223,30287916,30287923,7,2025-02-24 22:55:57.098900,2025-02-24 22:56:06.973858,9.874958
channel-19774,345899,30287922,30287930,8,2025-02-24 22:56:05.441374,2025-02-24 22:56:17.209672,11.768298
channel-874,292946,30287923,30287929,6,2025-02-24 22:56:06.973858,2025-02-24 22:56:15.019355,8.045497
channel-750,682490,30287923,30287937,14,2025-02-24 22:56:06.973858,2025-02-24 22:56:26.374907,19.401049
channel-412,64545,30287949,30287965,16,2025-02-24 22:56:40.779134,2025-02-24 22:57:05.068839,24.289705
channel-6994,1324352,30287949,30287992,43,2025-02-24 22:56:40.779134,2025-02-24 22:57:40.457411,59.678277
channel-0,4038224,30287949,30287959,10,2025-02-24 22:56:40.779134,2025-02-24 22:56:53.857555,13.078421
channel-874,292947,30287952,30287958,6,2025-02-24 22:56:45.791751,2025-02-24 22:56:52.616645,6.824894
channel-208,1490001,30287964,30287978,14,2025-02-24 22:57:03.853580,2025-02-24 22:57:22.134502,18.280922
channel-91017,2817,30287970,30287979,9,2025-02-24 22:57:12.257760,2025-02-24 22:57:24.303981,12.046221
channel-208,1490002,30287971,30287982,11,2025-02-24 22:57:13.489742,2025-02-24 22:57:27.907134,14.417392
channel-0,4038225,30287972,30287998,26,2025-02-24 22:57:15.075478,2025-02-24 22:57:48.604051,33.528573
channel-115,20380,30287974,30287983,9,2025-02-24 22:57:17.500754,2025-02-24 22:57:29.105452,11.604698
channel-767,14365,30287975,30287986,11,2025-02-24 22:57:18.805108,2025-02-24 22:57:32.491819,13.686711
channel-208,1490003,30287980,30287990,10,2025-02-24 22:57:25.434820,2025-02-24 22:57:37.129505,11.694685
channel-208,1490004,30287989,30287999,10,2025-02-24 22:57:35.946301,2025-02-24 22:57:49.750541,13.80424
channel-874,292948,30287990,30287996,6,2025-02-24 22:57:37.129505,2025-02-24 22:57:46.210984,9.081479
channel-259,314269,30287998,30288008,10,2025-02-24 22:57:48.604051,2025-02-24 22:58:01.031489,12.427438
channel-326,537775,30288004,30288010,6,2025-02-24 22:57:55.734330,2025-02-24 22:58:03.380110,7.64578
channel-750,682491,30288004,30288009,5,2025-02-24 22:57:55.734330,2025-02-24 22:58:02.218048,6.483718
channel-0,4038226,30288004,30288025,21,2025-02-24 22:57:55.734330,2025-02-24 22:58:26.035056,30.300726
channel-0,4038227,30288007,30288029,22,2025-02-24 22:57:59.944405,2025-02-24 22:58:30.817259,30.872854
channel-412,64546,30288008,30288016,8,2025-02-24 22:58:01.031489,2025-02-24 22:58:13.433101,12.401612
channel-6994,1324353,30288008,30288045,37,2025-02-24 22:58:01.031489,2025-02-24 22:58:57.026206,55.994717
channel-0,4038228,30288009,30288029,20,2025-02-24 22:58:02.218048,2025-02-24 22:58:30.817259,28.599211
channel-1279,67120,30288009,30288027,18,2025-02-24 22:58:02.218048,2025-02-24 22:58:28.369818,26.15177
channel-750,682492,30288017,30288022,5,2025-02-24 22:58:14.675244,2025-02-24 22:58:22.415289,7.740045
channel-1424,7340,30288022,30288031,9,2025-02-24 22:58:22.415289,2025-02-24 22:58:33.937190,11.521901
channel-0,4038229,30288023,30288048,25,2025-02-24 22:58:23.533365,2025-02-24 22:59:02.360112,38.826747
channel-75,844990,30288026,30288042,16,2025-02-24 22:58:27.133249,2025-02-24 22:58:49.895222,22.761973
channel-91017,2818,30288034,30288045,11,2025-02-24 22:58:37.754699,2025-02-24 22:58:57.026206,19.271507
channel-75,844991,30288034,30288039,5,2025-02-24 22:58:37.754699,2025-02-24 22:58:44.547756,6.793057
channel-85077,60032,30288035,30288045,10,2025-02-24 22:58:38.891549,2025-02-24 22:58:57.026206,18.134657
channel-874,292949,30288036,30288045,9,2025-02-24 22:58:40.031112,2025-02-24 22:58:57.026206,16.995094
channel-750,682493,30288037,30288041,4,2025-02-24 22:58:41.638538,2025-02-24 22:58:48.012022,6.373484
channel-19774,345900,30288037,30288048,11,2025-02-24 22:58:41.638538,2025-02-24 22:59:02.360112,20.721574
channel-412,64547,30288038,30288045,7,2025-02-24 22:58:43.323664,2025-02-24 22:58:57.026206,13.702542
channel-0,4038230,30288039,30288068,29,2025-02-24 22:58:44.547756,2025-02-24 22:59:28.629289,44.081533
channel-0,4038231,30288040,30288064,24,2025-02-24 22:58:46.769891,2025-02-24 22:59:22.426817,35.656926
channel-75016,4622,30288040,30288066,26,2025-02-24 22:58:46.769891,2025-02-24 22:59:26.110018,39.340127
channel-21113,25316,30288041,30288046,5,2025-02-24 22:58:48.012022,2025-02-24 22:58:58.302249,10.290227
channel-2188,43630,30288042,30288046,4,2025-02-24 22:58:49.895222,2025-02-24 22:58:58.302249,8.407027
channel-85077,60033,30288042,30288052,10,2025-02-24 22:58:49.895222,2025-02-24 22:59:08.071333,18.176111
channel-85077,60034,30288045,30288054,9,2025-02-24 22:58:57.026206,2025-02-24 22:59:10.493130,13.466924
channel-874,292950,30288045,30288066,21,2025-02-24 22:58:57.026206,2025-02-24 22:59:26.110018,29.083812
channel-0,4038232,30288045,30288068,23,2025-02-24 22:58:57.026206,2025-02-24 22:59:28.629289,31.603083
channel-0,4038233,30288045,30288054,9,2025-02-24 22:58:57.026206,2025-02-24 22:59:10.493130,13.466924
channel-0,4038234,30288045,30288072,27,2025-02-24 22:58:57.026206,2025-02-24 22:59:33.710225,36.684019
channel-1,408336,30288046,30288062,16,2025-02-24 22:58:58.302249,2025-02-24 22:59:20.053037,21.750788
channel-188,190563,30288050,30288102,52,2025-02-24 22:59:04.787193,2025-02-24 23:00:11.637400,66.850207
channel-782,310172,30288050,30288056,6,2025-02-24 22:59:04.787193,2025-02-24 22:59:12.845220,8.058027
channel-19774,345901,30288055,30288067,12,2025-02-24 22:59:11.684738,2025-02-24 22:59:27.383241,15.698503
channel-0,4038235,30288056,30288068,12,2025-02-24 22:59:12.845220,2025-02-24 22:59:28.629289,15.784069
channel-0,4038236,30288057,30288083,26,2025-02-24 22:59:14.005912,2025-02-24 22:59:46.439875,32.433963
channel-6994,1324354,30288058,30288070,12,2025-02-24 22:59:15.360899,2025-02-24 22:59:31.506719,16.14582
channel-874,292951,30288058,30288063,5,2025-02-24 22:59:15.360899,2025-02-24 22:59:21.307364,5.946465
channel-77,50263,30288058,30288070,12,2025-02-24 22:59:15.360899,2025-02-24 22:59:31.506719,16.14582
channel-75,844992,30288058,30288064,6,2025-02-24 22:59:15.360899,2025-02-24 22:59:22.426817,7.065918
channel-91017,2819,30288059,30288068,9,2025-02-24 22:59:16.575159,2025-02-24 22:59:28.629289,12.05413
channel-4,166939,30288062,30288090,28,2025-02-24 22:59:20.053037,2025-02-24 22:59:55.662547,35.60951
channel-0,4038237,30288062,30288093,31,2025-02-24 22:59:20.053037,2025-02-24 22:59:59.398107,39.34507
channel-143,128325,30288064,30288077,13,2025-02-24 22:59:22.426817,2025-02-24 22:59:39.320004,16.893187
channel-82,18953,30288064,30288086,22,2025-02-24 22:59:22.426817,2025-02-24 22:59:50.053775,27.626958
channel-874,292952,30288065,30288070,5,2025-02-24 22:59:25.053216,2025-02-24 22:59:31.506719,6.453503
channel-19774,345902,30288066,30288077,11,2025-02-24 22:59:26.110018,2025-02-24 22:59:39.320004,13.209986
channel-6787,166688,30288067,30288073,6,2025-02-24 22:59:27.383241,2025-02-24 22:59:34.843290,7.460049
channel-412,64548,30288068,30288078,10,2025-02-24 22:59:28.629289,2025-02-24 22:59:40.435637,11.806348
channel-208,1490005,30288069,30288084,15,2025-02-24 22:59:29.852336,2025-02-24 22:59:47.603407,17.751071
channel-208,1490006,30288071,30288084,13,2025-02-24 22:59:32.608166,2025-02-24 22:59:47.603407,14.995241
channel-19774,345903,30288073,30288078,5,2025-02-24 22:59:34.843290,2025-02-24 22:59:40.435637,5.592347
channel-0,4038238,30288077,30288095,18,2025-02-24 22:59:39.320004,2025-02-24 23:00:02.065426,22.745422
channel-6994,1324355,30288077,30288121,44,2025-02-24 22:59:39.320004,2025-02-24 23:00:39.106310,59.786306
channel-0,4038239,30288079,30288095,16,2025-02-24 22:59:41.576038,2025-02-24 23:00:02.065426,20.489388
channel-0,4038240,30288080,30288102,22,2025-02-24 22:59:42.766474,2025-02-24 23:00:11.637400,28.870926
channel-6787,166689,30288081,30288086,5,2025-02-24 22:59:43.930684,2025-02-24 22:59:50.053775,6.123091
channel-91017,2820,30288082,30288092,10,2025-02-24 22:59:45.178742,2025-02-24 22:59:58.057960,12.879218
channel-19774,345904,30288083,30288093,10,2025-02-24 22:59:46.439875,2025-02-24 22:59:59.398107,12.958232
channel-0,4038241,30288085,30288095,10,2025-02-24 22:59:48.873113,2025-02-24 23:00:02.065426,13.192313
channel-208,1490007,30288086,30288098,12,2025-02-24 22:59:50.053775,2025-02-24 23:00:05.731065,15.67729
channel-6994,1324356,30288087,30288099,12,2025-02-24 22:59:51.178781,2025-02-24 23:00:07.986595,16.807814
channel-0,4038242,30288087,30288109,22,2025-02-24 22:59:51.178781,2025-02-24 23:00:20.787481,29.6087
channel-874,292953,30288090,30288095,5,2025-02-24 22:59:55.662547,2025-02-24 23:00:02.065426,6.402879
channel-0,4038243,30288093,30288120,27,2025-02-24 22:59:59.398107,2025-02-24 23:00:37.684342,38.286235
channel-0,4038244,30288093,30288102,9,2025-02-24 22:59:59.398107,2025-02-24 23:00:11.637400,12.239293
channel-0,4038245,30288094,30288120,26,2025-02-24 23:00:00.508372,2025-02-24 23:00:37.684342,37.17597
channel-0,4038246,30288095,30288102,7,2025-02-24 23:00:02.065426,2025-02-24 23:00:11.637400,9.571974
channel-6,66636,30288095,30288108,13,2025-02-24 23:00:02.065426,2025-02-24 23:00:19.433576,17.36815
channel-783,104229,30288098,30288106,8,2025-02-24 23:00:05.731065,2025-02-24 23:00:17.016959,11.285894
channel-874,292954,30288098,30288104,6,2025-02-24 23:00:05.731065,2025-02-24 23:00:14.149847,8.418782
channel-85077,60035,30288098,30288109,11,2025-02-24 23:00:05.731065,2025-02-24 23:00:20.787481,15.056416
channel-874,292955,30288100,30288106,6,2025-02-24 23:00:09.375570,2025-02-24 23:00:17.016959,7.641389
channel-0,4038247,30288102,30288125,23,2025-02-24 23:00:11.637400,2025-02-24 23:00:43.736482,32.099082
channel-208,1490008,30288102,30288114,12,2025-02-24 23:00:11.637400,2025-02-24 23:00:27.038590,15.40119
channel-2186,40775,30288106,30288133,27,2025-02-24 23:00:17.016959,2025-02-24 23:00:53.271606,36.254647
channel-148,16085,30288106,30288114,8,2025-02-24 23:00:17.016959,2025-02-24 23:00:27.038590,10.021631
channel-750,682494,30288107,30288112,5,2025-02-24 23:00:18.231958,2025-02-24 23:00:24.568830,6.336872
channel-6994,1324357,30288107,30288117,10,2025-02-24 23:00:18.231958,2025-02-24 23:00:32.051080,13.819122
channel-2188,43631,30288109,30288114,5,2025-02-24 23:00:20.787481,2025-02-24 23:00:27.038590,6.251109
channel-750,682495,30288116,30288127,11,2025-02-24 23:00:29.298022,2025-02-24 23:00:46.258687,16.960665
channel-750,682496,30288117,30288126,9,2025-02-24 23:00:32.051080,2025-02-24 23:00:45.025050,12.97397
channel-143,128326,30288119,30288162,43,2025-02-24 23:00:35.412426,2025-02-24 23:01:35.374195,59.961769
channel-750,682497,30288120,30288135,15,2025-02-24 23:00:37.684342,2025-02-24 23:00:55.744424,18.060082
channel-874,292956,30288122,30288131,9,2025-02-24 23:00:40.325907,2025-02-24 23:00:50.960177,10.63427
channel-0,4038248,30288124,30288182,58,2025-02-24 23:00:42.606359,2025-02-24 23:02:02.539037,79.932678
channel-208,1490009,30288127,30288136,9,2025-02-24 23:00:46.258687,2025-02-24 23:00:56.921753,10.663066
channel-208,1490010,30288129,30288137,8,2025-02-24 23:00:48.482872,2025-02-24 23:01:02.764792,14.28192
channel-208,1490011,30288129,30288137,8,2025-02-24 23:00:48.482872,2025-02-24 23:01:02.764792,14.28192
channel-2188,43632,30288131,30288136,5,2025-02-24 23:00:50.960177,2025-02-24 23:00:56.921753,5.961576
channel-208,1490012,30288132,30288141,9,2025-02-24 23:00:52.183005,2025-02-24 23:01:07.865833,15.682828
channel-208,1490013,30288133,30288141,8,2025-02-24 23:00:53.271606,2025-02-24 23:01:07.865833,14.594227
channel-0,4038249,30288134,30288153,19,2025-02-24 23:00:54.621588,2025-02-24 23:01:23.041369,28.419781
channel-85077,60036,30288136,30288147,11,2025-02-24 23:00:56.921753,2025-02-24 23:01:15.962889,19.041136
channel-874,292957,30288144,30288150,6,2025-02-24 23:01:12.388301,2025-02-24 23:01:19.444794,7.056493
channel-750,682498,30288149,30288155,6,2025-02-24 23:01:18.404269,2025-02-24 23:01:26.344872,7.940603
channel-6994,1324358,30288153,30288195,42,2025-02-24 23:01:23.041369,2025-02-24 23:02:17.581461,54.540092
channel-85077,60037,30288153,30288163,10,2025-02-24 23:01:23.041369,2025-02-24 23:01:36.572878,13.531509
channel-91017,2821,30288156,30288168,12,2025-02-24 23:01:27.927018,2025-02-24 23:01:43.795059,15.868041
channel-326,537776,30288158,30288163,5,2025-02-24 23:01:30.512524,2025-02-24 23:01:36.572878,6.060354
channel-208,1490014,30288160,30288168,8,2025-02-24 23:01:32.863088,2025-02-24 23:01:43.795059,10.931971
channel-76971,12239,30288163,30288186,23,2025-02-24 23:01:36.572878,2025-02-24 23:02:07.117778,30.5449
channel-75016,4623,30288165,30288190,25,2025-02-24 23:01:39.020989,2025-02-24 23:02:11.546307,32.525318
channel-874,292958,30288166,30288174,8,2025-02-24 23:01:41.299737,2025-02-24 23:01:51.143271,9.843534
channel-208,1490015,30288167,30288177,10,2025-02-24 23:01:42.562160,2025-02-24 23:01:54.651993,12.089833
channel-326,537777,30288169,30288175,6,2025-02-24 23:01:44.985042,2025-02-24 23:01:52.393301,7.408259
channel-208,1490016,30288170,30288182,12,2025-02-24 23:01:46.112490,2025-02-24 23:02:02.539037,16.426547
channel-750,682499,30288171,30288183,12,2025-02-24 23:01:47.746085,2025-02-24 23:02:03.600422,15.854337
channel-143,128327,30288171,30288214,43,2025-02-24 23:01:47.746085,2025-02-24 23:02:42.695802,54.949717
channel-5,184286,30288178,30288188,10,2025-02-24 23:01:55.784885,2025-02-24 23:02:09.409707,13.624822
channel-251,85212,30288179,30288188,9,2025-02-24 23:01:56.942292,2025-02-24 23:02:09.409707,12.467415
channel-75016,4624,30288179,30288213,34,2025-02-24 23:01:56.942292,2025-02-24 23:02:40.271808,43.329516
channel-98451,34,30288180,30288196,16,2025-02-24 23:01:58.171113,2025-02-24 23:02:18.847968,20.676855
channel-19774,345905,30288182,30288194,12,2025-02-24 23:02:02.539037,2025-02-24 23:02:16.362630,13.823593
channel-1,408337,30288185,30288194,9,2025-02-24 23:02:05.820560,2025-02-24 23:02:16.362630,10.54207
channel-208,1490017,30288188,30288200,12,2025-02-24 23:02:09.409707,2025-02-24 23:02:24.433455,15.023748
channel-5,184287,30288190,30288202,12,2025-02-24 23:02:11.546307,2025-02-24 23:02:26.993908,15.447601
channel-122,667967,30288195,30288198,3,2025-02-24 23:02:17.581461,2025-02-24 23:02:22.070810,4.489349
channel-85077,60038,30288199,30288212,13,2025-02-24 23:02:23.181296,2025-02-24 23:02:39.109854,15.928558
channel-208,1490018,30288200,30288209,9,2025-02-24 23:02:24.433455,2025-02-24 23:02:35.649299,11.215844
channel-750,682500,30288204,30288219,15,2025-02-24 23:02:29.491372,2025-02-24 23:02:48.872474,19.381102
channel-208,1490019,30288206,30288219,13,2025-02-24 23:02:32.177282,2025-02-24 23:02:48.872474,16.695192
channel-750,682501,30288213,30288224,11,2025-02-24 23:02:40.271808,2025-02-24 23:02:54.876095,14.604287
channel-6787,166690,30288213,30288217,4,2025-02-24 23:02:40.271808,2025-02-24 23:02:46.402081,6.130273
channel-750,682502,30288213,30288224,11,2025-02-24 23:02:40.271808,2025-02-24 23:02:54.876095,14.604287
channel-874,292959,30288216,30288224,8,2025-02-24 23:02:45.212255,2025-02-24 23:02:54.876095,9.66384
channel-0,4038250,30288219,30288244,25,2025-02-24 23:02:48.872474,2025-02-24 23:03:29.648049,40.775575
channel-874,292960,30288219,30288224,5,2025-02-24 23:02:48.872474,2025-02-24 23:02:54.876095,6.003621
channel-412,64549,30288220,30288226,6,2025-02-24 23:02:50.148792,2025-02-24 23:03:00.787437,10.638645
channel-1,408338,30288220,30288243,23,2025-02-24 23:02:50.148792,2025-02-24 23:03:28.467314,38.318522
channel-874,292961,30288223,30288234,11,2025-02-24 23:02:53.764985,2025-02-24 23:03:17.605538,23.840553
channel-85077,60039,30288224,30288231,7,2025-02-24 23:02:54.876095,2025-02-24 23:03:10.732841,15.856746
channel-750,682503,30288224,30288229,5,2025-02-24 23:02:54.876095,2025-02-24 23:03:04.275321,9.399226
channel-1429,140709,30288226,30288231,5,2025-02-24 23:03:00.787437,2025-02-24 23:03:10.732841,9.945404
channel-6994,1324359,30288226,30288268,42,2025-02-24 23:03:00.787437,2025-02-24 23:04:02.071984,61.284547
channel-0,4038251,30288227,30288248,21,2025-02-24 23:03:01.901955,2025-02-24 23:03:35.522309,33.620354
channel-750,682504,30288229,30288232,3,2025-02-24 23:03:04.275321,2025-02-24 23:03:15.133351,10.85803
channel-750,682505,30288229,30288244,15,2025-02-24 23:03:04.275321,2025-02-24 23:03:29.648049,25.372728
channel-874,292962,30288232,30288242,10,2025-02-24 23:03:15.133351,2025-02-24 23:03:27.364606,12.231255
channel-208,1490020,30288237,30288248,11,2025-02-24 23:03:21.086336,2025-02-24 23:03:35.522309,14.435973
channel-874,292963,30288238,30288244,6,2025-02-24 23:03:22.740770,2025-02-24 23:03:29.648049,6.907279
channel-0,4038252,30288242,30288253,11,2025-02-24 23:03:27.364606,2025-02-24 23:03:41.305818,13.941212
channel-122,667968,30288242,30288245,3,2025-02-24 23:03:27.364606,2025-02-24 23:03:31.855129,4.490523
channel-750,682506,30288246,30288258,12,2025-02-24 23:03:33.146391,2025-02-24 23:03:48.126999,14.980608
channel-122,667969,30288246,30288250,4,2025-02-24 23:03:33.146391,2025-02-24 23:03:37.869107,4.722716
channel-874,292964,30288248,30288253,5,2025-02-24 23:03:35.522309,2025-02-24 23:03:41.305818,5.783509
channel-750,682507,30288249,30288260,11,2025-02-24 23:03:36.731167,2025-02-24 23:03:51.434160,14.702993
channel-208,1490021,30288250,30288261,11,2025-02-24 23:03:37.869107,2025-02-24 23:03:53.843577,15.97447
channel-874,292965,30288254,30288260,6,2025-02-24 23:03:42.423023,2025-02-24 23:03:51.434160,9.011137
channel-874,292966,30288255,30288266,11,2025-02-24 23:03:43.533708,2025-02-24 23:03:59.750868,16.21716
channel-0,4038253,30288257,30288266,9,2025-02-24 23:03:45.915873,2025-02-24 23:03:59.750868,13.834995
channel-874,292967,30288257,30288262,5,2025-02-24 23:03:45.915873,2025-02-24 23:03:55.159841,9.243968
channel-19774,345906,30288258,30288272,14,2025-02-24 23:03:48.126999,2025-02-24 23:04:07.375199,19.2482
channel-874,292968,30288262,30288268,6,2025-02-24 23:03:55.159841,2025-02-24 23:04:02.071984,6.912143
channel-143,128328,30288264,30288322,58,2025-02-24 23:03:57.504395,2025-02-24 23:05:13.623666,76.119271
channel-874,292969,30288270,30288278,8,2025-02-24 23:04:04.567733,2025-02-24 23:04:14.922388,10.354655
channel-874,292970,30288270,30288278,8,2025-02-24 23:04:04.567733,2025-02-24 23:04:14.922388,10.354655
channel-750,682508,30288274,30288288,14,2025-02-24 23:04:09.603405,2025-02-24 23:04:26.608292,17.004887
channel-0,4038254,30288278,30288288,10,2025-02-24 23:04:14.922388,2025-02-24 23:04:26.608292,11.685904
channel-75,844993,30288280,30288288,8,2025-02-24 23:04:17.235662,2025-02-24 23:04:26.608292,9.37263
channel-6994,1324360,30288285,30288323,38,2025-02-24 23:04:23.061021,2025-02-24 23:05:14.732870,51.671849
channel-6994,1324361,30288286,30288300,14,2025-02-24 23:04:24.344376,2025-02-24 23:04:40.879125,16.534749
channel-6994,1324362,30288286,30288300,14,2025-02-24 23:04:24.344376,2025-02-24 23:04:40.879125,16.534749
channel-750,682509,30288290,30288296,6,2025-02-24 23:04:28.926049,2025-02-24 23:04:35.968958,7.042909
channel-0,4038255,30288299,30288309,10,2025-02-24 23:04:39.784376,2025-02-24 23:04:53.457458,13.673082
channel-143,128329,30288299,30288333,34,2025-02-24 23:04:39.784376,2025-02-24 23:05:26.338437,46.554061
channel-874,292971,30288302,30288307,5,2025-02-24 23:04:43.722990,2025-02-24 23:04:50.200146,6.477156
channel-750,682510,30288305,30288314,9,2025-02-24 23:04:47.738243,2025-02-24 23:05:01.511014,13.772771
channel-89321,19421,30288305,30288314,9,2025-02-24 23:04:47.738243,2025-02-24 23:05:01.511014,13.772771
channel-208,1490022,30288307,30288314,7,2025-02-24 23:04:50.200146,2025-02-24 23:05:01.511014,11.310868
channel-0,4038256,30288307,30288317,10,2025-02-24 23:04:50.200146,2025-02-24 23:05:07.227268,17.027122
channel-208,1490023,30288309,30288319,10,2025-02-24 23:04:53.457458,2025-02-24 23:05:09.921170,16.463712
channel-6994,1324363,30288309,30288319,10,2025-02-24 23:04:53.457458,2025-02-24 23:05:09.921170,16.463712
channel-0,4038257,30288310,30288321,11,2025-02-24 23:04:55.656959,2025-02-24 23:05:12.381732,16.724773
channel-750,682511,30288314,30288340,26,2025-02-24 23:05:01.511014,2025-02-24 23:05:35.175126,33.664112
channel-6994,1324364,30288320,30288333,13,2025-02-24 23:05:11.207980,2025-02-24 23:05:26.338437,15.130457
channel-0,4038258,30288322,30288353,31,2025-02-24 23:05:13.623666,2025-02-24 23:05:51.313434,37.689768
channel-0,4038259,30288327,30288348,21,2025-02-24 23:05:19.335327,2025-02-24 23:05:45.560501,26.225174
channel-2186,40776,30288328,30288342,14,2025-02-24 23:05:20.543040,2025-02-24 23:05:37.422589,16.879549
channel-874,292972,30288329,30288335,6,2025-02-24 23:05:21.663594,2025-02-24 23:05:28.750830,7.087236
channel-19774,345907,30288330,30288339,9,2025-02-24 23:05:22.818754,2025-02-24 23:05:34.048101,11.229347
channel-6994,1324365,30288331,30288347,16,2025-02-24 23:05:24.012897,2025-02-24 23:05:43.220401,19.207504
channel-85077,60040,30288333,30288345,12,2025-02-24 23:05:26.338437,2025-02-24 23:05:40.859901,14.521464
channel-326,537778,30288334,30288341,7,2025-02-24 23:05:27.557128,2025-02-24 23:05:36.283144,8.726016
channel-750,682512,30288345,30288357,12,2025-02-24 23:05:40.859901,2025-02-24 23:05:56.212369,15.352468
channel-143,128330,30288346,30288381,35,2025-02-24 23:05:42.059933,2025-02-24 23:06:28.850723,46.79079
channel-6994,1324366,30288347,30288386,39,2025-02-24 23:05:43.220401,2025-02-24 23:06:34.953893,51.733492
channel-19774,345908,30288348,30288356,8,2025-02-24 23:05:45.560501,2025-02-24 23:05:54.880011,9.31951
channel-0,4038260,30288352,30288375,23,2025-02-24 23:05:50.229116,2025-02-24 23:06:21.544600,31.315484
channel-122,667970,30288360,30288370,10,2025-02-24 23:06:00.977904,2025-02-24 23:06:15.620553,14.642649
channel-750,682513,30288373,30288394,21,2025-02-24 23:06:19.222919,2025-02-24 23:06:44.219349,24.99643
channel-874,292973,30288375,30288384,9,2025-02-24 23:06:21.544600,2025-02-24 23:06:32.615452,11.070852
channel-85077,60041,30288376,30288390,14,2025-02-24 23:06:22.755854,2025-02-24 23:06:39.548012,16.792158
channel-750,682514,30288381,30288396,15,2025-02-24 23:06:28.850723,2025-02-24 23:06:46.598345,17.747622
channel-2494,31916,30288384,30288396,12,2025-02-24 23:06:32.615452,2025-02-24 23:06:46.598345,13.982893
channel-0,4038261,30288387,30288397,10,2025-02-24 23:06:36.076654,2025-02-24 23:06:51.044253,14.967599
channel-750,682515,30288389,30288400,11,2025-02-24 23:06:38.456141,2025-02-24 23:06:54.743123,16.286982
channel-188,190564,30288390,30288435,45,2025-02-24 23:06:39.548012,2025-02-24 23:07:43.794717,64.246705
channel-750,682516,30288398,30288403,5,2025-02-24 23:06:52.203089,2025-02-24 23:06:58.613711,6.410622
channel-143,128331,30288402,30288414,12,2025-02-24 23:06:57.488384,2025-02-24 23:07:14.311378,16.822994
channel-874,292974,30288402,30288410,8,2025-02-24 23:06:57.488384,2025-02-24 23:07:08.721958,11.233574
channel-6994,1324367,30288403,30288444,41,2025-02-24 23:06:58.613711,2025-02-24 23:07:55.420374,56.806663
channel-750,682517,30288406,30288420,14,2025-02-24 23:07:04.320168,2025-02-24 23:07:24.765470,20.445302
channel-19774,345909,30288409,30288417,8,2025-02-24 23:07:07.641789,2025-02-24 23:07:18.059109,10.41732
channel-6994,1324368,30288410,30288432,22,2025-02-24 23:07:08.721958,2025-02-24 23:07:39.762981,31.041023
channel-208,1490024,30288410,30288419,9,2025-02-24 23:07:08.721958,2025-02-24 23:07:20.356753,11.634795
channel-750,682518,30288416,30288426,10,2025-02-24 23:07:16.781630,2025-02-24 23:07:31.762789,14.981159
channel-143,128332,30288422,30288431,9,2025-02-24 23:07:26.993597,2025-02-24 23:07:38.533246,11.539649
channel-750,682519,30288432,30288451,19,2025-02-24 23:07:39.762981,2025-02-24 23:08:03.621845,23.858864
channel-874,292975,30288432,30288438,6,2025-02-24 23:07:39.762981,2025-02-24 23:07:47.389843,7.626862
channel-874,292976,30288436,30288443,7,2025-02-24 23:07:44.962790,2025-02-24 23:07:53.193120,8.23033
channel-5,184288,30288436,30288448,12,2025-02-24 23:07:44.962790,2025-02-24 23:08:00.082046,15.119256
channel-85077,60042,30288450,30288469,19,2025-02-24 23:08:02.429087,2025-02-24 23:08:25.886022,23.456935
channel-874,292977,30288451,30288460,9,2025-02-24 23:08:03.621845,2025-02-24 23:08:15.054933,11.433088
channel-750,682520,30288455,30288469,14,2025-02-24 23:08:09.303156,2025-02-24 23:08:25.886022,16.582866
channel-143,128333,30288466,30288491,25,2025-02-24 23:08:21.882838,2025-02-24 23:08:57.012625,35.129787
channel-79703,4432,30288466,30288476,10,2025-02-24 23:08:21.882838,2025-02-24 23:08:36.720225,14.837387
channel-1,408339,30288468,30288498,30,2025-02-24 23:08:24.721268,2025-02-24 23:09:06.945539,42.224271
channel-0,4038262,30288470,30288481,11,2025-02-24 23:08:27.110449,2025-02-24 23:08:42.522717,15.412268
channel-0,4038263,30288470,30288481,11,2025-02-24 23:08:27.110449,2025-02-24 23:08:42.522717,15.412268
channel-6994,1324369,30288473,30288513,40,2025-02-24 23:08:32.978844,2025-02-24 23:09:26.572143,53.593299
channel-874,292978,30288474,30288483,9,2025-02-24 23:08:34.397052,2025-02-24 23:08:46.487378,12.090326
channel-874,292979,30288477,30288484,7,2025-02-24 23:08:38.007878,2025-02-24 23:08:47.716521,9.708643
channel-19774,345910,30288481,30288489,8,2025-02-24 23:08:42.522717,2025-02-24 23:08:54.461347,11.93863
channel-85077,60043,30288484,30288502,18,2025-02-24 23:08:47.716521,2025-02-24 23:09:12.398405,24.681884
channel-38946,124152,30288485,30288508,23,2025-02-24 23:08:49.927678,2025-02-24 23:09:20.781175,30.853497
channel-750,682521,30288489,30288503,14,2025-02-24 23:08:54.461347,2025-02-24 23:09:14.880666,20.419319
channel-750,682522,30288490,30288501,11,2025-02-24 23:08:55.868506,2025-02-24 23:09:11.005803,15.137297
channel-750,682523,30288495,30288507,12,2025-02-24 23:09:02.777946,2025-02-24 23:09:19.672209,16.894263
channel-0,4038264,30288495,30288506,11,2025-02-24 23:09:02.777946,2025-02-24 23:09:18.501196,15.72325
channel-85077,60044,30288502,30288511,9,2025-02-24 23:09:12.398405,2025-02-24 23:09:24.386505,11.9881
channel-750,682524,30288502,30288507,5,2025-02-24 23:09:12.398405,2025-02-24 23:09:19.672209,7.273804
channel-85077,60045,30288503,30288520,17,2025-02-24 23:09:14.880666,2025-02-24 23:09:35.476195,20.595529
channel-0,4038265,30288506,30288529,23,2025-02-24 23:09:18.501196,2025-02-24 23:09:47.069880,28.568684
channel-2494,31917,30288507,30288518,11,2025-02-24 23:09:19.672209,2025-02-24 23:09:33.055367,13.383158
channel-0,4038266,30288513,30288519,6,2025-02-24 23:09:26.572143,2025-02-24 23:09:34.222408,7.650265
channel-874,292980,30288517,30288521,4,2025-02-24 23:09:31.191447,2025-02-24 23:09:37.676362,6.484915
channel-874,292981,30288524,30288535,11,2025-02-24 23:09:41.180338,2025-02-24 23:09:54.413005,13.232667
channel-6994,1324370,30288527,30288537,10,2025-02-24 23:09:44.874708,2025-02-24 23:09:56.817595,11.942887
channel-750,682525,30288531,30288545,14,2025-02-24 23:09:49.282684,2025-02-24 23:10:06.147628,16.864944
channel-2494,31918,30288537,30288547,10,2025-02-24 23:09:56.817595,2025-02-24 23:10:08.587515,11.76992
channel-2494,31919,30288540,30288550,10,2025-02-24 23:10:00.353178,2025-02-24 23:10:13.637187,13.284009
channel-874,292982,30288554,30288563,9,2025-02-24 23:10:19.094337,2025-02-24 23:10:30.944153,11.849816
channel-0,4038267,30288559,30288579,20,2025-02-24 23:10:25.226863,2025-02-24 23:10:53.419705,28.192842
channel-750,682526,30288566,30288577,11,2025-02-24 23:10:35.224188,2025-02-24 23:10:51.136406,15.912218
channel-19774,345911,30288567,30288587,20,2025-02-24 23:10:36.512589,2025-02-24 23:11:03.770478,27.257889
channel-0,4038268,30288569,30288579,10,2025-02-24 23:10:38.854250,2025-02-24 23:10:53.419705,14.565455
channel-0,4038269,30288572,30288584,12,2025-02-24 23:10:44.036005,2025-02-24 23:11:00.327248,16.291243
channel-115,20381,30288572,30288580,8,2025-02-24 23:10:44.036005,2025-02-24 23:10:54.590576,10.554571
channel-6787,166691,30288577,30288581,4,2025-02-24 23:10:51.136406,2025-02-24 23:10:56.686174,5.549768
channel-874,292983,30288583,30288588,5,2025-02-24 23:10:59.060147,2025-02-24 23:11:05.001232,5.941085
channel-874,292984,30288583,30288588,5,2025-02-24 23:10:59.060147,2025-02-24 23:11:05.001232,5.941085
channel-2494,31920,30288585,30288594,9,2025-02-24 23:11:01.460203,2025-02-24 23:11:13.408682,11.948479
channel-259,314270,30288592,30288598,6,2025-02-24 23:11:10.823805,2025-02-24 23:11:19.251709,8.427904
channel-6994,1324372,30288594,30288633,39,2025-02-24 23:11:13.408682,2025-02-24 23:12:07.582283,54.173601
channel-85077,60046,30288599,30288611,12,2025-02-24 23:11:20.946984,2025-02-24 23:11:35.702452,14.755468
channel-216,94213,30288609,30288730,121,2025-02-24 23:11:33.050599,2025-02-24 23:14:10.928265,157.877666
channel-0,4038270,30288614,30288629,15,2025-02-24 23:11:39.260245,2025-02-24 23:12:02.117475,22.85723
channel-874,292985,30288615,30288624,9,2025-02-24 23:11:40.373443,2025-02-24 23:11:52.016333,11.64289
channel-2494,31921,30288616,30288626,10,2025-02-24 23:11:41.622805,2025-02-24 23:11:54.249142,12.626337
channel-216,94214,30288618,30288690,72,2025-02-24 23:11:43.898018,2025-02-24 23:13:19.235842,95.337824
channel-750,682527,30288620,30288632,12,2025-02-24 23:11:47.192399,2025-02-24 23:12:06.426488,19.234089
channel-199,132712,30288623,30288628,5,2025-02-24 23:11:50.783449,2025-02-24 23:11:57.524079,6.74063
channel-2494,31922,30288639,30288650,11,2025-02-24 23:12:14.744305,2025-02-24 23:12:28.900070,14.155765
channel-874,292986,30288643,30288648,5,2025-02-24 23:12:19.449857,2025-02-24 23:12:26.542590,7.092733
channel-750,682528,30288643,30288657,14,2025-02-24 23:12:19.449857,2025-02-24 23:12:36.656780,17.206923
channel-1,408340,30288646,30288677,31,2025-02-24 23:12:22.833996,2025-02-24 23:13:02.044232,39.210236
channel-19774,345912,30288657,30288667,10,2025-02-24 23:12:36.656780,2025-02-24 23:12:50.219810,13.56303
channel-326,537779,30288658,30288672,14,2025-02-24 23:12:39.335075,2025-02-24 23:12:56.115158,16.780083
channel-6994,1324373,30288659,30288701,42,2025-02-24 23:12:40.395147,2025-02-24 23:13:34.174843,53.779696
channel-259,314271,30288664,30288671,7,2025-02-24 23:12:46.234112,2025-02-24 23:12:54.998767,8.764655
channel-2494,31923,30288666,30288678,12,2025-02-24 23:12:49.166044,2025-02-24 23:13:03.251257,14.085213
channel-874,292987,30288670,30288677,7,2025-02-24 23:12:53.852991,2025-02-24 23:13:02.044232,8.191241
channel-122,667971,30288688,30288692,4,2025-02-24 23:13:16.844252,2025-02-24 23:13:21.677964,4.833712
channel-750,682529,30288694,30288705,11,2025-02-24 23:13:23.927224,2025-02-24 23:13:38.967758,15.040534
channel-6994,1324374,30288696,30288707,11,2025-02-24 23:13:26.337944,2025-02-24 23:13:41.764330,15.426386
channel-2494,31924,30288696,30288706,10,2025-02-24 23:13:26.337944,2025-02-24 23:13:39.985905,13.647961
channel-874,292988,30288701,30288710,9,2025-02-24 23:13:34.174843,2025-02-24 23:13:45.261846,11.087003
channel-0,4038271,30288704,30288714,10,2025-02-24 23:13:37.702709,2025-02-24 23:13:49.933408,12.230699
channel-6994,1324375,30288704,30288716,12,2025-02-24 23:13:37.702709,2025-02-24 23:13:52.452560,14.749851
channel-750,682530,30288707,30288722,15,2025-02-24 23:13:41.764330,2025-02-24 23:13:59.400330,17.636
channel-6994,1324376,30288724,30288762,38,2025-02-24 23:14:01.682148,2025-02-24 23:14:53.092743,51.410595
channel-6994,1324377,30288724,30288735,11,2025-02-24 23:14:01.682148,2025-02-24 23:14:17.098619,15.416471
channel-750,682531,30288727,30288743,16,2025-02-24 23:14:07.444689,2025-02-24 23:14:27.326593,19.881904
channel-19774,345913,30288728,30288739,11,2025-02-24 23:14:08.657397,2025-02-24 23:14:21.731810,13.074413
channel-85077,60047,30288728,30288739,11,2025-02-24 23:14:08.657397,2025-02-24 23:14:21.731810,13.074413
channel-874,292989,30288732,30288741,9,2025-02-24 23:14:13.222068,2025-02-24 23:14:24.983845,11.761777
channel-750,682532,30288734,30288745,11,2025-02-24 23:14:15.977517,2025-02-24 23:14:30.696489,14.718972
channel-85077,60048,30288743,30288749,6,2025-02-24 23:14:27.326593,2025-02-24 23:14:38.045672,10.719079
channel-750,682533,30288751,30288766,15,2025-02-24 23:14:40.435501,2025-02-24 23:14:58.326042,17.890541
channel-6994,1324378,30288753,30288767,14,2025-02-24 23:14:42.921349,2025-02-24 23:14:59.543769,16.62242
channel-0,4038272,30288776,30288785,9,2025-02-24 23:15:10.139930,2025-02-24 23:15:20.471516,10.331586
channel-750,682534,30288778,30288792,14,2025-02-24 23:15:12.381644,2025-02-24 23:15:31.974318,19.592674
channel-208,1490025,30288780,30288790,10,2025-02-24 23:15:14.876449,2025-02-24 23:15:28.329585,13.453136
channel-874,292990,30288785,30288790,5,2025-02-24 23:15:20.471516,2025-02-24 23:15:28.329585,7.858069
channel-6994,1324379,30288785,30288824,39,2025-02-24 23:15:20.471516,2025-02-24 23:16:11.601210,51.129694
channel-6787,166692,30288801,30288806,5,2025-02-24 23:15:44.310093,2025-02-24 23:15:49.909386,5.599293
channel-874,292991,30288807,30288813,6,2025-02-24 23:15:50.993628,2025-02-24 23:15:58.523739,7.530111
channel-874,292992,30288819,30288825,6,2025-02-24 23:16:05.639137,2025-02-24 23:16:12.747412,7.108275
channel-208,1490026,30288819,30288830,11,2025-02-24 23:16:05.639137,2025-02-24 23:16:20.968115,15.328978
channel-85077,60049,30288820,30288829,9,2025-02-24 23:16:06.744994,2025-02-24 23:16:19.875804,13.13081
channel-2188,43633,30288821,30288825,4,2025-02-24 23:16:07.896933,2025-02-24 23:16:12.747412,4.850479
channel-874,292993,30288822,30288827,5,2025-02-24 23:16:09.334892,2025-02-24 23:16:17.561440,8.226548
channel-19774,345914,30288822,30288830,8,2025-02-24 23:16:09.334892,2025-02-24 23:16:20.968115,11.633223
channel-750,682535,30288822,30288835,13,2025-02-24 23:16:09.334892,2025-02-24 23:16:27.098437,17.763545
channel-2,130624,30288826,30288838,12,2025-02-24 23:16:14.870682,2025-02-24 23:16:30.672481,15.801799
channel-6994,1324380,30288832,30288842,10,2025-02-24 23:16:23.770453,2025-02-24 23:16:36.537824,12.767371
channel-0,4038273,30288842,30288850,8,2025-02-24 23:16:36.537824,2025-02-24 23:16:49.682195,13.144371
channel-6994,1324381,30288842,30288884,42,2025-02-24 23:16:36.537824,2025-02-24 23:17:32.929712,56.391888
channel-874,292994,30288847,30288853,6,2025-02-24 23:16:46.480223,2025-02-24 23:16:53.088935,6.608712
channel-0,4038274,30288847,30288860,13,2025-02-24 23:16:46.480223,2025-02-24 23:17:01.655633,15.17541
channel-229,55012,30288850,30288862,12,2025-02-24 23:16:49.682195,2025-02-24 23:17:04.103902,14.421707
channel-85077,60050,30288855,30288863,8,2025-02-24 23:16:55.511491,2025-02-24 23:17:05.765538,10.254047
channel-874,292995,30288860,30288866,6,2025-02-24 23:17:01.655633,2025-02-24 23:17:10.512027,8.856394
channel-229,55013,30288865,30288874,9,2025-02-24 23:17:08.457320,2025-02-24 23:17:20.824983,12.367663
channel-232,49195,30288868,30288879,11,2025-02-24 23:17:12.940473,2025-02-24 23:17:27.321235,14.380762
channel-208,1490027,30288875,30288887,12,2025-02-24 23:17:21.973201,2025-02-24 23:17:36.365489,14.392288
channel-0,4038275,30288885,30288894,9,2025-02-24 23:17:34.086025,2025-02-24 23:17:46.284716,12.198691
channel-85077,60051,30288889,30288898,9,2025-02-24 23:17:39.878377,2025-02-24 23:17:51.290918,11.412541
channel-88,467102,30288891,30288905,14,2025-02-24 23:17:42.041297,2025-02-24 23:18:00.641119,18.599822
channel-229,55014,30288894,30288906,12,2025-02-24 23:17:46.284716,2025-02-24 23:18:01.861713,15.576997
channel-0,4038276,30288895,30288905,10,2025-02-24 23:17:47.906631,2025-02-24 23:18:00.641119,12.734488
channel-208,1490028,30288896,30288904,8,2025-02-24 23:17:49.005719,2025-02-24 23:17:59.534765,10.529046
channel-326,537780,30288906,30288918,12,2025-02-24 23:18:01.861713,2025-02-24 23:18:17.089550,15.227837
channel-326,537781,30288906,30288918,12,2025-02-24 23:18:01.861713,2025-02-24 23:18:17.089550,15.227837
channel-326,537782,30288906,30288918,12,2025-02-24 23:18:01.861713,2025-02-24 23:18:17.089550,15.227837
channel-326,537783,30288906,30288918,12,2025-02-24 23:18:01.861713,2025-02-24 23:18:17.089550,15.227837
channel-326,537784,30288906,30288918,12,2025-02-24 23:18:01.861713,2025-02-24 23:18:17.089550,15.227837
channel-6994,1324382,30288910,30288956,46,2025-02-24 23:18:06.312347,2025-02-24 23:19:04.156444,57.844097
channel-6994,1324383,30288914,30288926,12,2025-02-24 23:18:11.086819,2025-02-24 23:18:26.347990,15.261171
channel-122,667972,30288915,30288921,6,2025-02-24 23:18:12.181744,2025-02-24 23:18:20.505416,8.323672
channel-19774,345915,30288931,30288942,11,2025-02-24 23:18:33.946358,2025-02-24 23:18:47.944522,13.998164
channel-750,682536,30288943,30288967,24,2025-02-24 23:18:49.161466,2025-02-24 23:19:18.872316,29.71085
channel-85077,60052,30288948,30288959,11,2025-02-24 23:18:54.856119,2025-02-24 23:19:08.923187,14.067068
channel-782,310173,30288953,30288958,5,2025-02-24 23:19:00.540806,2025-02-24 23:19:07.490987,6.950181
channel-91017,2822,30288955,30288970,15,2025-02-24 23:19:02.903677,2025-02-24 23:19:24.075106,21.171429
channel-6994,1324384,30288975,30289026,51,2025-02-24 23:19:29.938863,2025-02-24 23:20:41.018299,71.079436
channel-0,4038277,30288984,30288994,10,2025-02-24 23:19:40.182415,2025-02-24 23:19:55.559209,15.376794
channel-750,682537,30288987,30288991,4,2025-02-24 23:19:44.823663,2025-02-24 23:19:51.181929,6.358266
channel-750,682538,30288994,30289005,11,2025-02-24 23:19:55.559209,2025-02-24 23:20:13.836956,18.277747
channel-229,55015,30288996,30289004,8,2025-02-24 23:19:58.572583,2025-02-24 23:20:12.669088,14.096505
channel-0,4038278,30289000,30289009,9,2025-02-24 23:20:03.231312,2025-02-24 23:20:18.510665,15.279353
channel-1,408341,30289004,30289018,14,2025-02-24 23:20:12.669088,2025-02-24 23:20:30.168965,17.499877
channel-0,4038279,30289006,30289015,9,2025-02-24 23:20:15.074530,2025-02-24 23:20:26.331225,11.256695
channel-782,310174,30289007,30289012,5,2025-02-24 23:20:16.242180,2025-02-24 23:20:22.860582,6.618402
channel-1,408342,30289009,30289018,9,2025-02-24 23:20:18.510665,2025-02-24 23:20:30.168965,11.6583
channel-19774,345916,30289009,30289017,8,2025-02-24 23:20:18.510665,2025-02-24 23:20:28.982520,10.471855
channel-874,292996,30289015,30289020,5,2025-02-24 23:20:26.331225,2025-02-24 23:20:32.638198,6.306973
channel-38946,124153,30289017,30289039,22,2025-02-24 23:20:28.982520,2025-02-24 23:20:59.160794,30.178274
channel-122,667973,30289018,30289021,3,2025-02-24 23:20:30.168965,2025-02-24 23:20:33.742577,3.573612
channel-0,4038280,30289020,30289032,12,2025-02-24 23:20:32.638198,2025-02-24 23:20:49.831309,17.193111
channel-750,682539,30289022,30289026,4,2025-02-24 23:20:35.980274,2025-02-24 23:20:41.018299,5.038025
channel-2,130625,30289026,30289036,10,2025-02-24 23:20:41.018299,2025-02-24 23:20:55.721438,14.703139
channel-229,55016,30289028,30289039,11,2025-02-24 23:20:44.949235,2025-02-24 23:20:59.160794,14.211559
channel-79703,4433,30289036,30289050,14,2025-02-24 23:20:55.721438,2025-02-24 23:21:11.817272,16.095834
channel-750,682540,30289039,30289055,16,2025-02-24 23:20:59.160794,2025-02-24 23:21:17.688720,18.527926
channel-6994,1324385,30289043,30289091,48,2025-02-24 23:21:03.757467,2025-02-24 23:22:08.030322,64.272855
channel-115,20382,30289047,30289057,10,2025-02-24 23:21:08.386091,2025-02-24 23:21:23.064903,14.678812
channel-122,667974,30289060,30289064,4,2025-02-24 23:21:27.691343,2025-02-24 23:21:32.804861,5.113518
channel-122,667975,30289066,30289071,5,2025-02-24 23:21:34.976580,2025-02-24 23:21:41.960364,6.983784
channel-0,4038281,30289068,30289079,11,2025-02-24 23:21:38.245666,2025-02-24 23:21:51.268545,13.022879
channel-874,292997,30289073,30289080,7,2025-02-24 23:21:44.348196,2025-02-24 23:21:52.370948,8.022752
channel-204,670788,30289073,30289088,15,2025-02-24 23:21:44.348196,2025-02-24 23:22:03.030698,18.682502
channel-88,467103,30289077,30289122,45,2025-02-24 23:21:49.097014,2025-02-24 23:22:45.361891,56.264877
channel-0,4038282,30289080,30289088,8,2025-02-24 23:21:52.370948,2025-02-24 23:22:03.030698,10.65975
channel-1,408343,30289084,30289114,30,2025-02-24 23:21:58.483102,2025-02-24 23:22:35.883711,37.400609
channel-0,4038283,30289086,30289097,11,2025-02-24 23:22:00.754312,2025-02-24 23:22:15.726881,14.972569
channel-0,4038284,30289089,30289112,23,2025-02-24 23:22:04.172403,2025-02-24 23:22:33.591897,29.419494
channel-75,844994,30289094,30289112,18,2025-02-24 23:22:11.919907,2025-02-24 23:22:33.591897,21.67199
channel-19774,345917,30289097,30289110,13,2025-02-24 23:22:15.726881,2025-02-24 23:22:31.189208,15.462327
channel-0,4038285,30289099,30289126,27,2025-02-24 23:22:18.123864,2025-02-24 23:22:52.183705,34.059841
channel-6994,1324386,30289104,30289159,55,2025-02-24 23:22:24.204318,2025-02-24 23:23:32.513804,68.309486
channel-6994,1324387,30289106,30289159,53,2025-02-24 23:22:26.435733,2025-02-24 23:23:32.513804,66.078071
channel-874,292998,30289108,30289115,7,2025-02-24 23:22:28.731958,2025-02-24 23:22:37.324758,8.5928
channel-750,682541,30289109,30289123,14,2025-02-24 23:22:29.982432,2025-02-24 23:22:47.445661,17.463229
channel-251,85213,30289119,30289127,8,2025-02-24 23:22:41.984695,2025-02-24 23:22:53.322160,11.337465
channel-0,4038286,30289123,30289135,12,2025-02-24 23:22:47.445661,2025-02-24 23:23:04.344076,16.898415
channel-251,85214,30289145,30289158,13,2025-02-24 23:23:15.670419,2025-02-24 23:23:31.397805,15.727386
channel-251,85215,30289150,30289163,13,2025-02-24 23:23:21.780382,2025-02-24 23:23:37.831843,16.051461
channel-0,4038287,30289155,30289179,24,2025-02-24 23:23:27.855979,2025-02-24 23:24:00.597759,32.74178
channel-874,292999,30289155,30289162,7,2025-02-24 23:23:27.855979,2025-02-24 23:23:36.557304,8.701325
channel-85077,60053,30289156,30289165,9,2025-02-24 23:23:28.972836,2025-02-24 23:23:40.308439,11.335603
channel-750,682542,30289157,30289169,12,2025-02-24 23:23:30.327329,2025-02-24 23:23:45.991322,15.663993
channel-874,293000,30289159,30289165,6,2025-02-24 23:23:32.513804,2025-02-24 23:23:40.308439,7.794635
channel-251,85216,30289164,30289174,10,2025-02-24 23:23:39.109671,2025-02-24 23:23:51.737382,12.627711
channel-251,85217,30289164,30289210,46,2025-02-24 23:23:39.109671,2025-02-24 23:24:42.271309,63.161638
channel-89321,19422,30289174,30289182,8,2025-02-24 23:23:51.737382,2025-02-24 23:24:05.406669,13.669287
channel-6994,1324388,30289176,30289228,52,2025-02-24 23:23:57.212042,2025-02-24 23:25:05.430107,68.218065
channel-1279,67123,30289176,30289252,76,2025-02-24 23:23:57.212042,2025-02-24 23:25:35.303723,98.091681
channel-0,4038288,30289179,30289203,24,2025-02-24 23:24:00.597759,2025-02-24 23:24:34.101957,33.504198
channel-0,4038289,30289179,30289186,7,2025-02-24 23:24:00.597759,2025-02-24 23:24:11.274539,10.67678
channel-21113,25317,30289179,30289184,5,2025-02-24 23:24:00.597759,2025-02-24 23:24:08.766790,8.169031
channel-251,85218,30289179,30289187,8,2025-02-24 23:24:00.597759,2025-02-24 23:24:13.615810,13.018051
channel-208,1490029,30289183,30289194,11,2025-02-24 23:24:07.565546,2025-02-24 23:24:22.760607,15.195061
channel-2494,31925,30289184,30289197,13,2025-02-24 23:24:08.766790,2025-02-24 23:24:27.188834,18.422044
channel-6994,1324389,30289185,30289194,9,2025-02-24 23:24:10.037803,2025-02-24 23:24:22.760607,12.722804
channel-19774,345918,30289185,30289194,9,2025-02-24 23:24:10.037803,2025-02-24 23:24:22.760607,12.722804
channel-0,4038290,30289189,30289200,11,2025-02-24 23:24:16.007054,2025-02-24 23:24:30.649201,14.642147
channel-6994,1324390,30289189,30289214,25,2025-02-24 23:24:16.007054,2025-02-24 23:24:46.731957,30.724903
channel-208,1490030,30289189,30289199,10,2025-02-24 23:24:16.007054,2025-02-24 23:24:29.396100,13.389046
channel-0,4038291,30289206,30289219,13,2025-02-24 23:24:37.768159,2025-02-24 23:24:52.623883,14.855724
channel-79703,4434,30289210,30289225,15,2025-02-24 23:24:42.271309,2025-02-24 23:25:00.842263,18.570954
channel-251,85219,30289212,30289221,9,2025-02-24 23:24:44.452892,2025-02-24 23:24:54.866362,10.41347
channel-229,55017,30289217,30289225,8,2025-02-24 23:24:50.187599,2025-02-24 23:25:00.842263,10.654664
channel-0,4038292,30289219,30289227,8,2025-02-24 23:24:52.623883,2025-02-24 23:25:04.318495,11.694612
channel-38946,124154,30289227,30289243,16,2025-02-24 23:25:04.318495,2025-02-24 23:25:23.922608,19.604113
channel-874,293001,30289233,30289241,8,2025-02-24 23:25:11.174815,2025-02-24 23:25:20.691297,9.516482
channel-0,4038293,30289237,30289247,10,2025-02-24 23:25:15.870836,2025-02-24 23:25:28.327036,12.4562
channel-6994,1324391,30289238,30289289,51,2025-02-24 23:25:17.130245,2025-02-24 23:26:33.796004,76.665759
channel-38946,124155,30289240,30289252,12,2025-02-24 23:25:19.545911,2025-02-24 23:25:35.303723,15.757812
channel-19774,345919,30289252,30289259,7,2025-02-24 23:25:35.303723,2025-02-24 23:25:48.351144,13.047421
channel-0,4038294,30289257,30289265,8,2025-02-24 23:25:46.074151,2025-02-24 23:26:02.523933,16.449782
channel-0,4038295,30289258,30289267,9,2025-02-24 23:25:47.214995,2025-02-24 23:26:04.954714,17.739719
channel-38946,124156,30289258,30289270,12,2025-02-24 23:25:47.214995,2025-02-24 23:26:08.793957,21.578962
channel-122,667976,30289259,30289265,6,2025-02-24 23:25:48.351144,2025-02-24 23:26:02.523933,14.172789
channel-229,55018,30289267,30289283,16,2025-02-24 23:26:04.954714,2025-02-24 23:26:26.852672,21.897958
channel-874,293002,30289273,30289276,3,2025-02-24 23:26:12.561563,2025-02-24 23:26:17.393148,4.831585
channel-165,71440,30289280,30289291,11,2025-02-24 23:26:23.276742,2025-02-24 23:26:36.156837,12.880095
channel-0,4038296,30289281,30289288,7,2025-02-24 23:26:24.527918,2025-02-24 23:26:32.679184,8.151266
channel-165,71441,30289292,30289303,11,2025-02-24 23:26:37.358543,2025-02-24 23:26:51.318917,13.960374
channel-208,1490031,30289295,30289304,9,2025-02-24 23:26:41.260497,2025-02-24 23:26:52.515275,11.254778
channel-204,670789,30289296,30289304,8,2025-02-24 23:26:42.468731,2025-02-24 23:26:52.515275,10.046544
channel-91017,2823,30289296,30289306,10,2025-02-24 23:26:42.468731,2025-02-24 23:26:56.819253,14.350522
channel-874,293003,30289298,30289307,9,2025-02-24 23:26:45.288929,2025-02-24 23:26:58.062692,12.773763
channel-6994,1324392,30289302,30289352,50,2025-02-24 23:26:50.164684,2025-02-24 23:27:54.069412,63.904728
channel-229,55019,30289311,30289324,13,2025-02-24 23:27:02.634540,2025-02-24 23:27:17.803171,15.168631
channel-19774,345920,30289317,30289325,8,2025-02-24 23:27:09.391077,2025-02-24 23:27:20.170292,10.779215
channel-208,1490032,30289325,30289339,14,2025-02-24 23:27:20.170292,2025-02-24 23:27:37.533116,17.362824
channel-750,682543,30289326,30289331,5,2025-02-24 23:27:21.816145,2025-02-24 23:27:27.343160,5.527015
channel-326,537785,30289335,30289341,6,2025-02-24 23:27:32.903952,2025-02-24 23:27:39.868692,6.96474
channel-750,682544,30289342,30289349,7,2025-02-24 23:27:41.034075,2025-02-24 23:27:50.454136,9.420061
channel-75,844995,30289342,30289349,7,2025-02-24 23:27:41.034075,2025-02-24 23:27:50.454136,9.420061
channel-0,4038297,30289343,30289352,9,2025-02-24 23:27:43.332533,2025-02-24 23:27:54.069412,10.736879
channel-750,682545,30289346,30289364,18,2025-02-24 23:27:46.742114,2025-02-24 23:28:12.432464,25.69035
channel-750,682546,30289352,30289357,5,2025-02-24 23:27:54.069412,2025-02-24 23:28:03.927302,9.85789
channel-85077,60054,30289355,30289365,10,2025-02-24 23:28:01.542181,2025-02-24 23:28:13.784699,12.242518
channel-85077,60055,30289357,30289371,14,2025-02-24 23:28:03.927302,2025-02-24 23:28:22.012694,18.085392
channel-874,293004,30289361,30289366,5,2025-02-24 23:28:09.093888,2025-02-24 23:28:15.940851,6.846963
channel-750,682547,30289362,30289372,10,2025-02-24 23:28:10.197574,2025-02-24 23:28:23.215838,13.018264
channel-0,4038298,30289364,30289376,12,2025-02-24 23:28:12.432464,2025-02-24 23:28:29.087045,16.654581
channel-6994,1324393,30289367,30289410,43,2025-02-24 23:28:17.204794,2025-02-24 23:29:11.560517,54.355723
channel-750,682548,30289370,30289374,4,2025-02-24 23:28:20.928188,2025-02-24 23:28:26.685714,5.757526
channel-85077,60056,30289376,30289386,10,2025-02-24 23:28:29.087045,2025-02-24 23:28:42.238592,13.151547
channel-0,4038299,30289388,30289400,12,2025-02-24 23:28:44.786199,2025-02-24 23:29:00.001181,15.214982
channel-85077,60057,30289392,30289400,8,2025-02-24 23:28:50.631024,2025-02-24 23:29:00.001181,9.370157
channel-6994,1324394,30289397,30289410,13,2025-02-24 23:28:56.448202,2025-02-24 23:29:11.560517,15.112315
channel-232,49196,30289401,30289411,10,2025-02-24 23:29:01.213871,2025-02-24 23:29:12.710191,11.49632
channel-874,293005,30289402,30289408,6,2025-02-24 23:29:02.413009,2025-02-24 23:29:09.351699,6.93869
channel-750,682549,30289402,30289408,6,2025-02-24 23:29:02.413009,2025-02-24 23:29:09.351699,6.93869
channel-208,1490033,30289406,30289419,13,2025-02-24 23:29:06.984525,2025-02-24 23:29:23.776452,16.791927
channel-19774,345921,30289407,30289418,11,2025-02-24 23:29:08.156507,2025-02-24 23:29:22.455304,14.298797
channel-874,293006,30289409,30289417,8,2025-02-24 23:29:10.442918,2025-02-24 23:29:19.894716,9.451798
channel-75,844996,30289414,30289423,9,2025-02-24 23:29:16.352132,2025-02-24 23:29:29.180352,12.82822
channel-6994,1324395,30289428,30289464,36,2025-02-24 23:29:35.066045,2025-02-24 23:30:26.375996,51.309951
channel-0,4038300,30289428,30289434,6,2025-02-24 23:29:35.066045,2025-02-24 23:29:47.491252,12.425207
channel-6994,1324396,30289432,30289444,12,2025-02-24 23:29:40.698827,2025-02-24 23:30:00.336628,19.637801
channel-208,1490034,30289432,30289444,12,2025-02-24 23:29:40.698827,2025-02-24 23:30:00.336628,19.637801
channel-874,293007,30289438,30289443,5,2025-02-24 23:29:53.181097,2025-02-24 23:29:58.906423,5.725326
channel-0,4038301,30289440,30289449,9,2025-02-24 23:29:55.456563,2025-02-24 23:30:06.073895,10.617332
channel-1,408344,30289444,30289462,18,2025-02-24 23:30:00.336628,2025-02-24 23:30:23.974179,23.637551
channel-874,293008,30289451,30289457,6,2025-02-24 23:30:08.399147,2025-02-24 23:30:17.860153,9.461006
channel-259,314272,30289459,30289465,6,2025-02-24 23:30:20.237640,2025-02-24 23:30:30.943816,10.706176
channel-89321,19423,30289460,30289469,9,2025-02-24 23:30:21.540713,2025-02-24 23:30:36.948688,15.407975
channel-750,682550,30289464,30289469,5,2025-02-24 23:30:26.375996,2025-02-24 23:30:36.948688,10.572692
channel-874,293009,30289464,30289470,6,2025-02-24 23:30:26.375996,2025-02-24 23:30:38.849177,12.473181
channel-85077,60058,30289464,30289472,8,2025-02-24 23:30:26.375996,2025-02-24 23:30:41.244184,14.868188
channel-259,314273,30289464,30289469,5,2025-02-24 23:30:26.375996,2025-02-24 23:30:36.948688,10.572692
channel-259,314274,30289467,30289472,5,2025-02-24 23:30:33.354797,2025-02-24 23:30:41.244184,7.889387
channel-750,682551,30289468,30289481,13,2025-02-24 23:30:34.512301,2025-02-24 23:30:52.740638,18.228337
channel-0,4038302,30289471,30289481,10,2025-02-24 23:30:40.011260,2025-02-24 23:30:52.740638,12.729378
channel-19774,345922,30289472,30289482,10,2025-02-24 23:30:41.244184,2025-02-24 23:30:53.931468,12.687284
channel-874,293010,30289476,30289482,6,2025-02-24 23:30:46.959691,2025-02-24 23:30:53.931468,6.971777
channel-259,314275,30289481,30289488,7,2025-02-24 23:30:52.740638,2025-02-24 23:31:00.575424,7.834786
channel-874,293011,30289481,30289501,20,2025-02-24 23:30:52.740638,2025-02-24 23:31:20.399368,27.65873
channel-259,314276,30289496,30289503,7,2025-02-24 23:31:13.001413,2025-02-24 23:31:22.794065,9.792652
channel-0,4038303,30289497,30289507,10,2025-02-24 23:31:14.229618,2025-02-24 23:31:27.465858,13.23624
channel-259,314277,30289502,30289509,7,2025-02-24 23:31:21.603749,2025-02-24 23:31:29.724315,8.120566
channel-122,667977,30289503,30289507,4,2025-02-24 23:31:22.794065,2025-02-24 23:31:27.465858,4.671793
channel-6994,1324398,30289505,30289519,14,2025-02-24 23:31:25.265423,2025-02-24 23:31:42.250763,16.98534
channel-19774,345923,30289520,30289528,8,2025-02-24 23:31:43.373620,2025-02-24 23:31:54.914286,11.540666
channel-208,1490035,30289533,30289544,11,2025-02-24 23:32:03.287881,2025-02-24 23:32:15.992495,12.704614
channel-6994,1324399,30289548,30289591,43,2025-02-24 23:32:21.608504,2025-02-24 23:33:14.516965,52.908461
channel-113,301323,30289549,30289586,37,2025-02-24 23:32:22.771731,2025-02-24 23:33:08.156739,45.385008
channel-259,314278,30289551,30289557,6,2025-02-24 23:32:25.187995,2025-02-24 23:32:33.506195,8.3182
channel-750,682552,30289573,30289579,6,2025-02-24 23:32:52.906803,2025-02-24 23:32:59.829046,6.922243
channel-750,682553,30289579,30289590,11,2025-02-24 23:32:59.829046,2025-02-24 23:33:13.364450,13.535404
channel-0,4038304,30289585,30289595,10,2025-02-24 23:33:07.043765,2025-02-24 23:33:19.141080,12.097315
channel-19774,345924,30289587,30289596,9,2025-02-24 23:33:09.788920,2025-02-24 23:33:21.305568,11.516648
channel-115,20383,30289590,30289602,12,2025-02-24 23:33:13.364450,2025-02-24 23:33:28.347529,14.983079
channel-85077,60059,30289591,30289618,27,2025-02-24 23:33:14.516965,2025-02-24 23:33:53.636315,39.11935
channel-6994,1324400,30289593,30289605,12,2025-02-24 23:33:16.763185,2025-02-24 23:33:31.783573,15.020388
channel-6994,1324401,30289614,30289656,42,2025-02-24 23:33:48.306411,2025-02-24 23:34:42.242222,53.935811
channel-0,4038305,30289614,30289625,11,2025-02-24 23:33:48.306411,2025-02-24 23:34:02.490702,14.184291
channel-874,293012,30289616,30289622,6,2025-02-24 23:33:50.535603,2025-02-24 23:33:59.048768,8.513165
channel-208,1490036,30289621,30289632,11,2025-02-24 23:33:57.406442,2025-02-24 23:34:11.431507,14.025065
channel-874,293013,30289635,30289653,18,2025-02-24 23:34:14.932384,2025-02-24 23:34:37.072394,22.14001
channel-251,85220,30289637,30289646,9,2025-02-24 23:34:17.209054,2025-02-24 23:34:27.695817,10.486763
channel-6994,1324402,30289639,30289652,13,2025-02-24 23:34:19.473808,2025-02-24 23:34:35.698677,16.224869
channel-874,293014,30289648,30289653,5,2025-02-24 23:34:30.144070,2025-02-24 23:34:37.072394,6.928324
channel-2186,40777,30289654,30289704,50,2025-02-24 23:34:39.224749,2025-02-24 23:35:48.648052,69.423303
channel-6994,1324403,30289655,30289664,9,2025-02-24 23:34:40.951024,2025-02-24 23:34:52.857117,11.906093
channel-113,301324,30289662,30289688,26,2025-02-24 23:34:49.362991,2025-02-24 23:35:26.865783,37.502792
channel-874,293015,30289663,30289669,6,2025-02-24 23:34:51.661097,2025-02-24 23:34:58.750922,7.089825
channel-19774,345925,30289664,30289672,8,2025-02-24 23:34:52.857117,2025-02-24 23:35:06.145317,13.2882
channel-1,408345,30289671,30289684,13,,2025-02-24 23:35:21.655572,
channel-208,1490037,30289680,30289689,9,2025-02-24 23:35:15.387350,2025-02-24 23:35:28.025363,12.638013
channel-6994,1324404,30289681,30289725,44,2025-02-24 23:35:17.476636,2025-02-24 23:36:20.204498,62.727862
channel-259,314279,30289682,30289688,6,2025-02-24 23:35:18.700611,2025-02-24 23:35:26.865783,8.165172
channel-750,682554,30289682,30289711,29,2025-02-24 23:35:18.700611,2025-02-24 23:35:57.595988,38.895377
channel-874,293016,30289683,30289700,17,2025-02-24 23:35:20.476095,2025-02-24 23:35:42.886816,22.410721
channel-782,310175,30289685,30289691,6,2025-02-24 23:35:22.832965,2025-02-24 23:35:30.981064,8.148099
channel-216,94216,30289689,30289788,99,2025-02-24 23:35:28.025363,2025-02-24 23:37:41.999308,133.973945
channel-259,314280,30289692,30289700,8,2025-02-24 23:35:32.067525,2025-02-24 23:35:42.886816,10.819291
channel-2186,40778,30289692,30289723,31,2025-02-24 23:35:32.067525,2025-02-24 23:36:17.539655,45.47213
channel-874,293017,30289695,30289710,15,2025-02-24 23:35:37.054869,2025-02-24 23:35:55.431265,18.376396
channel-208,1490038,30289695,30289706,11,2025-02-24 23:35:37.054869,2025-02-24 23:35:50.829335,13.774466
channel-4,166940,30289696,30289717,21,2025-02-24 23:35:38.172986,2025-02-24 23:36:10.049994,31.877008
channel-188,190565,30289702,30289744,42,2025-02-24 23:35:46.212741,2025-02-24 23:36:43.434914,57.222173
channel-6994,1324405,30289703,30289725,22,2025-02-24 23:35:47.420881,2025-02-24 23:36:20.204498,32.783617
channel-122,667978,30289705,30289709,4,2025-02-24 23:35:49.721880,2025-02-24 23:35:54.266952,4.545072
channel-208,1490039,30289705,30289712,7,2025-02-24 23:35:49.721880,2025-02-24 23:36:00.056373,10.334493
channel-782,310176,30289706,30289711,5,2025-02-24 23:35:50.829335,2025-02-24 23:35:57.595988,6.766653
channel-208,1490040,30289706,30289727,21,2025-02-24 23:35:50.829335,2025-02-24 23:36:22.795148,31.965813
channel-88,467104,30289707,30289719,12,2025-02-24 23:35:51.881861,2025-02-24 23:36:12.240424,20.358563
channel-79703,4435,30289711,30289726,15,2025-02-24 23:35:57.595988,2025-02-24 23:36:21.460321,23.864333
channel-85077,60060,30289712,30289723,11,2025-02-24 23:36:00.056373,2025-02-24 23:36:17.539655,17.483282
channel-208,1490041,30289712,30289721,9,2025-02-24 23:36:00.056373,2025-02-24 23:36:15.160215,15.103842
channel-148,16086,30289715,30289721,6,2025-02-24 23:36:07.868356,2025-02-24 23:36:15.160215,7.291859
channel-874,293018,30289726,30289731,5,2025-02-24 23:36:21.460321,2025-02-24 23:36:27.754500,6.294179
channel-208,1490042,30289730,30289739,9,2025-02-24 23:36:26.533542,2025-02-24 23:36:37.287177,10.753635
channel-19774,345926,30289732,30289742,10,2025-02-24 23:36:28.917081,2025-02-24 23:36:41.019689,12.102608
channel-0,4038306,30289736,30289744,8,2025-02-24 23:36:33.731070,2025-02-24 23:36:43.434914,9.703844
channel-874,293019,30289738,30289744,6,2025-02-24 23:36:36.157723,2025-02-24 23:36:43.434914,7.277191
channel-146,20028,30289739,30289758,19,2025-02-24 23:36:37.287177,2025-02-24 23:37:00.964163,23.676986
channel-199,132713,30289744,30289778,34,2025-02-24 23:36:43.434914,2025-02-24 23:37:26.119269,42.684355
channel-91017,2824,30289744,30289755,11,2025-02-24 23:36:43.434914,2025-02-24 23:36:57.668992,14.234078
channel-6994,1324406,30289748,30289785,37,2025-02-24 23:36:48.969322,2025-02-24 23:37:37.840047,48.870725
channel-874,293020,30289749,30289754,5,2025-02-24 23:36:50.012750,2025-02-24 23:36:56.455452,6.442702
channel-143,128334,30289749,30290022,273,2025-02-24 23:36:50.012750,2025-02-24 23:42:57.514329,367.501579
channel-874,293021,30289749,30289754,5,2025-02-24 23:36:50.012750,2025-02-24 23:36:56.455452,6.442702
channel-143,128335,30289755,30289781,26,2025-02-24 23:36:57.668992,2025-02-24 23:37:29.728094,32.059102
channel-42,1489990,30289759,30289770,11,2025-02-24 23:37:03.353988,2025-02-24 23:37:16.797199,13.443211
channel-6,66637,30289776,30289791,15,2025-02-24 23:37:23.534273,2025-02-24 23:37:45.608573,22.0743
channel-208,1490043,30289778,30289788,10,2025-02-24 23:37:26.119269,2025-02-24 23:37:41.999308,15.880039
channel-2188,43634,30289781,30289786,5,2025-02-24 23:37:29.728094,2025-02-24 23:37:39.060606,9.332512
channel-85077,60061,30289781,30289791,10,2025-02-24 23:37:29.728094,2025-02-24 23:37:45.608573,15.880479
channel-874,293022,30289784,30289791,7,2025-02-24 23:37:36.435679,2025-02-24 23:37:45.608573,9.172894
channel-85077,60062,30289785,30289794,9,2025-02-24 23:37:37.840047,2025-02-24 23:37:49.007082,11.167035
channel-75,844997,30289795,30289801,6,2025-02-24 23:37:50.191700,2025-02-24 23:37:58.438281,8.246581
channel-88,467105,30289802,30289812,10,2025-02-24 23:37:59.537772,2025-02-24 23:38:14.272289,14.734517
channel-750,682555,30289806,30289821,15,2025-02-24 23:38:04.196019,2025-02-24 23:38:25.018211,20.822192
channel-6994,1324407,30289808,30289853,45,2025-02-24 23:38:07.559241,2025-02-24 23:39:04.964417,57.405176
channel-259,314281,30289809,30289815,6,2025-02-24 23:38:09.643100,2025-02-24 23:38:17.693550,8.05045
channel-326,537786,30289811,30289817,6,2025-02-24 23:38:13.111945,2025-02-24 23:38:19.930105,6.81816
channel-259,314282,30289811,30289817,6,2025-02-24 23:38:13.111945,2025-02-24 23:38:19.930105,6.81816
channel-782,310177,30289813,30289819,6,2025-02-24 23:38:15.446001,2025-02-24 23:38:22.145731,6.69973
channel-87,182899,30289816,30289871,55,2025-02-24 23:38:18.723093,2025-02-24 23:39:29.996096,71.273003
channel-2,130626,30289818,30289828,10,2025-02-24 23:38:21.065988,2025-02-24 23:38:34.187710,13.121722
channel-91017,2825,30289819,30289829,10,2025-02-24 23:38:22.145731,2025-02-24 23:38:35.298400,13.152669
channel-72,516421,30289820,30289869,49,2025-02-24 23:38:23.247197,2025-02-24 23:39:26.585314,63.338117
channel-750,682556,30289821,30289832,11,2025-02-24 23:38:25.018211,2025-02-24 23:38:39.744533,14.726322
channel-1424,7341,30289821,30289830,9,2025-02-24 23:38:25.018211,2025-02-24 23:38:36.539710,11.521499
channel-0,4038307,30289826,30289832,6,2025-02-24 23:38:31.824187,2025-02-24 23:38:39.744533,7.920346
channel-874,293023,30289827,30289833,6,2025-02-24 23:38:33.082204,2025-02-24 23:38:40.943921,7.861717
channel-87,182900,30289828,30289871,43,2025-02-24 23:38:34.187710,2025-02-24 23:39:29.996096,55.808386
channel-19774,345927,30289830,30289842,12,2025-02-24 23:38:36.539710,2025-02-24 23:38:51.683321,15.143611
channel-143,128336,30289838,30289855,17,2025-02-24 23:38:46.920254,2025-02-24 23:39:07.381138,20.460884
channel-208,1490044,30289838,30289847,9,2025-02-24 23:38:46.920254,2025-02-24 23:38:57.390706,10.470452
channel-115,20384,30289840,30289852,12,2025-02-24 23:38:49.311713,2025-02-24 23:39:03.271849,13.960136
channel-259,314283,30289843,30289849,6,2025-02-24 23:38:52.809810,2025-02-24 23:38:59.704832,6.895022
channel-0,4038308,30289863,30289870,7,2025-02-24 23:39:18.522181,2025-02-24 23:39:28.731240,10.209059
channel-326,537787,30289867,30289873,6,2025-02-24 23:39:24.266552,2025-02-24 23:39:36.455156,12.188604
channel-6994,1324408,30289871,30289906,35,2025-02-24 23:39:29.996096,2025-02-24 23:40:24.766717,54.770621
channel-874,293024,30289878,30289883,5,2025-02-24 23:39:45.562511,2025-02-24 23:39:54.767953,9.205442
channel-42,1489991,30289883,30289893,10,2025-02-24 23:39:54.767953,2025-02-24 23:40:08.202674,13.434721
channel-750,682557,30289889,30289900,11,2025-02-24 23:40:02.111727,2025-02-24 23:40:16.257781,14.146054
channel-1,408346,30289892,30289905,13,2025-02-24 23:40:06.023246,2025-02-24 23:40:23.337879,17.314633
channel-1,408347,30289896,30289905,9,2025-02-24 23:40:11.491377,2025-02-24 23:40:23.337879,11.846502
channel-6994,1324409,30289898,30289911,13,2025-02-24 23:40:13.880502,2025-02-24 23:40:30.345974,16.465472
channel-208,1490045,30289905,30289914,9,2025-02-24 23:40:23.337879,2025-02-24 23:40:33.848474,10.510595
channel-874,293025,30289917,30289922,5,2025-02-24 23:40:37.409124,2025-02-24 23:40:43.637260,6.228136
channel-143,128337,30289918,30289960,42,2025-02-24 23:40:38.488901,2025-02-24 23:41:36.640755,58.151854
channel-0,4038309,30289928,30289934,6,2025-02-24 23:40:51.426531,2025-02-24 23:41:00.490203,9.063672
channel-6994,1324410,30289932,30289971,39,2025-02-24 23:40:57.027518,2025-02-24 23:41:52.222819,55.195301
channel-19774,345928,30289933,30289945,12,2025-02-24 23:40:59.235371,2025-02-24 23:41:14.134190,14.898819
channel-750,682558,30289937,30289942,5,2025-02-24 23:41:04.048714,2025-02-24 23:41:10.658063,6.609349
channel-208,1490046,30289954,30289962,8,2025-02-24 23:41:26.358526,2025-02-24 23:41:38.924278,12.565752
channel-750,682559,30289960,30289972,12,2025-02-24 23:41:36.640755,2025-02-24 23:41:54.049887,17.409132
channel-0,4038310,30289966,30289978,12,2025-02-24 23:41:44.919362,2025-02-24 23:42:00.819039,15.899677
channel-750,682560,30289966,30289971,5,2025-02-24 23:41:44.919362,2025-02-24 23:41:52.222819,7.303457
channel-21113,25318,30289971,30289978,7,2025-02-24 23:41:52.222819,2025-02-24 23:42:00.819039,8.59622
channel-85077,60063,30289972,30289981,9,2025-02-24 23:41:54.049887,2025-02-24 23:42:05.166289,11.116402
channel-0,4038311,30289973,30289983,10,2025-02-24 23:41:55.082701,2025-02-24 23:42:07.956232,12.873531
channel-208,1490047,30289974,30289983,9,2025-02-24 23:41:56.372776,2025-02-24 23:42:07.956232,11.583456
channel-115,20385,30289982,30289994,12,2025-02-24 23:42:06.334508,2025-02-24 23:42:21.731775,15.397267
channel-750,682561,30289989,30290008,19,2025-02-24 23:42:14.975956,2025-02-24 23:42:39.676013,24.700057
channel-6994,1324411,30289999,30290034,35,2025-02-24 23:42:27.602141,2025-02-24 23:43:12.397485,44.795344
channel-113,301325,30290000,30290206,206,2025-02-24 23:42:29.916254,2025-02-24 23:47:01.469150,271.552896
channel-750,682562,30290001,30290014,13,2025-02-24 23:42:31.180782,2025-02-24 23:42:46.588256,15.407474
channel-0,4038312,30290003,30290011,8,2025-02-24 23:42:33.413755,2025-02-24 23:42:43.395608,9.981853
channel-782,310178,30290016,30290023,7,2025-02-24 23:42:48.816025,2025-02-24 23:42:58.928892,10.112867
channel-19774,345929,30290017,30290027,10,2025-02-24 23:42:50.539755,2025-02-24 23:43:04.341816,13.802061
channel-75,844998,30290023,30290031,8,2025-02-24 23:42:58.928892,2025-02-24 23:43:08.944293,10.015401
channel-6994,1324412,30290023,30290034,11,2025-02-24 23:42:58.928892,2025-02-24 23:43:12.397485,13.468593
channel-750,682563,30290033,30290044,11,2025-02-24 23:43:11.297184,2025-02-24 23:43:26.312454,15.01527
channel-113,301326,30290035,30290226,191,2025-02-24 23:43:14.246109,2025-02-24 23:47:30.043896,255.797787
channel-0,4038313,30290037,30290046,9,2025-02-24 23:43:16.659649,2025-02-24 23:43:28.583119,11.92347
channel-2494,31926,30290041,30290050,9,2025-02-24 23:43:21.289944,2025-02-24 23:43:34.279381,12.989437
channel-2494,31927,30290043,30290055,12,2025-02-24 23:43:25.106500,2025-02-24 23:43:40.726378,15.619878
channel-21113,25319,30290048,30290055,7,2025-02-24 23:43:32.113651,2025-02-24 23:43:40.726378,8.612727
channel-6994,1324413,30290058,30290095,37,2025-02-24 23:43:45.244157,2025-02-24 23:44:35.248001,50.003844
channel-0,4038314,30290062,30290075,13,2025-02-24 23:43:50.077335,2025-02-24 23:44:05.539800,15.462465
channel-0,4038315,30290065,30290075,10,2025-02-24 23:43:53.646284,2025-02-24 23:44:05.539800,11.893516
channel-0,4038316,30290067,30290079,12,2025-02-24 23:43:56.212291,2025-02-24 23:44:10.401134,14.188843
channel-21113,25320,30290079,30290085,6,2025-02-24 23:44:10.401134,2025-02-24 23:44:19.853889,9.452755
channel-6994,1324414,30290080,30290089,9,2025-02-24 23:44:12.678550,2025-02-24 23:44:24.468892,11.790342
channel-6994,1324415,30290092,30290107,15,2025-02-24 23:44:31.395565,2025-02-24 23:44:50.756664,19.361099
channel-85077,60064,30290096,30290105,9,2025-02-24 23:44:37.594439,2025-02-24 23:44:48.271321,10.676882
channel-85077,60065,30290096,30290105,9,2025-02-24 23:44:37.594439,2025-02-24 23:44:48.271321,10.676882
channel-19774,345930,30290099,30290112,13,2025-02-24 23:44:41.054184,2025-02-24 23:44:57.694613,16.640429
channel-750,682564,30290103,30290109,6,2025-02-24 23:44:45.795316,2025-02-24 23:44:54.061784,8.266468
channel-75,844999,30290106,30290113,7,2025-02-24 23:44:49.477782,2025-02-24 23:44:58.826698,9.348916
channel-122,667979,30290110,30290113,3,2025-02-24 23:44:55.179822,2025-02-24 23:44:58.826698,3.646876
channel-2188,43635,30290115,30290119,4,2025-02-24 23:45:01.715569,2025-02-24 23:45:07.433535,5.717966
channel-208,1490048,30290117,30290129,12,2025-02-24 23:45:03.975429,2025-02-24 23:45:23.695796,19.720367
channel-6994,1324416,30290117,30290157,40,2025-02-24 23:45:03.975429,2025-02-24 23:45:59.298094,55.322665
channel-208,1490049,30290125,30290131,6,2025-02-24 23:45:14.414772,2025-02-24 23:45:26.411315,11.996543
channel-2188,43636,30290135,30290139,4,2025-02-24 23:45:32.215465,2025-02-24 23:45:36.805626,4.590161
channel-108,39847,30290144,30290169,25,2025-02-24 23:45:42.593595,2025-02-24 23:46:14.748258,32.154663
channel-6994,1324417,30290151,30290161,10,2025-02-24 23:45:52.320567,2025-02-24 23:46:05.213322,12.892755
channel-0,4038317,30290156,30290167,11,2025-02-24 23:45:58.186528,2025-02-24 23:46:12.531736,14.345208
channel-2188,43637,30290158,30290163,5,2025-02-24 23:46:00.422441,2025-02-24 23:46:07.596250,7.173809
channel-79703,4436,30290158,30290171,13,2025-02-24 23:46:00.422441,2025-02-24 23:46:17.379994,16.957553
channel-6994,1324418,30290160,30290170,10,2025-02-24 23:46:03.946648,2025-02-24 23:46:15.820157,11.873509
channel-326,537788,30290163,30290174,11,2025-02-24 23:46:07.596250,2025-02-24 23:46:20.919389,13.323139
channel-85077,60066,30290168,30290179,11,2025-02-24 23:46:13.638532,2025-02-24 23:46:26.643699,13.005167
channel-91017,2826,30290172,30290182,10,2025-02-24 23:46:18.617466,2025-02-24 23:46:30.425828,11.808362
channel-6994,1324419,30290175,30290214,39,2025-02-24 23:46:22.117783,2025-02-24 23:47:10.933064,48.815281
channel-874,293026,30290177,30290185,8,2025-02-24 23:46:24.363547,2025-02-24 23:46:34.902285,10.538738
channel-115,20386,30290178,30290185,7,2025-02-24 23:46:25.514299,2025-02-24 23:46:34.902285,9.387986
channel-208,1490050,30290183,30290194,11,2025-02-24 23:46:32.565522,2025-02-24 23:46:47.556508,14.990986
channel-750,682565,30290185,30290196,11,2025-02-24 23:46:34.902285,2025-02-24 23:46:49.852703,14.950418
channel-143,128338,30290186,30290197,11,2025-02-24 23:46:36.194012,2025-02-24 23:46:51.235947,15.041935
channel-0,4038318,30290194,30290207,13,2025-02-24 23:46:47.556508,2025-02-24 23:47:02.591718,15.03521
channel-208,1490051,30290198,30290209,11,2025-02-24 23:46:52.302808,2025-02-24 23:47:05.053118,12.75031
channel-85077,60067,30290208,30290216,8,2025-02-24 23:47:03.814019,2025-02-24 23:47:13.833289,10.01927
channel-85077,60068,30290225,30290233,8,2025-02-24 23:47:28.787625,2025-02-24 23:47:38.683947,9.896322
channel-0,4038319,30290230,30290242,12,2025-02-24 23:47:35.028006,2025-02-24 23:47:51.018191,15.990185
channel-6994,1324420,30290234,30290244,10,2025-02-24 23:47:40.810884,2025-02-24 23:47:54.322003,13.511119
channel-6994,1324421,30290238,30290277,39,2025-02-24 23:47:45.274017,2025-02-24 23:48:36.708193,51.434176
channel-6994,1324422,30290246,30290258,12,2025-02-24 23:47:57.658009,2025-02-24 23:48:12.204041,14.546032
channel-0,4038320,30290251,30290261,10,2025-02-24 23:48:03.786893,2025-02-24 23:48:15.642347,11.855454
channel-874,293027,30290253,30290259,6,2025-02-24 23:48:06.315193,2025-02-24 23:48:13.408778,7.093585
channel-21113,25321,30290258,30290266,8,2025-02-24 23:48:12.204041,2025-02-24 23:48:21.212186,9.008145
channel-2188,43638,30290271,30290275,4,2025-02-24 23:48:28.229777,2025-02-24 23:48:33.956053,5.726276
channel-4,166941,30290276,30290290,14,2025-02-24 23:48:35.610381,2025-02-24 23:48:52.795813,17.185432
channel-6994,1324423,30290280,30290291,11,2025-02-24 23:48:40.283621,2025-02-24 23:48:55.335851,15.05223
channel-19774,345931,30290295,30290307,12,2025-02-24 23:49:00.360961,2025-02-24 23:49:15.250573,14.889612
channel-89298,18651,30290298,30290309,11,2025-02-24 23:49:03.999512,2025-02-24 23:49:17.582950,13.583438
channel-6994,1324424,30290298,30290336,38,2025-02-24 23:49:03.999512,2025-02-24 23:49:57.056016,53.056504
channel-0,4038321,30290303,30290310,7,2025-02-24 23:49:10.615500,2025-02-24 23:49:20.285921,9.670421
channel-208,1490052,30290303,30290312,9,2025-02-24 23:49:10.615500,2025-02-24 23:49:26.755100,16.1396
channel-6994,1324425,30290304,30290326,22,2025-02-24 23:49:11.764354,2025-02-24 23:49:44.152853,32.388499
channel-750,682566,30290304,30290309,5,2025-02-24 23:49:11.764354,2025-02-24 23:49:17.582950,5.818596
channel-6994,1324426,30290305,30290311,6,2025-02-24 23:49:12.914404,2025-02-24 23:49:24.639388,11.724984
channel-750,682567,30290307,30290323,16,2025-02-24 23:49:15.250573,2025-02-24 23:49:40.617632,25.367059
channel-208,1490053,30290323,30290334,11,2025-02-24 23:49:40.617632,2025-02-24 23:49:54.686585,14.068953
channel-326,537789,30290334,30290339,5,2025-02-24 23:49:54.686585,2025-02-24 23:50:01.685245,6.99866
channel-326,537790,30290334,30290339,5,2025-02-24 23:49:54.686585,2025-02-24 23:50:01.685245,6.99866
channel-326,537791,30290334,30290339,5,2025-02-24 23:49:54.686585,2025-02-24 23:50:01.685245,6.99866
channel-326,537792,30290334,30290339,5,2025-02-24 23:49:54.686585,2025-02-24 23:50:01.685245,6.99866
channel-326,537793,30290334,30290339,5,2025-02-24 23:49:54.686585,2025-02-24 23:50:01.685245,6.99866
channel-326,537794,30290334,30290339,5,2025-02-24 23:49:54.686585,2025-02-24 23:50:01.685245,6.99866
channel-326,537795,30290334,30290339,5,2025-02-24 23:49:54.686585,2025-02-24 23:50:01.685245,6.99866
channel-326,537796,30290334,30290339,5,2025-02-24 23:49:54.686585,2025-02-24 23:50:01.685245,6.99866
channel-208,1490054,30290339,30290353,14,2025-02-24 23:50:01.685245,2025-02-24 23:50:19.745265,18.06002
channel-750,682568,30290341,30290354,13,2025-02-24 23:50:04.005210,2025-02-24 23:50:21.067421,17.062211
channel-89298,18652,30290345,30290353,8,2025-02-24 23:50:09.261534,2025-02-24 23:50:19.745265,10.483731
channel-0,4038322,30290354,30290365,11,2025-02-24 23:50:21.067421,2025-02-24 23:50:34.067477,13.000056
channel-0,4038323,30290354,30290365,11,2025-02-24 23:50:21.067421,2025-02-24 23:50:34.067477,13.000056
channel-6994,1324427,30290355,30290391,36,2025-02-24 23:50:22.124016,2025-02-24 23:51:12.520022,50.396006
channel-0,4038324,30290366,30290377,11,2025-02-24 23:50:36.235875,2025-02-24 23:50:50.229274,13.993399
channel-91017,2827,30290377,30290388,11,2025-02-24 23:50:50.229274,2025-02-24 23:51:05.090345,14.861071
channel-19774,345932,30290383,30290389,6,2025-02-24 23:50:58.014939,2025-02-24 23:51:10.411040,12.396101
channel-874,293028,30290385,30290388,3,2025-02-24 23:51:00.444336,2025-02-24 23:51:05.090345,4.646009
channel-750,682569,30290385,30290388,3,2025-02-24 23:51:00.444336,2025-02-24 23:51:05.090345,4.646009
channel-0,4038325,30290399,30290408,9,2025-02-24 23:51:22.078119,2025-02-24 23:51:33.588445,11.510326
channel-0,4038326,30290407,30290418,11,2025-02-24 23:51:32.268383,2025-02-24 23:51:45.621566,13.353183
channel-874,293029,30290411,30290423,12,2025-02-24 23:51:37.157950,2025-02-24 23:51:52.655121,15.497171
channel-0,4038327,30290411,30290422,11,2025-02-24 23:51:37.157950,2025-02-24 23:51:51.485633,14.327683
channel-750,682570,30290418,30290430,12,2025-02-24 23:51:45.621566,2025-02-24 23:52:01.887851,16.266285
channel-75,845000,30290418,30290425,7,2025-02-24 23:51:45.621566,2025-02-24 23:51:55.151068,9.529502
channel-6994,1324428,30290419,30290459,40,2025-02-24 23:51:46.890680,2025-02-24 23:52:39.273753,52.383073
channel-4,166942,30290419,30290441,22,2025-02-24 23:51:46.890680,2025-02-24 23:52:15.823478,28.932798
channel-0,4038328,30290421,30290432,11,2025-02-24 23:51:49.237657,2025-02-24 23:52:04.109733,14.872076
channel-91017,2828,30290421,30290432,11,2025-02-24 23:51:49.237657,2025-02-24 23:52:04.109733,14.872076
channel-750,682571,30290421,30290432,11,2025-02-24 23:51:49.237657,2025-02-24 23:52:04.109733,14.872076
channel-6994,1324429,30290434,30290447,13,2025-02-24 23:52:06.384518,2025-02-24 23:52:25.437973,19.053455
channel-21113,25322,30290434,30290442,8,2025-02-24 23:52:06.384518,2025-02-24 23:52:18.461857,12.077339
channel-21113,25323,30290441,30290447,6,2025-02-24 23:52:15.823478,2025-02-24 23:52:25.437973,9.614495
channel-38946,124157,30290447,30290459,12,2025-02-24 23:52:25.437973,2025-02-24 23:52:39.273753,13.83578
channel-750,682572,30290460,30290472,12,2025-02-24 23:52:40.429347,2025-02-24 23:52:55.533207,15.10386
channel-19774,345933,30290461,30290471,10,2025-02-24 23:52:41.627996,2025-02-24 23:52:54.431725,12.803729
channel-208,1490055,30290475,30290485,10,2025-02-24 23:53:00.558373,2025-02-24 23:53:14.059528,13.501155
channel-750,682573,30290478,30290483,5,2025-02-24 23:53:04.459343,2025-02-24 23:53:11.764598,7.305255
channel-6994,1324430,30290479,30290513,34,2025-02-24 23:53:05.617257,2025-02-24 23:53:51.890200,46.272943
channel-874,293030,30290483,30290488,5,2025-02-24 23:53:11.764598,2025-02-24 23:53:17.386155,5.621557
channel-4,166943,30290485,30290513,28,2025-02-24 23:53:14.059528,2025-02-24 23:53:51.890200,37.830672
channel-2188,43639,30290486,30290491,5,2025-02-24 23:53:15.108280,2025-02-24 23:53:20.844103,5.735823
channel-42,1489992,30290486,30290497,11,2025-02-24 23:53:15.108280,2025-02-24 23:53:28.204438,13.096158
channel-6994,1324431,30290488,30290500,12,2025-02-24 23:53:17.386155,2025-02-24 23:53:32.557687,15.171532
channel-199,132714,30290494,30290502,8,2025-02-24 23:53:24.444010,2025-02-24 23:53:34.942867,10.498857
channel-75,845001,30290502,30290508,6,2025-02-24 23:53:34.942867,2025-02-24 23:53:42.093774,7.150907
channel-0,4038329,30290507,30290519,12,2025-02-24 23:53:40.943326,2025-02-24 23:53:59.988708,19.045382
channel-208,1490056,30290508,30290519,11,2025-02-24 23:53:42.093774,2025-02-24 23:53:59.988708,17.894934
channel-6897,5643,30290509,30290516,7,2025-02-24 23:53:46.448976,2025-02-24 23:53:55.391493,8.942517
channel-6787,166693,30290509,30290513,4,2025-02-24 23:53:46.448976,2025-02-24 23:53:51.890200,5.441224
channel-750,682574,30290511,30290526,15,2025-02-24 23:53:48.975313,2025-02-24 23:54:08.963060,19.987747
channel-259,314284,30290512,30290517,5,2025-02-24 23:53:50.109212,2025-02-24 23:53:56.527613,6.418401
channel-750,682575,30290514,30290526,12,2025-02-24 23:53:53.079761,2025-02-24 23:54:08.963060,15.883299
channel-2188,43640,30290515,30290519,4,2025-02-24 23:53:54.221163,2025-02-24 23:53:59.988708,5.767545
channel-259,314285,30290517,30290523,6,2025-02-24 23:53:56.527613,2025-02-24 23:54:05.379560,8.851947
channel-0,4038330,30290517,30290547,30,2025-02-24 23:53:56.527613,2025-02-24 23:54:35.561128,39.033515
channel-0,4038331,30290518,30290547,29,2025-02-24 23:53:58.708631,2025-02-24 23:54:35.561128,36.852497
channel-750,682576,30290524,30290536,12,2025-02-24 23:54:06.553017,2025-02-24 23:54:22.033254,15.480237
channel-208,1490057,30290526,30290537,11,2025-02-24 23:54:08.963060,2025-02-24 23:54:23.211526,14.248466
channel-6994,1324432,30290527,30290536,9,2025-02-24 23:54:10.197841,2025-02-24 23:54:22.033254,11.835413
channel-91017,2829,30290535,30290545,10,2025-02-24 23:54:20.728673,2025-02-24 23:54:33.027209,12.298536
channel-6994,1324433,30290536,30290579,43,2025-02-24 23:54:22.033254,2025-02-24 23:55:17.441218,55.407964
channel-874,293031,30290536,30290554,18,2025-02-24 23:54:22.033254,2025-02-24 23:54:43.804161,21.770907
channel-143,128339,30290537,30290566,29,2025-02-24 23:54:23.211526,2025-02-24 23:55:00.967179,37.755653
channel-412,64550,30290537,30290549,12,2025-02-24 23:54:23.211526,2025-02-24 23:54:37.917936,14.70641
channel-362,86679,30290537,30290546,9,2025-02-24 23:54:23.211526,2025-02-24 23:54:34.500056,11.28853
channel-6994,1324434,30290539,30290551,12,2025-02-24 23:54:25.462075,2025-02-24 23:54:40.249537,14.787462
channel-89298,18653,30290541,30290548,7,2025-02-24 23:54:27.851119,2025-02-24 23:54:36.732737,8.881618
channel-750,682577,30290542,30290555,13,2025-02-24 23:54:29.028346,2025-02-24 23:54:45.021395,15.993049
channel-4,166944,30290543,30290576,33,2025-02-24 23:54:30.167665,2025-02-24 23:55:13.571061,43.403396
channel-165,71442,30290545,30290555,10,2025-02-24 23:54:33.027209,2025-02-24 23:54:45.021395,11.994186
channel-122,667980,30290547,30290551,4,2025-02-24 23:54:35.561128,2025-02-24 23:54:40.249537,4.688409
channel-0,4038332,30290547,30290557,10,2025-02-24 23:54:35.561128,2025-02-24 23:54:48.427023,12.865895
channel-0,4038333,30290561,30290574,13,2025-02-24 23:54:54.972949,2025-02-24 23:55:10.941743,15.968794
channel-208,1490058,30290563,30290572,9,2025-02-24 23:54:57.436296,2025-02-24 23:55:08.761495,11.325199
channel-6994,1324435,30290563,30290575,12,2025-02-24 23:54:57.436296,2025-02-24 23:55:12.328357,14.892061
channel-19774,345934,30290568,30290578,10,2025-02-24 23:55:03.189386,2025-02-24 23:55:16.341319,13.151933
channel-91017,2830,30290578,30290587,9,2025-02-24 23:55:16.341319,2025-02-24 23:55:28.813558,12.472239
channel-4,166945,30290579,30290619,40,2025-02-24 23:55:17.441218,2025-02-24 23:56:07.510608,50.06939
channel-208,1490059,30290580,30290590,10,2025-02-24 23:55:18.561880,2025-02-24 23:55:32.257905,13.696025
channel-750,682578,30290580,30290595,15,2025-02-24 23:55:18.561880,2025-02-24 23:55:37.931210,19.36933
channel-874,293032,30290581,30290586,5,2025-02-24 23:55:20.972650,2025-02-24 23:55:27.798886,6.826236
channel-4,166946,30290581,30290623,42,2025-02-24 23:55:20.972650,2025-02-24 23:56:13.227860,52.25521
channel-0,4038334,30290586,30290598,12,2025-02-24 23:55:27.798886,2025-02-24 23:55:41.354607,13.555721
channel-89321,19424,30290587,30290596,9,2025-02-24 23:55:28.813558,2025-02-24 23:55:39.045969,10.232411
channel-340,3179,30290588,30290601,13,2025-02-24 23:55:29.962766,2025-02-24 23:55:44.949123,14.986357
channel-6994,1324436,30290595,30290646,51,2025-02-24 23:55:37.931210,2025-02-24 23:56:44.547852,66.616642
channel-0,4038335,30290598,30290606,8,2025-02-24 23:55:41.354607,2025-02-24 23:55:51.795298,10.440691
channel-75,845002,30290606,30290613,7,2025-02-24 23:55:51.795298,2025-02-24 23:56:00.308872,8.513574
channel-98451,35,30290611,30290621,10,2025-02-24 23:55:57.421661,2025-02-24 23:56:09.936622,12.514961
channel-782,310179,30290615,30290621,6,2025-02-24 23:56:02.693923,2025-02-24 23:56:09.936622,7.242699
channel-19774,345935,30290618,30290627,9,2025-02-24 23:56:06.389767,2025-02-24 23:56:20.032283,13.642516
channel-208,1490060,30290618,30290625,7,2025-02-24 23:56:06.389767,2025-02-24 23:56:16.398226,10.008459
channel-6994,1324437,30290623,30290631,8,2025-02-24 23:56:13.227860,2025-02-24 23:56:24.554804,11.326944
channel-1279,67124,30290642,30290656,14,2025-02-24 23:56:39.485368,2025-02-24 23:56:58.081058,18.59569
channel-208,1490061,30290651,30290662,11,2025-02-24 23:56:50.366143,2025-02-24 23:57:04.976416,14.610273
channel-6994,1324438,30290659,30290692,33,2025-02-24 23:57:01.373429,2025-02-24 23:57:44.094545,42.721116
channel-750,682579,30290666,30290676,10,2025-02-24 23:57:09.579082,2025-02-24 23:57:21.670262,12.09118
channel-208,1490062,30290670,30290679,9,2025-02-24 23:57:14.316725,2025-02-24 23:57:28.002515,13.68579
channel-89298,18654,30290675,30290682,7,2025-02-24 23:57:20.568165,2025-02-24 23:57:31.478660,10.910495
channel-6994,1324439,30290688,30290699,11,2025-02-24 23:57:39.036480,2025-02-24 23:57:52.170463,13.133983
channel-208,1490063,30290693,30290704,11,2025-02-24 23:57:45.217933,2025-02-24 23:57:57.934918,12.716985
channel-0,4038336,30290693,30290704,11,2025-02-24 23:57:45.217933,2025-02-24 23:57:57.934918,12.716985
channel-259,314286,30290703,30290709,6,2025-02-24 23:57:56.863287,2025-02-24 23:58:04.684767,7.82148
channel-750,682580,30290709,30290720,11,2025-02-24 23:58:04.684767,2025-02-24 23:58:20.826931,16.142164
channel-75,845003,30290715,30290722,7,2025-02-24 23:58:14.918448,2025-02-24 23:58:23.164428,8.24598
channel-6994,1324440,30290717,30290755,38,2025-02-24 23:58:17.311197,2025-02-24 23:59:11.003173,53.691976
channel-6994,1324441,30290719,30290728,9,2025-02-24 23:58:19.631685,2025-02-24 23:58:32.877973,13.246288
channel-85077,60069,30290723,30290731,8,2025-02-24 23:58:24.410741,2025-02-24 23:58:36.207474,11.796733
channel-6994,1324442,30290725,30290735,10,2025-02-24 23:58:27.951033,2025-02-24 23:58:46.041047,18.090014
channel-19774,345936,30290727,30290733,6,2025-02-24 23:58:31.286920,2025-02-24 23:58:43.802392,12.515472
channel-1,408348,30290727,30290755,28,2025-02-24 23:58:31.286920,2025-02-24 23:59:11.003173,39.716253
channel-98451,36,30290743,30290754,11,2025-02-24 23:58:55.722937,2025-02-24 23:59:09.724125,14.001188
channel-0,4038337,30290743,30290752,9,2025-02-24 23:58:55.722937,2025-02-24 23:59:07.403278,11.680341
channel-89321,19425,30290752,30290758,6,2025-02-24 23:59:07.403278,2025-02-24 23:59:14.321231,6.917953
channel-0,4038338,30290772,30290785,13,2025-02-24 23:59:32.820326,2025-02-24 23:59:48.459826,15.6395
channel-6994,1324443,30290773,30290830,57,2025-02-24 23:59:34.065346,2025-02-25 00:00:46.065613,72.000267
channel-782,310180,30290778,30290787,9,2025-02-24 23:59:40.360586,2025-02-24 23:59:50.776165,10.415579
channel-6994,1324444,30290791,30290802,11,2025-02-24 23:59:56.494833,2025-02-25 00:00:09.289390,12.794557
channel-208,1490064,30290792,30290804,12,2025-02-24 23:59:57.626789,2025-02-25 00:00:11.474070,13.847281
channel-750,682581,30290805,30290809,4,2025-02-25 00:00:12.738395,2025-02-25 00:00:19.262500,6.524105
channel-2188,43641,30290810,30290815,5,2025-02-25 00:00:20.356274,2025-02-25 00:00:26.127168,5.770894
channel-19774,345937,30290813,30290830,17,2025-02-25 00:00:23.697851,2025-02-25 00:00:46.065613,22.367762
channel-750,682582,30290817,30290826,9,2025-02-25 00:00:28.347443,2025-02-25 00:00:41.511426,13.163983
channel-122,667981,30290819,30290831,12,2025-02-25 00:00:30.546182,2025-02-25 00:00:47.182992,16.63681
channel-251,85221,30290820,30290833,13,2025-02-25 00:00:33.302819,2025-02-25 00:00:50.455306,17.152487
channel-750,682583,30290820,30290825,5,2025-02-25 00:00:33.302819,2025-02-25 00:00:40.290350,6.987531
channel-750,682584,30290834,30290840,6,2025-02-25 00:00:51.602082,2025-02-25 00:00:58.505383,6.903301
channel-199,132715,30290836,30290845,9,2025-02-25 00:00:53.887956,2025-02-25 00:01:05.116150,11.228194
channel-143,128340,30290837,30290869,32,2025-02-25 00:00:54.957878,2025-02-25 00:01:37.448372,42.490494
channel-782,310181,30290848,30290854,6,2025-02-25 00:01:10.126137,2025-02-25 00:01:17.116023,6.989886
channel-208,1490065,30290848,30290859,11,2025-02-25 00:01:10.126137,2025-02-25 00:01:23.199887,13.07375
channel-750,682585,30290849,30290867,18,2025-02-25 00:01:11.377595,2025-02-25 00:01:33.837425,22.45983
channel-6994,1324445,30290861,30290911,50,2025-02-25 00:01:25.669239,2025-02-25 00:02:31.592744,65.923505
channel-0,4038339,30290865,30290876,11,2025-02-25 00:01:30.578079,2025-02-25 00:01:46.119023,15.540944
channel-750,682586,30290867,30290872,5,2025-02-25 00:01:33.837425,2025-02-25 00:01:40.944059,7.106634
channel-750,682587,30290867,30290872,5,2025-02-25 00:01:33.837425,2025-02-25 00:01:40.944059,7.106634
channel-0,4038340,30290870,30290882,12,2025-02-25 00:01:38.563058,2025-02-25 00:01:53.186512,14.623454
channel-750,682588,30290882,30290886,4,2025-02-25 00:01:53.186512,2025-02-25 00:01:58.920637,5.734125
channel-89321,19426,30290884,30290889,5,2025-02-25 00:01:55.419007,2025-02-25 00:02:02.440875,7.021868
channel-75,845004,30290886,30290893,7,2025-02-25 00:01:58.920637,2025-02-25 00:02:08.203352,9.282715
channel-122,667982,30290886,30290889,3,2025-02-25 00:01:58.920637,2025-02-25 00:02:02.440875,3.520238
channel-6994,1324446,30290897,30290911,14,2025-02-25 00:02:13.845913,2025-02-25 00:02:31.592744,17.746831
channel-750,682589,30290898,30290903,5,2025-02-25 00:02:15.031121,2025-02-25 00:02:21.611150,6.580029
channel-113,301327,30290899,30290935,36,2025-02-25 00:02:16.356474,2025-02-25 00:03:07.694641,51.338167
channel-750,682590,30290904,30290909,5,2025-02-25 00:02:22.831034,2025-02-25 00:02:29.231404,6.40037
channel-38946,124158,30290909,30290921,12,2025-02-25 00:02:29.231404,2025-02-25 00:02:46.306306,17.074902
channel-750,682591,30290911,30290915,4,2025-02-25 00:02:31.592744,2025-02-25 00:02:37.735489,6.142745
channel-208,1490066,30290917,30290925,8,2025-02-25 00:02:40.140946,2025-02-25 00:02:50.777182,10.636236
channel-19774,345938,30290920,30290927,7,2025-02-25 00:02:43.969233,2025-02-25 00:02:56.419863,12.45063
channel-6994,1324447,30290923,30290955,32,2025-02-25 00:02:48.485881,2025-02-25 00:03:38.092461,49.60658
channel-89298,18655,30290925,30290936,11,2025-02-25 00:02:50.777182,2025-02-25 00:03:08.767853,17.990671
channel-750,682592,30290925,30290929,4,2025-02-25 00:02:50.777182,2025-02-25 00:02:58.805022,8.02784
channel-550,1890,30290926,30290940,14,2025-02-25 00:02:55.211928,2025-02-25 00:03:13.628497,18.416569
channel-6994,1324448,30290932,30290943,11,2025-02-25 00:03:02.605444,2025-02-25 00:03:19.095124,16.48968
channel-750,682593,30290939,30290943,4,2025-02-25 00:03:12.449185,2025-02-25 00:03:19.095124,6.645939
channel-216,94217,30290944,30291056,112,2025-02-25 00:03:21.324347,2025-02-25 00:05:49.174124,147.849777
channel-4,166947,30290945,30290974,29,2025-02-25 00:03:23.532377,2025-02-25 00:04:01.680475,38.148098
channel-0,4038341,30290948,30290960,12,2025-02-25 00:03:26.922211,2025-02-25 00:03:43.794262,16.872051
channel-2188,43642,30290948,30290951,3,2025-02-25 00:03:26.922211,2025-02-25 00:03:30.496384,3.574173
channel-0,4038342,30290950,30290965,15,2025-02-25 00:03:29.239238,2025-02-25 00:03:49.636555,20.397317
channel-6994,1324449,30290951,30290965,14,2025-02-25 00:03:30.496384,2025-02-25 00:03:49.636555,19.140171
channel-115,20387,30290951,30290963,12,2025-02-25 00:03:30.496384,2025-02-25 00:03:47.410071,16.913687
channel-750,682594,30290952,30290965,13,2025-02-25 00:03:34.928494,2025-02-25 00:03:49.636555,14.708061
channel-750,682595,30290952,30290959,7,2025-02-25 00:03:34.928494,2025-02-25 00:03:42.614565,7.686071
channel-122,667983,30290960,30290964,4,2025-02-25 00:03:43.794262,2025-02-25 00:03:48.531503,4.737241
channel-750,682596,30290964,30290975,11,2025-02-25 00:03:48.531503,2025-02-25 00:04:03.313878,14.782375
channel-19774,345939,30290965,30290974,9,2025-02-25 00:03:49.636555,2025-02-25 00:04:01.680475,12.04392
channel-750,682597,30290966,30290981,15,2025-02-25 00:03:51.080447,2025-02-25 00:04:10.332016,19.251569
channel-4,166948,30290967,30290983,16,2025-02-25 00:03:52.222732,2025-02-25 00:04:12.670984,20.448252
channel-208,1490067,30290967,30290975,8,2025-02-25 00:03:52.222732,2025-02-25 00:04:03.313878,11.091146
channel-750,682598,30290967,30290975,8,2025-02-25 00:03:52.222732,2025-02-25 00:04:03.313878,11.091146
channel-208,1490068,30290975,30290983,8,2025-02-25 00:04:03.313878,2025-02-25 00:04:12.670984,9.357106
channel-1,408349,30290992,30291005,13,2025-02-25 00:04:26.516678,2025-02-25 00:04:44.559093,18.042415
channel-6994,1324450,30290994,30291033,39,2025-02-25 00:04:28.986009,2025-02-25 00:05:19.677312,50.691303
channel-750,682599,30290995,30290999,4,2025-02-25 00:04:30.048194,2025-02-25 00:04:37.353496,7.305302
channel-6994,1324451,30291004,30291014,10,2025-02-25 00:04:43.288934,2025-02-25 00:04:56.346438,13.057504
channel-6994,1324452,30291004,30291014,10,2025-02-25 00:04:43.288934,2025-02-25 00:04:56.346438,13.057504
channel-79703,4437,30291005,30291017,12,2025-02-25 00:04:44.559093,2025-02-25 00:05:00.970591,16.411498
channel-208,1490069,30291008,30291018,10,2025-02-25 00:04:49.589005,2025-02-25 00:05:02.037497,12.448492
channel-95,331594,30291020,30291034,14,2025-02-25 00:05:04.282616,2025-02-25 00:05:20.877857,16.595241
channel-0,4038343,30291020,30291033,13,2025-02-25 00:05:04.282616,2025-02-25 00:05:19.677312,15.394696
channel-79703,4438,30291029,30291041,12,2025-02-25 00:05:15.204121,2025-02-25 00:05:29.726193,14.522072
channel-208,1490070,30291030,30291041,11,2025-02-25 00:05:16.309458,2025-02-25 00:05:29.726193,13.416735
channel-122,667984,30291040,30291044,4,2025-02-25 00:05:28.526059,2025-02-25 00:05:34.351177,5.825118
channel-0,4038344,30291042,30291052,10,2025-02-25 00:05:30.872130,2025-02-25 00:05:44.547296,13.675166
channel-6994,1324453,30291055,30291091,36,2025-02-25 00:05:48.018087,2025-02-25 00:06:36.197932,48.179845
channel-0,4038345,30291058,30291069,11,2025-02-25 00:05:52.540369,2025-02-25 00:06:07.742959,15.20259
channel-19774,345940,30291065,30291074,9,2025-02-25 00:06:03.262382,2025-02-25 00:06:15.009480,11.747098
channel-208,1490071,30291066,30291076,10,2025-02-25 00:06:04.405181,2025-02-25 00:06:17.237923,12.832742
channel-0,4038346,30291068,30291079,11,2025-02-25 00:06:06.652191,2025-02-25 00:06:20.698257,14.046066
channel-79703,4439,30291068,30291078,10,2025-02-25 00:06:06.652191,2025-02-25 00:06:19.474541,12.82235
channel-21113,25324,30291084,30291092,8,2025-02-25 00:06:28.004053,2025-02-25 00:06:37.338667,9.334614
channel-122,667985,30291096,30291100,4,2025-02-25 00:06:41.896109,2025-02-25 00:06:46.771664,4.875555
channel-75,845005,30291102,30291109,7,2025-02-25 00:06:48.996704,2025-02-25 00:06:58.359787,9.363083
channel-0,4038347,30291105,30291126,21,2025-02-25 00:06:52.817651,2025-02-25 00:07:24.153591,31.33594
channel-79703,4440,30291111,30291124,13,2025-02-25 00:07:02.120629,2025-02-25 00:07:18.314171,16.193542
channel-6994,1324454,30291115,30291150,35,2025-02-25 00:07:06.913008,2025-02-25 00:07:54.223695,47.310687
channel-6994,1324455,30291116,30291124,8,2025-02-25 00:07:08.079871,2025-02-25 00:07:18.314171,10.2343
channel-750,682600,30291120,30291124,4,2025-02-25 00:07:13.673862,2025-02-25 00:07:18.314171,4.640309
channel-75,845006,30291121,30291127,6,2025-02-25 00:07:14.795042,2025-02-25 00:07:25.235251,10.440209
channel-750,682601,30291130,30291135,5,2025-02-25 00:07:28.880964,2025-02-25 00:07:35.082101,6.201137
channel-19774,345941,30291143,30291160,17,2025-02-25 00:07:45.250643,2025-02-25 00:08:07.934728,22.684085
channel-85077,60070,30291158,30291209,51,2025-02-25 00:08:04.545612,2025-02-25 00:09:15.566536,71.020924
channel-0,4038348,30291165,30291192,27,2025-02-25 00:08:14.037411,2025-02-25 00:08:49.434004,35.396593
channel-782,310182,30291166,30291172,6,2025-02-25 00:08:15.232049,2025-02-25 00:08:24.825953,9.593904
channel-320,119190,30291168,30291183,15,2025-02-25 00:08:19.405693,2025-02-25 00:08:38.083401,18.677708
channel-6994,1324456,30291171,30291212,41,2025-02-25 00:08:23.762009,2025-02-25 00:09:19.126126,55.364117
channel-94814,3759,30291185,30291195,10,2025-02-25 00:08:41.346449,2025-02-25 00:08:52.805812,11.459363
channel-75,845007,30291192,30291199,7,2025-02-25 00:08:49.434004,2025-02-25 00:08:57.520766,8.086762
channel-208,1490072,30291197,30291208,11,2025-02-25 00:08:55.217970,2025-02-25 00:09:13.189780,17.97181
channel-19774,345942,30291200,30291208,8,2025-02-25 00:08:58.862729,2025-02-25 00:09:13.189780,14.327051
channel-326,537797,30291202,30291217,15,2025-02-25 00:09:01.046280,2025-02-25 00:09:24.945374,23.899094
channel-85077,60071,30291202,30291209,7,2025-02-25 00:09:01.046280,2025-02-25 00:09:15.566536,14.520256
channel-259,314287,30291203,30291206,3,2025-02-25 00:09:03.336572,2025-02-25 00:09:07.432182,4.09561
channel-1429,140710,30291205,30291213,8,2025-02-25 00:09:05.738382,2025-02-25 00:09:20.225885,14.487503
channel-750,682602,30291208,30291227,19,2025-02-25 00:09:13.189780,2025-02-25 00:09:37.559861,24.370081
channel-188,190566,30291208,30291218,10,2025-02-25 00:09:13.189780,2025-02-25 00:09:26.075993,12.886213
channel-85077,60072,30291209,30291219,10,2025-02-25 00:09:15.566536,2025-02-25 00:09:28.197364,12.630828
channel-75,845008,30291209,30291217,8,2025-02-25 00:09:15.566536,2025-02-25 00:09:24.945374,9.378838
channel-874,293033,30291221,30291242,21,2025-02-25 00:09:30.387025,2025-02-25 00:09:54.834911,24.447886
channel-144,86685,30291222,30291233,11,2025-02-25 00:09:31.632137,2025-02-25 00:09:43.973902,12.341765
channel-0,4038349,30291226,30291256,30,2025-02-25 00:09:36.429005,2025-02-25 00:10:16.637093,40.208088
channel-19774,345943,30291226,30291239,13,2025-02-25 00:09:36.429005,2025-02-25 00:09:51.357480,14.928475
channel-750,682603,30291228,30291239,11,2025-02-25 00:09:38.686657,2025-02-25 00:09:51.357480,12.670823
channel-79703,4441,30291230,30291244,14,2025-02-25 00:09:40.731247,2025-02-25 00:09:58.128758,17.397511
channel-750,682604,30291233,30291249,16,2025-02-25 00:09:43.973902,2025-02-25 00:10:04.083869,20.109967
channel-6994,1324457,30291234,30291290,56,2025-02-25 00:09:45.088448,2025-02-25 00:10:59.378176,74.289728
channel-199,132716,30291235,30291248,13,2025-02-25 00:09:46.758568,2025-02-25 00:10:02.928891,16.170323
channel-874,293034,30291237,30291242,5,2025-02-25 00:09:49.023297,2025-02-25 00:09:54.834911,5.811614
channel-6994,1324458,30291239,30291265,26,2025-02-25 00:09:51.357480,2025-02-25 00:10:28.298100,36.94062
channel-326,537798,30291240,30291245,5,2025-02-25 00:09:52.470841,2025-02-25 00:09:59.284111,6.81327
channel-38946,124159,30291240,30291253,13,2025-02-25 00:09:52.470841,2025-02-25 00:10:08.906061,16.43522
channel-750,682605,30291251,30291256,5,2025-02-25 00:10:06.547137,2025-02-25 00:10:16.637093,10.089956
channel-750,682606,30291252,30291265,13,2025-02-25 00:10:07.707447,2025-02-25 00:10:28.298100,20.590653
channel-91017,2831,30291253,30291264,11,2025-02-25 00:10:08.906061,2025-02-25 00:10:26.927045,18.020984
channel-2188,43643,30291254,30291258,4,2025-02-25 00:10:14.316624,2025-02-25 00:10:20.132061,5.815437
channel-89321,19427,30291257,30291267,10,2025-02-25 00:10:17.844641,2025-02-25 00:10:31.529981,13.68534
channel-208,1490073,30291259,30291267,8,2025-02-25 00:10:21.213262,2025-02-25 00:10:31.529981,10.316719
channel-750,682607,30291263,30291280,17,2025-02-25 00:10:25.730113,2025-02-25 00:10:47.550011,21.819898
channel-122,667986,30291266,30291270,4,2025-02-25 00:10:30.428734,2025-02-25 00:10:35.059724,4.63099
channel-208,1490074,30291268,30291277,9,2025-02-25 00:10:32.684622,2025-02-25 00:10:43.713904,11.029282
channel-0,4038350,30291268,30291278,10,2025-02-25 00:10:32.684622,2025-02-25 00:10:44.963401,12.278779
channel-0,4038351,30291278,30291289,11,2025-02-25 00:10:44.963401,2025-02-25 00:10:58.244883,13.281482
channel-5485,1713,30291279,30291295,16,2025-02-25 00:10:46.295069,2025-02-25 00:11:05.322439,19.02737
channel-6994,1324459,30291281,30291313,32,2025-02-25 00:10:48.744908,2025-02-25 00:11:31.435002,42.690094
channel-0,4038352,30291282,30291307,25,2025-02-25 00:10:49.784038,2025-02-25 00:11:22.580061,32.796023
channel-6994,1324460,30291283,30291300,17,2025-02-25 00:10:50.889576,2025-02-25 00:11:11.556424,20.666848
channel-6994,1324461,30291288,30291318,30,2025-02-25 00:10:56.939198,2025-02-25 00:11:37.502990,40.563792
channel-1,408350,30291293,30291310,17,2025-02-25 00:11:02.937316,2025-02-25 00:11:27.017793,24.080477
channel-75016,4625,30291293,30291308,15,2025-02-25 00:11:02.937316,2025-02-25 00:11:23.751454,20.814138
channel-208,1490075,30291298,30291308,10,2025-02-25 00:11:08.860631,2025-02-25 00:11:23.751454,14.890823
channel-19774,345944,30291301,30291306,5,2025-02-25 00:11:13.762900,2025-02-25 00:11:20.132250,6.36935
channel-6994,1324462,30291301,30291313,12,2025-02-25 00:11:13.762900,2025-02-25 00:11:31.435002,17.672102
channel-122,667987,30291303,30291307,4,2025-02-25 00:11:15.945369,2025-02-25 00:11:22.580061,6.634692
channel-874,293035,30291307,30291311,4,2025-02-25 00:11:22.580061,2025-02-25 00:11:29.160057,6.579996
channel-6994,1324463,30291308,30291355,47,2025-02-25 00:11:23.751454,2025-02-25 00:12:30.888574,67.13712
channel-2188,43644,30291309,30291314,5,2025-02-25 00:11:25.872292,2025-02-25 00:11:32.728867,6.856575
channel-42,1489993,30291313,30291324,11,2025-02-25 00:11:31.435002,2025-02-25 00:11:44.646760,13.211758
channel-19774,345945,30291316,30291337,21,2025-02-25 00:11:35.036576,2025-02-25 00:12:01.270773,26.234197
channel-208,1490076,30291319,30291330,11,2025-02-25 00:11:38.675494,2025-02-25 00:11:52.800188,14.124694
channel-88,467106,30291322,30291339,17,2025-02-25 00:11:42.354572,2025-02-25 00:12:04.250376,21.895804
channel-259,314288,30291323,30291329,6,2025-02-25 00:11:43.518628,2025-02-25 00:11:51.660094,8.141466
channel-85077,60073,30291325,30291337,12,2025-02-25 00:11:45.987530,2025-02-25 00:12:01.270773,15.283243
channel-4,166949,30291325,30291335,10,2025-02-25 00:11:45.987530,2025-02-25 00:11:58.834565,12.847035
channel-750,682608,30291325,30291330,5,2025-02-25 00:11:45.987530,2025-02-25 00:11:52.800188,6.812658
channel-0,4038353,30291325,30291333,8,2025-02-25 00:11:45.987530,2025-02-25 00:11:56.592124,10.604594
channel-0,4038354,30291326,30291346,20,2025-02-25 00:11:47.073727,2025-02-25 00:12:12.223703,25.149976
channel-204,670790,30291327,30291335,8,2025-02-25 00:11:48.265003,2025-02-25 00:11:58.834565,10.569562
channel-259,314289,30291328,30291334,6,2025-02-25 00:11:49.481975,2025-02-25 00:11:57.758893,8.276918
channel-42,1489994,30291329,30291339,10,2025-02-25 00:11:51.660094,2025-02-25 00:12:04.250376,12.590282
channel-750,682609,30291333,30291338,5,2025-02-25 00:11:56.592124,2025-02-25 00:12:03.087141,6.495017
channel-874,293036,30291335,30291348,13,2025-02-25 00:11:58.834565,2025-02-25 00:12:19.176965,20.3424
channel-750,682610,30291337,30291342,5,2025-02-25 00:12:01.270773,2025-02-25 00:12:07.689748,6.418975
channel-1,408351,30291337,30291347,10,2025-02-25 00:12:01.270773,2025-02-25 00:12:17.939023,16.66825
channel-0,4038355,30291338,30291420,82,2025-02-25 00:12:03.087141,2025-02-25 00:13:57.791797,114.704656
channel-0,4038356,30291342,30291355,13,2025-02-25 00:12:07.689748,2025-02-25 00:12:30.888574,23.198826
channel-412,64551,30291345,30291355,10,2025-02-25 00:12:11.059403,2025-02-25 00:12:30.888574,19.829171
channel-208,1490077,30291345,30291353,8,2025-02-25 00:12:11.059403,2025-02-25 00:12:28.593623,17.53422
channel-874,293037,30291346,30291353,7,2025-02-25 00:12:12.223703,2025-02-25 00:12:28.593623,16.36992
channel-208,1490078,30291346,30291358,12,2025-02-25 00:12:12.223703,2025-02-25 00:12:35.518739,23.295036
channel-21113,25325,30291346,30291349,3,2025-02-25 00:12:12.223703,2025-02-25 00:12:23.774778,11.551075
channel-0,4038357,30291346,30291368,22,2025-02-25 00:12:12.223703,2025-02-25 00:12:48.274318,36.050615
channel-6994,1324464,30291353,30291376,23,2025-02-25 00:12:28.593623,2025-02-25 00:13:03.753334,35.159711
channel-89321,19428,30291361,30291369,8,2025-02-25 00:12:38.901913,2025-02-25 00:12:53.331716,14.429803
channel-750,682611,30291363,30291373,10,2025-02-25 00:12:42.482839,2025-02-25 00:12:59.248336,16.765497
channel-6994,1324465,30291367,30291422,55,2025-02-25 00:12:47.159405,2025-02-25 00:14:00.180709,73.021304
channel-362,86680,30291368,30291377,9,2025-02-25 00:12:48.274318,2025-02-25 00:13:05.127405,16.853087
channel-6994,1324466,30291380,30291392,12,2025-02-25 00:13:08.744247,2025-02-25 00:13:22.483657,13.73941
channel-89321,19429,30291385,30291396,11,2025-02-25 00:13:14.528111,2025-02-25 00:13:27.016165,12.488054
channel-122,667988,30291386,30291401,15,2025-02-25 00:13:15.600668,2025-02-25 00:13:33.376505,17.775837
channel-199,132717,30291390,30291420,30,2025-02-25 00:13:20.268077,2025-02-25 00:13:57.791797,37.52372
channel-874,293038,30291391,30291399,8,2025-02-25 00:13:21.393473,2025-02-25 00:13:30.987495,9.594022
channel-79703,4442,30291395,30291408,13,2025-02-25 00:13:25.830015,2025-02-25 00:13:43.240699,17.410684
channel-0,4038358,30291396,30291429,33,2025-02-25 00:13:27.016165,2025-02-25 00:14:10.171232,43.155067
channel-0,4038359,30291396,30291420,24,2025-02-25 00:13:27.016165,2025-02-25 00:13:57.791797,30.775632
channel-89321,19430,30291411,30291418,7,2025-02-25 00:13:46.854144,2025-02-25 00:13:54.691640,7.837496
channel-75016,4626,30291421,30291440,19,2025-02-25 00:13:59.070831,2025-02-25 00:14:26.362428,27.291597
channel-19774,345946,30291425,30291429,4,2025-02-25 00:14:03.788391,2025-02-25 00:14:10.171232,6.382841
channel-874,293039,30291427,30291442,15,2025-02-25 00:14:06.315383,2025-02-25 00:14:28.708883,22.3935
channel-0,4038360,30291428,30291445,17,2025-02-25 00:14:07.518006,2025-02-25 00:14:32.146402,24.628396
channel-89321,19431,30291429,30291436,7,2025-02-25 00:14:10.171232,2025-02-25 00:14:20.758624,10.587392
channel-208,1490079,30291430,30291440,10,2025-02-25 00:14:12.418016,2025-02-25 00:14:26.362428,13.944412
channel-0,4038361,30291431,30291451,20,2025-02-25 00:14:13.495832,2025-02-25 00:14:42.401695,28.905863
channel-6994,1324467,30291435,30291477,42,2025-02-25 00:14:19.001960,2025-02-25 00:15:17.212320,58.21036
channel-6994,1324468,30291436,30291462,26,2025-02-25 00:14:20.758624,2025-02-25 00:14:58.851301,38.092677
channel-874,293040,30291436,30291442,6,2025-02-25 00:14:20.758624,2025-02-25 00:14:28.708883,7.950259
channel-0,4038362,30291437,30291445,8,2025-02-25 00:14:21.839094,2025-02-25 00:14:32.146402,10.307308
channel-750,682612,30291441,30291445,4,2025-02-25 00:14:27.536260,2025-02-25 00:14:32.146402,4.610142
channel-750,682613,30291442,30291455,13,2025-02-25 00:14:28.708883,2025-02-25 00:14:47.025662,18.316779
channel-0,4038363,30291445,30291451,6,2025-02-25 00:14:32.146402,2025-02-25 00:14:42.401695,10.255293
channel-75,845009,30291449,30291455,6,2025-02-25 00:14:38.685132,2025-02-25 00:14:47.025662,8.34053
channel-0,4038364,30291451,30291458,7,2025-02-25 00:14:42.401695,2025-02-25 00:14:53.840362,11.438667
channel-208,1490080,30291453,30291463,10,2025-02-25 00:14:44.698666,2025-02-25 00:15:00.183483,15.484817
channel-199,132718,30291455,30291481,26,2025-02-25 00:14:47.025662,2025-02-25 00:15:23.264402,36.23874
channel-4,166950,30291455,30291495,40,2025-02-25 00:14:47.025662,2025-02-25 00:15:40.588311,53.562649
channel-0,4038365,30291459,30291488,29,2025-02-25 00:14:55.115759,2025-02-25 00:15:31.222778,36.107019
channel-0,4038366,30291463,30291481,18,2025-02-25 00:15:00.183483,2025-02-25 00:15:23.264402,23.080919
channel-85077,60074,30291463,30291474,11,2025-02-25 00:15:00.183483,2025-02-25 00:15:13.817592,13.634109
channel-188,190567,30291463,30291508,45,2025-02-25 00:15:00.183483,2025-02-25 00:15:59.314886,59.131403
channel-75,845010,30291465,30291473,8,2025-02-25 00:15:02.368557,2025-02-25 00:15:12.478552,10.109995
channel-208,1490081,30291465,30291477,12,2025-02-25 00:15:02.368557,2025-02-25 00:15:17.212320,14.843763
channel-750,682614,30291466,30291482,16,2025-02-25 00:15:03.621710,2025-02-25 00:15:24.363041,20.741331
channel-6787,166694,30291467,30291472,5,2025-02-25 00:15:05.441462,2025-02-25 00:15:11.362480,5.921018
channel-874,293041,30291472,30291488,16,2025-02-25 00:15:11.362480,2025-02-25 00:15:31.222778,19.860298
channel-0,4038367,30291473,30291500,27,2025-02-25 00:15:12.478552,2025-02-25 00:15:47.771165,35.292613
channel-874,293042,30291481,30291488,7,2025-02-25 00:15:23.264402,2025-02-25 00:15:31.222778,7.958376
channel-91017,2832,30291483,30291492,9,2025-02-25 00:15:25.583743,2025-02-25 00:15:36.008499,10.424756
channel-19774,345947,30291491,30291502,11,2025-02-25 00:15:34.847480,2025-02-25 00:15:50.842792,15.995312
channel-42,1489995,30291493,30291500,7,2025-02-25 00:15:37.044827,2025-02-25 00:15:47.771165,10.726338
channel-783,104230,30291493,30291503,10,2025-02-25 00:15:37.044827,2025-02-25 00:15:52.116565,15.071738
channel-750,682615,30291493,30291508,15,2025-02-25 00:15:37.044827,2025-02-25 00:15:59.314886,22.270059
channel-783,104231,30291493,30291503,10,2025-02-25 00:15:37.044827,2025-02-25 00:15:52.116565,15.071738
channel-259,314290,30291496,30291502,6,2025-02-25 00:15:41.972623,2025-02-25 00:15:50.842792,8.870169
channel-184,137412,30291496,30291510,14,2025-02-25 00:15:41.972623,2025-02-25 00:16:03.809787,21.837164
channel-6994,1324469,30291498,30291540,42,2025-02-25 00:15:44.396623,2025-02-25 00:16:47.643248,63.246625
channel-188,190568,30291499,30291546,47,2025-02-25 00:15:46.717401,2025-02-25 00:16:59.008935,72.291534
channel-874,293043,30291506,30291510,4,2025-02-25 00:15:56.576377,2025-02-25 00:16:03.809787,7.23341
channel-143,128341,30291509,30291547,38,2025-02-25 00:16:01.589650,2025-02-25 00:17:01.521046,59.931396
channel-143,128342,30291518,30291533,15,2025-02-25 00:16:17.804331,2025-02-25 00:16:35.033100,17.228769
channel-91017,2833,30291522,30291533,11,2025-02-25 00:16:22.255632,2025-02-25 00:16:35.033100,12.777468
channel-874,293044,30291524,30291533,9,2025-02-25 00:16:24.703038,2025-02-25 00:16:35.033100,10.330062
channel-874,293045,30291524,30291533,9,2025-02-25 00:16:24.703038,2025-02-25 00:16:35.033100,10.330062
channel-642,126505,30291532,30291545,13,2025-02-25 00:16:33.947255,2025-02-25 00:16:57.556899,23.609644
channel-750,682616,30291536,30291553,17,2025-02-25 00:16:42.940851,2025-02-25 00:17:08.551420,25.610569
channel-143,128343,30291542,30291595,53,2025-02-25 00:16:49.930387,2025-02-25 00:18:00.336051,70.405664
channel-0,4038368,30291546,30291558,12,2025-02-25 00:16:59.008935,2025-02-25 00:17:14.543356,15.534421
channel-6994,1324470,30291547,30291561,14,2025-02-25 00:17:01.521046,2025-02-25 00:17:18.077304,16.556258
channel-874,293046,30291551,30291559,8,2025-02-25 00:17:06.369534,2025-02-25 00:17:15.616913,9.247379
channel-750,682617,30291555,30291566,11,2025-02-25 00:17:10.988965,2025-02-25 00:17:24.932434,13.943469
channel-782,310183,30291557,30291564,7,2025-02-25 00:17:13.278338,2025-02-25 00:17:22.672616,9.394278
channel-6994,1324471,30291559,30291606,47,2025-02-25 00:17:15.616913,2025-02-25 00:18:17.189904,61.572991
channel-0,4038369,30291559,30291568,9,2025-02-25 00:17:15.616913,2025-02-25 00:17:27.761553,12.14464
channel-6994,1324472,30291567,30291579,12,2025-02-25 00:17:26.165770,2025-02-25 00:17:41.032486,14.866716
channel-79703,4443,30291568,30291582,14,2025-02-25 00:17:27.761553,2025-02-25 00:17:44.659015,16.897462
channel-89321,19432,30291568,30291578,10,2025-02-25 00:17:27.761553,2025-02-25 00:17:39.898840,12.137287
channel-199,132719,30291585,30291594,9,2025-02-25 00:17:48.120737,2025-02-25 00:17:59.200958,11.080221
channel-750,682618,30291594,30291605,11,2025-02-25 00:17:59.200958,2025-02-25 00:18:14.427581,15.226623
channel-85077,60075,30291602,30291610,8,2025-02-25 00:18:10.896833,2025-02-25 00:18:21.877529,10.980696
channel-0,4038370,30291606,30291616,10,2025-02-25 00:18:17.189904,2025-02-25 00:18:28.918822,11.728918
channel-204,670791,30291610,30291616,6,2025-02-25 00:18:21.877529,2025-02-25 00:18:28.918822,7.041293
channel-6994,1324473,30291622,30291671,49,2025-02-25 00:18:35.979186,2025-02-25 00:19:39.623597,63.644411
channel-750,682619,30291623,30291633,10,2025-02-25 00:18:38.085577,2025-02-25 00:18:49.781228,11.695651
channel-782,310184,30291626,30291632,6,2025-02-25 00:18:41.646476,2025-02-25 00:18:48.680899,7.034423
channel-6994,1324474,30291644,30291653,9,2025-02-25 00:19:03.995107,2025-02-25 00:19:16.786545,12.791438
channel-143,128344,30291650,30291701,51,2025-02-25 00:19:10.900574,2025-02-25 00:20:23.242329,72.341755
channel-6994,1324475,30291655,30291667,12,2025-02-25 00:19:19.253164,2025-02-25 00:19:33.841822,14.588658
channel-0,4038371,30291664,30291674,10,2025-02-25 00:19:29.837908,2025-02-25 00:19:43.306004,13.468096
channel-6994,1324476,30291664,30291681,17,2025-02-25 00:19:29.837908,2025-02-25 00:19:52.096959,22.259051
channel-0,4038372,30291666,30291674,8,2025-02-25 00:19:32.670195,2025-02-25 00:19:43.306004,10.635809
channel-750,682620,30291672,30291677,5,2025-02-25 00:19:40.833805,2025-02-25 00:19:46.943094,6.109289
channel-750,682621,30291673,30291687,14,2025-02-25 00:19:41.933606,2025-02-25 00:20:04.350713,22.417107
channel-750,682622,30291673,30291685,12,2025-02-25 00:19:41.933606,2025-02-25 00:19:57.764146,15.83054
channel-199,132720,30291673,30291681,8,2025-02-25 00:19:41.933606,2025-02-25 00:19:52.096959,10.163353
channel-108,39848,30291680,30291695,15,2025-02-25 00:19:50.424701,2025-02-25 00:20:14.714911,24.29021
channel-750,682623,30291685,30291698,13,2025-02-25 00:19:57.764146,2025-02-25 00:20:19.143993,21.379847
channel-1429,140711,30291688,30291696,8,2025-02-25 00:20:05.452419,2025-02-25 00:20:15.853393,10.400974
channel-143,128345,30291690,30291755,65,2025-02-25 00:20:07.890366,2025-02-25 00:21:32.977691,85.087325
channel-259,314291,30291690,30291696,6,2025-02-25 00:20:07.890366,2025-02-25 00:20:15.853393,7.963027
channel-6994,1324477,30291690,30291746,56,2025-02-25 00:20:07.890366,2025-02-25 00:21:20.423877,72.533511
channel-750,682624,30291691,30291704,13,2025-02-25 00:20:09.025160,2025-02-25 00:20:27.926403,18.901243
channel-4,166951,30291694,30291724,30,2025-02-25 00:20:13.614585,2025-02-25 00:20:52.346841,38.732256
channel-0,4038373,30291706,30291715,9,2025-02-25 00:20:31.273651,2025-02-25 00:20:42.113255,10.839604
channel-204,670792,30291710,30304991,13281,2025-02-25 00:20:36.130185,2025-02-25 05:13:36.714355,17580.58417
channel-750,682625,30291710,30291722,12,2025-02-25 00:20:36.130185,2025-02-25 00:20:50.100694,13.970509
channel-750,682626,30291710,30291715,5,2025-02-25 00:20:36.130185,2025-02-25 00:20:42.113255,5.98307
channel-4,166952,30291721,30291747,26,2025-02-25 00:20:49.010245,2025-02-25 00:21:21.583411,32.573166
channel-750,682627,30291725,30291733,8,2025-02-25 00:20:53.475291,2025-02-25 00:21:03.578250,10.102959
channel-750,682628,30291727,30291739,12,2025-02-25 00:20:55.836669,2025-02-25 00:21:10.934446,15.097777
channel-208,1490082,30291730,30291740,10,2025-02-25 00:20:59.945590,2025-02-25 00:21:13.245504,13.299914
channel-6994,1324478,30291730,30291741,11,2025-02-25 00:20:59.945590,2025-02-25 00:21:14.398979,14.453389
channel-0,4038374,30291733,30291746,13,2025-02-25 00:21:03.578250,2025-02-25 00:21:20.423877,16.845627
channel-750,682629,30291736,30291739,3,2025-02-25 00:21:07.325525,2025-02-25 00:21:10.934446,3.608921
channel-320,119191,30291743,30291781,38,2025-02-25 00:21:16.990315,2025-02-25 00:22:09.283960,52.293645
channel-750,682630,30291744,30291749,5,2025-02-25 00:21:18.094824,2025-02-25 00:21:25.941834,7.84701
channel-259,314292,30291747,30291755,8,2025-02-25 00:21:21.583411,2025-02-25 00:21:32.977691,11.39428
channel-4,166953,30291747,30291772,25,2025-02-25 00:21:21.583411,2025-02-25 00:21:57.163403,35.579992
channel-750,682631,30291748,30291761,13,2025-02-25 00:21:23.726350,2025-02-25 00:21:44.194066,20.467716
channel-750,682632,30291748,30291753,5,2025-02-25 00:21:23.726350,2025-02-25 00:21:30.645256,6.918906
channel-2188,43645,30291750,30291755,5,2025-02-25 00:21:27.067931,2025-02-25 00:21:32.977691,5.90976
channel-0,4038375,30291753,30291761,8,2025-02-25 00:21:30.645256,2025-02-25 00:21:44.194066,13.54881
channel-874,293047,30291767,30291775,8,2025-02-25 00:21:51.511228,2025-02-25 00:22:02.397296,10.886068
channel-0,4038376,30291768,30291781,13,2025-02-25 00:21:52.687824,2025-02-25 00:22:09.283960,16.596136
channel-750,682633,30291768,30291781,13,2025-02-25 00:21:52.687824,2025-02-25 00:22:09.283960,16.596136
channel-122,667989,30291770,30291774,4,2025-02-25 00:21:54.988601,2025-02-25 00:21:59.640656,4.652055
channel-143,128346,30291774,30291869,95,2025-02-25 00:21:59.640656,2025-02-25 00:24:05.977056,126.3364
channel-750,682634,30291774,30291779,5,2025-02-25 00:21:59.640656,2025-02-25 00:22:07.095431,7.454775
channel-1429,140712,30291777,30291788,11,2025-02-25 00:22:04.724057,2025-02-25 00:22:17.189377,12.46532
channel-208,1490083,30291784,30291793,9,2025-02-25 00:22:12.801766,2025-02-25 00:22:24.328206,11.52644
channel-522,40435,30291788,30291801,13,2025-02-25 00:22:17.189377,2025-02-25 00:22:34.279835,17.090458
channel-750,682635,30291789,30291802,13,2025-02-25 00:22:18.413730,2025-02-25 00:22:35.457159,17.043429
channel-750,682636,30291793,30291811,18,2025-02-25 00:22:24.328206,2025-02-25 00:22:47.347365,23.019159
channel-199,132721,30291793,30291805,12,2025-02-25 00:22:24.328206,2025-02-25 00:22:39.274138,14.945932
channel-229,55020,30291797,30291808,11,2025-02-25 00:22:28.720263,2025-02-25 00:22:43.941559,15.221296
channel-2186,40779,30291798,30291809,11,2025-02-25 00:22:29.958512,2025-02-25 00:22:45.047086,15.088574
channel-2186,40780,30291812,30291827,15,2025-02-25 00:22:48.509906,2025-02-25 00:23:08.341244,19.831338
channel-750,682637,30291817,30291834,17,2025-02-25 00:22:55.558639,2025-02-25 00:23:16.712319,21.15368
channel-143,128347,30291825,30291835,10,2025-02-25 00:23:06.079371,2025-02-25 00:23:19.101544,13.022173
channel-0,4038377,30291826,30291837,11,2025-02-25 00:23:07.259847,2025-02-25 00:23:21.389049,14.129202
channel-750,682638,30291827,30291837,10,2025-02-25 00:23:08.341244,2025-02-25 00:23:21.389049,13.047805
channel-73755,5833,30291844,30291852,8,2025-02-25 00:23:30.761731,2025-02-25 00:23:41.199911,10.43818
channel-0,4038378,30291865,30291876,11,2025-02-25 00:24:01.139963,2025-02-25 00:24:14.836206,13.696243
channel-750,682639,30291865,30291881,16,2025-02-25 00:24:01.139963,2025-02-25 00:24:21.000311,19.860348
channel-85077,60076,30291866,30291875,9,2025-02-25 00:24:02.515891,2025-02-25 00:24:13.729615,11.213724
channel-4,166954,30291874,30291897,23,2025-02-25 00:24:12.520822,2025-02-25 00:24:41.703510,29.182688
channel-1575,15191,30291874,30291884,10,2025-02-25 00:24:12.520822,2025-02-25 00:24:25.556728,13.035906
channel-51,20930,30291877,30291893,16,2025-02-25 00:24:16.016266,2025-02-25 00:24:36.261082,20.244816
channel-750,682640,30291890,30291895,5,2025-02-25 00:24:32.533228,2025-02-25 00:24:38.775064,6.241836
channel-85077,60077,30291896,30291907,11,2025-02-25 00:24:39.958451,2025-02-25 00:24:53.418903,13.460452
channel-208,1490084,30291900,30291912,12,2025-02-25 00:24:45.412427,2025-02-25 00:24:59.238596,13.826169
channel-750,682641,30291906,30291919,13,2025-02-25 00:24:52.287199,2025-02-25 00:25:08.549132,16.261933
channel-750,682642,30291906,30291916,10,2025-02-25 00:24:52.287199,2025-02-25 00:25:05.102738,12.815539
channel-750,682643,30291907,30291920,13,2025-02-25 00:24:53.418903,2025-02-25 00:25:09.651807,16.232904
channel-2188,43646,30291917,30291922,5,2025-02-25 00:25:06.276344,2025-02-25 00:25:11.867836,5.591492
channel-750,682644,30291924,30291928,4,2025-02-25 00:25:14.208046,2025-02-25 00:25:18.937126,4.72908
channel-2186,40781,30291926,30291937,11,2025-02-25 00:25:16.682544,2025-02-25 00:25:32.664505,15.981961
channel-199,132722,30291935,30291944,9,2025-02-25 00:25:29.390784,2025-02-25 00:25:41.949689,12.558905
channel-146,20029,30291935,30291955,20,2025-02-25 00:25:29.390784,2025-02-25 00:25:59.046066,29.655282
channel-0,4038379,30291937,30291946,9,2025-02-25 00:25:32.664505,2025-02-25 00:25:44.390056,11.725551
channel-750,682645,30291941,30291949,8,2025-02-25 00:25:37.040547,2025-02-25 00:25:47.746641,10.706094
channel-2188,43647,30291941,30291946,5,2025-02-25 00:25:37.040547,2025-02-25 00:25:44.390056,7.349509
channel-6994,1324479,30291941,30291975,34,2025-02-25 00:25:37.040547,2025-02-25 00:26:28.842110,51.801563
channel-750,682646,30291942,30291954,12,2025-02-25 00:25:39.687202,2025-02-25 00:25:57.811148,18.123946
channel-79703,4444,30291942,30291955,13,2025-02-25 00:25:39.687202,2025-02-25 00:25:59.046066,19.358864
channel-6994,1324480,30291949,30291959,10,2025-02-25 00:25:47.746641,2025-02-25 00:26:03.677286,15.930645
channel-783,104232,30291955,30291963,8,2025-02-25 00:25:59.046066,2025-02-25 00:26:12.427659,13.381593
channel-0,4038380,30291959,30291970,11,2025-02-25 00:26:03.677286,2025-02-25 00:26:21.005733,17.328447
channel-85077,60078,30291959,30291970,11,2025-02-25 00:26:03.677286,2025-02-25 00:26:21.005733,17.328447
channel-750,682647,30291967,30291976,9,2025-02-25 00:26:17.412868,2025-02-25 00:26:30.939718,13.52685
channel-0,4038381,30291971,30291996,25,2025-02-25 00:26:22.220552,2025-02-25 00:26:56.673228,34.452676
channel-94814,3760,30291976,30291986,10,2025-02-25 00:26:30.939718,2025-02-25 00:26:45.016291,14.076573
channel-85077,60079,30291977,30291986,9,2025-02-25 00:26:32.310452,2025-02-25 00:26:45.016291,12.705839
channel-874,293048,30291977,30291987,10,2025-02-25 00:26:32.310452,2025-02-25 00:26:46.116844,13.806392
channel-208,1490085,30291982,30291995,13,2025-02-25 00:26:40.460953,2025-02-25 00:26:55.570931,15.109978
channel-2188,43648,30291987,30291992,5,2025-02-25 00:26:46.116844,2025-02-25 00:26:51.994408,5.877564
channel-208,1490086,30291988,30292000,12,2025-02-25 00:26:47.394130,2025-02-25 00:27:01.677095,14.282965
channel-522,40436,30291995,30292003,8,2025-02-25 00:26:55.570931,2025-02-25 00:27:06.138330,10.567399
channel-85791,3760,30291999,30292004,5,2025-02-25 00:27:00.615864,2025-02-25 00:27:07.368903,6.753039
channel-750,682648,30292001,30292015,14,2025-02-25 00:27:02.943667,2025-02-25 00:27:22.087525,19.143858
channel-750,682649,30292005,30292015,10,2025-02-25 00:27:09.531256,2025-02-25 00:27:22.087525,12.556269
channel-2188,43649,30292014,30292019,5,2025-02-25 00:27:19.871595,2025-02-25 00:27:26.576307,6.704712
channel-208,1490087,30292014,30292028,14,2025-02-25 00:27:19.871595,2025-02-25 00:27:36.883939,17.012344
channel-89321,19433,30292016,30292028,12,2025-02-25 00:27:23.158124,2025-02-25 00:27:36.883939,13.725815
channel-89321,19434,30292022,30292029,7,2025-02-25 00:27:30.164623,2025-02-25 00:27:38.743999,8.579376
channel-6994,1324481,30292026,30292032,6,2025-02-25 00:27:34.745172,2025-02-25 00:27:43.862806,9.117634
channel-20082,9879,30292027,30292036,9,2025-02-25 00:27:35.797410,2025-02-25 00:27:52.745961,16.948551
channel-0,4038382,30292034,30292079,45,2025-02-25 00:27:46.073841,2025-02-25 00:28:46.217106,60.143265
channel-85791,3761,30292039,30292045,6,2025-02-25 00:27:56.327041,2025-02-25 00:28:03.278078,6.951037
channel-1,408352,30292041,30292056,15,2025-02-25 00:27:58.576270,2025-02-25 00:28:15.765230,17.18896
channel-750,682650,30292042,30292051,9,2025-02-25 00:27:59.790280,2025-02-25 00:28:10.279982,10.489702
channel-522,40437,30292045,30292056,11,2025-02-25 00:28:03.278078,2025-02-25 00:28:15.765230,12.487152
channel-6994,1324482,30292049,30292060,11,2025-02-25 00:28:07.993247,2025-02-25 00:28:21.501311,13.508064
channel-6994,1324483,30292049,30292070,21,2025-02-25 00:28:07.993247,2025-02-25 00:28:34.017044,26.023797
channel-0,4038383,30292050,30292084,34,2025-02-25 00:28:09.119843,2025-02-25 00:28:53.290762,44.170919
channel-85077,60080,30292051,30292060,9,2025-02-25 00:28:10.279982,2025-02-25 00:28:21.501311,11.221329
channel-19774,345948,30292060,30292074,14,2025-02-25 00:28:21.501311,2025-02-25 00:28:38.657757,17.156446
channel-782,310185,30292062,30292069,7,2025-02-25 00:28:24.438331,2025-02-25 00:28:32.391450,7.953119
channel-199,132723,30292075,30292082,7,2025-02-25 00:28:40.187490,2025-02-25 00:28:50.822376,10.634886
channel-0,4038384,30292084,30292094,10,2025-02-25 00:28:53.290762,2025-02-25 00:29:05.154475,11.863713
channel-750,682651,30292085,30292090,5,2025-02-25 00:28:54.714760,2025-02-25 00:29:00.482723,5.767963
channel-208,1490088,30292099,30292109,10,2025-02-25 00:29:11.661562,2025-02-25 00:29:22.926806,11.265244
channel-89321,19435,30292103,30292113,10,2025-02-25 00:29:16.282080,2025-02-25 00:29:27.635795,11.353715
channel-208,1490089,30292113,30292122,9,2025-02-25 00:29:27.635795,2025-02-25 00:29:40.757381,13.121586
channel-208,1490090,30292118,30292126,8,2025-02-25 00:29:33.505911,2025-02-25 00:29:46.449456,12.943545
channel-1429,140713,30292119,30292127,8,2025-02-25 00:29:36.226012,2025-02-25 00:29:47.680837,11.454825
channel-0,4038385,30292120,30292144,24,2025-02-25 00:29:38.345495,2025-02-25 00:30:10.298478,31.952983
channel-6994,1324484,30292132,30292143,11,2025-02-25 00:29:55.012608,2025-02-25 00:30:09.145945,14.133337
channel-21113,25326,30292137,30292145,8,2025-02-25 00:30:01.910688,2025-02-25 00:30:11.404423,9.493735
channel-6994,1324485,30292163,30292170,7,2025-02-25 00:30:32.710368,2025-02-25 00:30:44.549662,11.839294
channel-21113,25327,30292164,30292169,5,2025-02-25 00:30:33.811933,2025-02-25 00:30:40.037132,6.225199
channel-89321,19436,30292165,30292173,8,2025-02-25 00:30:34.974235,2025-02-25 00:30:48.075366,13.101131
channel-208,1490091,30292169,30292178,9,2025-02-25 00:30:40.037132,2025-02-25 00:30:55.375494,15.338362
channel-208,1490092,30292185,30292196,11,2025-02-25 00:31:04.899405,2025-02-25 00:31:19.106650,14.207245
channel-89321,19437,30292193,30292204,11,2025-02-25 00:31:15.291910,2025-02-25 00:31:29.068228,13.776318
channel-750,682652,30292194,30292209,15,2025-02-25 00:31:16.891372,2025-02-25 00:31:36.214952,19.32358
channel-0,4038386,30292201,30292219,18,2025-02-25 00:31:25.379201,2025-02-25 00:31:48.985105,23.605904
channel-229,55021,30292204,30292214,10,2025-02-25 00:31:29.068228,2025-02-25 00:31:43.432786,14.364558
channel-143,128348,30292206,30292216,10,2025-02-25 00:31:32.500049,2025-02-25 00:31:45.776596,13.276547
channel-6994,1324486,30292228,30292239,11,2025-02-25 00:32:01.031493,2025-02-25 00:32:14.867358,13.835865
channel-229,55022,30292228,30292238,10,2025-02-25 00:32:01.031493,2025-02-25 00:32:13.719651,12.688158
channel-91017,2834,30292228,30292240,12,2025-02-25 00:32:01.031493,2025-02-25 00:32:16.005415,14.973922
channel-208,1490093,30292230,30292242,12,2025-02-25 00:32:03.362692,2025-02-25 00:32:18.338077,14.975385
channel-85077,60081,30292231,30292242,11,2025-02-25 00:32:04.564581,2025-02-25 00:32:18.338077,13.773496
channel-0,4038387,30292231,30292242,11,2025-02-25 00:32:04.564581,2025-02-25 00:32:18.338077,13.773496
channel-75,845011,30292241,30292247,6,2025-02-25 00:32:17.162522,2025-02-25 00:32:25.377142,8.21462
channel-0,4038388,30292244,30292256,12,2025-02-25 00:32:20.838176,2025-02-25 00:32:36.733012,15.894836
channel-0,4038389,30292262,30292275,13,2025-02-25 00:32:44.128093,2025-02-25 00:33:00.391041,16.262948
channel-85791,3762,30292263,30292269,6,2025-02-25 00:32:45.318726,2025-02-25 00:32:52.349056,7.03033
channel-89321,19438,30292263,30292271,8,2025-02-25 00:32:45.318726,2025-02-25 00:32:54.541415,9.222689
channel-0,4038390,30292270,30292288,18,2025-02-25 00:32:53.454538,2025-02-25 00:33:18.535302,25.080764
channel-0,4038391,30292280,30292303,23,2025-02-25 00:33:06.323707,2025-02-25 00:33:41.996268,35.672561
channel-122,667990,30292280,30292284,4,2025-02-25 00:33:06.323707,2025-02-25 00:33:11.406790,5.083083
channel-0,4038392,30292287,30292295,8,2025-02-25 00:33:16.297923,2025-02-25 00:33:26.909693,10.61177
channel-89321,19439,30292288,30292317,29,2025-02-25 00:33:18.535302,2025-02-25 00:33:59.844066,41.308764
channel-232,49197,30292295,30292321,26,2025-02-25 00:33:26.909693,2025-02-25 00:34:05.472512,38.562819
channel-0,4038393,30292295,30292303,8,2025-02-25 00:33:26.909693,2025-02-25 00:33:41.996268,15.086575
channel-19774,345949,30292299,30292308,9,2025-02-25 00:33:36.359446,2025-02-25 00:33:48.197263,11.837817
channel-122,667991,30292299,30292303,4,2025-02-25 00:33:36.359446,2025-02-25 00:33:41.996268,5.636822
channel-0,4038394,30292316,30292335,19,2025-02-25 00:33:58.591762,2025-02-25 00:34:21.931531,23.339769
channel-89321,19440,30292317,30292353,36,2025-02-25 00:33:59.844066,2025-02-25 00:34:44.922178,45.078112
channel-0,4038395,30292336,30292345,9,2025-02-25 00:34:23.192505,2025-02-25 00:34:34.400508,11.208003
channel-89298,18656,30292341,30292351,10,2025-02-25 00:34:28.754615,2025-02-25 00:34:42.380360,13.625745
channel-208,1490094,30292345,30292356,11,2025-02-25 00:34:34.400508,2025-02-25 00:34:48.559172,14.158664
channel-47,198637,30292352,30292368,16,2025-02-25 00:34:43.757606,2025-02-25 00:35:04.968275,21.210669
channel-108,39849,30292355,30292371,16,2025-02-25 00:34:47.339850,2025-02-25 00:35:13.248637,25.908787
channel-89321,19441,30292366,30292383,17,2025-02-25 00:35:01.441910,2025-02-25 00:35:28.450595,27.008685
channel-6994,1324487,30292373,30292384,11,2025-02-25 00:35:15.612470,2025-02-25 00:35:29.654925,14.042455
channel-750,682653,30292374,30292387,13,2025-02-25 00:35:16.822172,2025-02-25 00:35:33.122282,16.30011
channel-122,667992,30292387,30292392,5,2025-02-25 00:35:33.122282,2025-02-25 00:35:39.315473,6.193191
channel-750,682654,30292388,30292393,5,2025-02-25 00:35:34.228949,2025-02-25 00:35:40.512130,6.283181
channel-874,293049,30292394,30292403,9,2025-02-25 00:35:41.630484,2025-02-25 00:35:51.948558,10.318074
channel-89321,19442,30292403,30292446,43,2025-02-25 00:35:51.948558,2025-02-25 00:36:49.977029,58.028471
channel-85077,60082,30292411,30292420,9,2025-02-25 00:36:02.547658,2025-02-25 00:36:14.616825,12.069167
channel-82,18954,30292422,30292454,32,2025-02-25 00:36:19.445311,2025-02-25 00:36:59.854696,40.409385
channel-208,1490095,30292425,30292435,10,2025-02-25 00:36:23.314247,2025-02-25 00:36:36.100807,12.78656
channel-0,4038396,30292442,30292466,24,2025-02-25 00:36:44.162986,2025-02-25 00:37:14.826548,30.663562
channel-750,682655,30292448,30292459,11,2025-02-25 00:36:52.216093,2025-02-25 00:37:06.385010,14.168917
channel-146,20030,30292450,30292482,32,2025-02-25 00:36:54.358573,2025-02-25 00:37:36.428757,42.070184
channel-208,1490096,30292453,30292464,11,2025-02-25 00:36:58.747430,2025-02-25 00:37:12.562808,13.815378
channel-0,4038397,30292456,30292466,10,2025-02-25 00:37:02.066038,2025-02-25 00:37:14.826548,12.76051
channel-0,4038398,30292458,30292484,26,2025-02-25 00:37:04.956580,2025-02-25 00:37:39.295393,34.338813
channel-2188,43650,30292465,30292470,5,2025-02-25 00:37:13.715637,2025-02-25 00:37:20.635658,6.920021
channel-208,1490097,30292465,30292477,12,2025-02-25 00:37:13.715637,2025-02-25 00:37:30.530427,16.81479
channel-89321,19443,30292468,30292480,12,2025-02-25 00:37:18.362634,2025-02-25 00:37:34.120955,15.758321
channel-750,682656,30292471,30292474,3,2025-02-25 00:37:21.799354,2025-02-25 00:37:26.831262,5.031908
channel-89321,19444,30292484,30292527,43,2025-02-25 00:37:39.295393,2025-02-25 00:38:35.334318,56.038925
channel-1,408353,30292484,30292515,31,2025-02-25 00:37:39.295393,2025-02-25 00:38:20.203240,40.907847
channel-1,408354,30292494,30292515,21,2025-02-25 00:37:51.435062,2025-02-25 00:38:20.203240,28.768178
channel-750,682657,30292495,30292499,4,2025-02-25 00:37:52.698857,2025-02-25 00:37:57.165655,4.466798
channel-0,4038399,30292502,30292521,19,2025-02-25 00:38:01.780183,2025-02-25 00:38:27.344822,25.564639
channel-750,682658,30292511,30292516,5,2025-02-25 00:38:13.509612,2025-02-25 00:38:21.315885,7.806273
channel-75,845012,30292515,30292523,8,2025-02-25 00:38:20.203240,2025-02-25 00:38:30.182600,9.97936
channel-89321,19445,30292520,30292560,40,2025-02-25 00:38:26.226650,2025-02-25 00:39:17.504921,51.278271
channel-6994,1324488,30292523,30292564,41,2025-02-25 00:38:30.182600,2025-02-25 00:39:22.994118,52.811518
channel-750,682659,30292531,30292535,4,2025-02-25 00:38:40.436790,2025-02-25 00:38:45.130320,4.69353
channel-874,293050,30292534,30292540,6,2025-02-25 00:38:43.901451,2025-02-25 00:38:50.835025,6.933574
channel-6994,1324489,30292536,30292547,11,2025-02-25 00:38:46.215992,2025-02-25 00:38:58.797017,12.581025
channel-85077,60083,30292537,30292547,10,2025-02-25 00:38:47.388624,2025-02-25 00:38:58.797017,11.408393
channel-2188,43651,30292539,30292544,5,2025-02-25 00:38:49.697024,2025-02-25 00:38:55.441452,5.744428
channel-76971,12240,30292541,30292554,13,2025-02-25 00:38:51.893946,2025-02-25 00:39:07.997635,16.103689
channel-75016,4627,30292542,30292563,21,2025-02-25 00:38:53.055651,2025-02-25 00:39:21.775667,28.720016
channel-75016,4628,30292555,30292570,15,2025-02-25 00:39:09.113559,2025-02-25 00:39:31.274731,22.161172
channel-750,682660,30292557,30292561,4,2025-02-25 00:39:13.684312,2025-02-25 00:39:18.555530,4.871218
channel-0,4038400,30292558,30292566,8,2025-02-25 00:39:15.025359,2025-02-25 00:39:26.604619,11.57926
channel-6994,1324490,30292560,30292591,31,2025-02-25 00:39:17.504921,2025-02-25 00:39:58.953397,41.448476
channel-2188,43652,30292568,30292573,5,2025-02-25 00:39:29.046907,2025-02-25 00:39:34.620333,5.573426
channel-6994,1324491,30292572,30292583,11,2025-02-25 00:39:33.563737,2025-02-25 00:39:46.127372,12.563635
channel-75,845013,30292577,30292584,7,2025-02-25 00:39:39.195128,2025-02-25 00:39:47.252470,8.057342
channel-750,682661,30292588,30292609,21,2025-02-25 00:39:54.850916,2025-02-25 00:40:21.485842,26.634926
channel-6994,1324492,30292589,30292626,37,2025-02-25 00:39:56.629032,2025-02-25 00:40:44.833849,48.204817
channel-2188,43653,30292593,30292597,4,2025-02-25 00:40:01.255677,2025-02-25 00:40:05.971435,4.715758
channel-199,132724,30292598,30292610,12,2025-02-25 00:40:07.155174,2025-02-25 00:40:22.606320,15.451146
channel-75016,4629,30292598,30292632,34,2025-02-25 00:40:07.155174,2025-02-25 00:40:51.634859,44.479685
channel-19774,345950,30292599,30292610,11,2025-02-25 00:40:09.507928,2025-02-25 00:40:22.606320,13.098392
channel-750,682662,30292607,30292617,10,2025-02-25 00:40:19.132587,2025-02-25 00:40:31.962864,12.830277
channel-75016,4630,30292612,30292632,20,2025-02-25 00:40:26.167777,2025-02-25 00:40:51.634859,25.467082
channel-75016,4631,30292614,30292632,18,2025-02-25 00:40:28.634998,2025-02-25 00:40:51.634859,22.999861
channel-874,293051,30292616,30292625,9,2025-02-25 00:40:30.839101,2025-02-25 00:40:42.685484,11.846383
channel-2188,43654,30292617,30292621,4,2025-02-25 00:40:31.962864,2025-02-25 00:40:36.569907,4.607043
channel-199,132725,30292619,30292626,7,2025-02-25 00:40:34.345844,2025-02-25 00:40:44.833849,10.488005
channel-85077,60084,30292619,30292628,9,2025-02-25 00:40:34.345844,2025-02-25 00:40:47.102903,12.757059
channel-0,4038401,30292638,30292645,7,2025-02-25 00:40:59.060885,2025-02-25 00:41:09.853460,10.792575
channel-79703,4445,30292639,30292652,13,2025-02-25 00:41:00.218602,2025-02-25 00:41:18.142610,17.924008
channel-208,1490098,30292643,30292652,9,2025-02-25 00:41:06.355074,2025-02-25 00:41:18.142610,11.787536
channel-2188,43655,30292644,30292649,5,2025-02-25 00:41:07.555450,2025-02-25 00:41:14.621882,7.066432
channel-75016,4632,30292648,30292661,13,2025-02-25 00:41:13.386332,2025-02-25 00:41:31.681846,18.295514
channel-6994,1324493,30292655,30292690,35,2025-02-25 00:41:22.098690,2025-02-25 00:42:07.811938,45.713248
channel-204,670793,30292655,30304991,12336,2025-02-25 00:41:22.098690,2025-02-25 05:13:36.714355,16334.615665
channel-229,55023,30292657,30292669,12,2025-02-25 00:41:24.904038,2025-02-25 00:41:40.917512,16.013474
channel-208,1490099,30292660,30292670,10,2025-02-25 00:41:30.578502,2025-02-25 00:41:42.082461,11.503959
channel-73,51335,30292666,30292677,11,2025-02-25 00:41:37.436717,2025-02-25 00:41:50.855142,13.418425
channel-75016,4633,30292679,30292695,16,2025-02-25 00:41:53.416773,2025-02-25 00:42:13.961890,20.545117
channel-0,4038402,30292680,30292706,26,2025-02-25 00:41:54.561145,2025-02-25 00:42:28.036004,33.474859
channel-75,845014,30292692,30292700,8,2025-02-25 00:42:10.552133,2025-02-25 00:42:20.059108,9.506975
channel-6994,1324494,30292693,30292705,12,2025-02-25 00:42:11.650180,2025-02-25 00:42:26.940806,15.290626
channel-73,51336,30292698,30292707,9,2025-02-25 00:42:17.555512,2025-02-25 00:42:29.253053,11.697541
channel-6994,1324495,30292723,30292758,35,2025-02-25 00:42:49.053809,2025-02-25 00:43:38.141012,49.087203
channel-874,293052,30292744,30292749,5,2025-02-25 00:43:17.569347,2025-02-25 00:43:25.154763,7.585416
channel-76971,12241,30292744,30292761,17,2025-02-25 00:43:17.569347,2025-02-25 00:43:41.403879,23.834532
channel-89321,19446,30292746,30292779,33,2025-02-25 00:43:21.627219,2025-02-25 00:44:03.879298,42.252079
channel-0,4038403,30292753,30292777,24,2025-02-25 00:43:30.687213,2025-02-25 00:44:01.452234,30.765021
channel-208,1490100,30292755,30292768,13,2025-02-25 00:43:34.549806,2025-02-25 00:43:50.824217,16.274411
channel-42,1489996,30292757,30292765,8,2025-02-25 00:43:36.996360,2025-02-25 00:43:47.036610,10.04025
channel-0,4038404,30292761,30292772,11,2025-02-25 00:43:41.403879,2025-02-25 00:43:55.500787,14.096908
channel-75016,4634,30292765,30292788,23,2025-02-25 00:43:47.036610,2025-02-25 00:44:19.544624,32.508014
channel-0,4038405,30292766,30292777,11,2025-02-25 00:43:48.305515,2025-02-25 00:44:01.452234,13.146719
channel-75016,4635,30292778,30292794,16,2025-02-25 00:44:02.759546,2025-02-25 00:44:26.559338,23.799792
channel-208,1490101,30292782,30292791,9,2025-02-25 00:44:07.302013,2025-02-25 00:44:23.225741,15.923728
channel-874,293053,30292784,30292791,7,2025-02-25 00:44:10.795910,2025-02-25 00:44:23.225741,12.429831
channel-6994,1324496,30292784,30292822,38,2025-02-25 00:44:10.795910,2025-02-25 00:45:03.394835,52.598925
channel-1,408355,30292785,30292828,43,2025-02-25 00:44:12.045932,2025-02-25 00:45:10.442585,58.396653
channel-75016,4636,30292803,30292824,21,2025-02-25 00:44:37.507259,2025-02-25 00:45:05.807807,28.300548
channel-75016,4637,30292821,30292846,25,2025-02-25 00:45:02.313855,2025-02-25 00:45:32.610259,30.296404
channel-874,293054,30292828,30292833,5,2025-02-25 00:45:10.442585,2025-02-25 00:45:16.386184,5.943599
channel-0,4038406,30292834,30292860,26,2025-02-25 00:45:18.569910,2025-02-25 00:45:52.286670,33.71676
channel-2188,43656,30292835,30292839,4,2025-02-25 00:45:19.866863,2025-02-25 00:45:24.567659,4.700796
channel-122,667993,30292838,30292842,4,2025-02-25 00:45:23.304838,2025-02-25 00:45:28.048324,4.743486
channel-75016,4638,30292838,30292863,25,2025-02-25 00:45:23.304838,2025-02-25 00:45:56.167987,32.863149
channel-251,85222,30292842,30292859,17,2025-02-25 00:45:28.048324,2025-02-25 00:45:51.182522,23.134198
channel-412,64552,30292848,30292860,12,2025-02-25 00:45:35.672701,2025-02-25 00:45:52.286670,16.613969
channel-122,667994,30292849,30292853,4,2025-02-25 00:45:37.976974,2025-02-25 00:45:43.647288,5.670314
channel-6994,1324497,30292855,30292896,41,2025-02-25 00:45:46.661471,2025-02-25 00:46:38.688144,52.026673
channel-122,667995,30292857,30292865,8,2025-02-25 00:45:48.846787,2025-02-25 00:45:58.546121,9.699334
channel-874,293055,30292859,30292865,6,2025-02-25 00:45:51.182522,2025-02-25 00:45:58.546121,7.363599
channel-874,293056,30292867,30292874,7,2025-02-25 00:46:00.977598,2025-02-25 00:46:10.205640,9.228042
channel-208,1490102,30292867,30292876,9,2025-02-25 00:46:00.977598,2025-02-25 00:46:12.425438,11.44784
channel-85077,60085,30292871,30292878,7,2025-02-25 00:46:05.758188,2025-02-25 00:46:15.783403,10.025215
channel-229,55024,30292876,30292886,10,2025-02-25 00:46:12.425438,2025-02-25 00:46:26.597744,14.172306
channel-75016,4639,30292877,30292901,24,2025-02-25 00:46:14.583069,2025-02-25 00:46:45.375171,30.792102
channel-750,682663,30292879,30292893,14,2025-02-25 00:46:17.971714,2025-02-25 00:46:35.110803,17.139089
channel-88,467107,30292884,30292903,19,2025-02-25 00:46:24.308133,2025-02-25 00:46:49.293280,24.985147
channel-208,1490103,30292897,30292906,9,2025-02-25 00:46:39.778836,2025-02-25 00:46:53.872395,14.093559
channel-750,682664,30292898,30292904,6,2025-02-25 00:46:40.877368,2025-02-25 00:46:50.420813,9.543445
channel-874,293057,30292898,30292902,4,2025-02-25 00:46:40.877368,2025-02-25 00:46:48.064846,7.187478
channel-874,293058,30292901,30292907,6,2025-02-25 00:46:45.375171,2025-02-25 00:46:55.102774,9.727603
channel-88,467108,30292903,30292942,39,2025-02-25 00:46:49.293280,2025-02-25 00:47:39.511041,50.217761
channel-2188,43657,30292904,30292909,5,2025-02-25 00:46:50.420813,2025-02-25 00:46:57.670178,7.249365
channel-208,1490104,30292904,30292916,12,2025-02-25 00:46:50.420813,2025-02-25 00:47:05.822180,15.401367
channel-208,1490105,30292916,30292926,10,2025-02-25 00:47:05.822180,2025-02-25 00:47:17.978827,12.156647
channel-75016,4640,30292918,30292939,21,2025-02-25 00:47:08.530613,2025-02-25 00:47:35.801418,27.270805
channel-75016,4641,30292919,30292939,20,2025-02-25 00:47:10.121490,2025-02-25 00:47:35.801418,25.679928
channel-6994,1324498,30292921,30292962,41,2025-02-25 00:47:12.351752,2025-02-25 00:48:05.527943,53.176191
channel-75016,4642,30292922,30292945,23,2025-02-25 00:47:13.520737,2025-02-25 00:47:43.100601,29.579864
channel-1,408356,30292926,30292943,17,2025-02-25 00:47:17.978827,2025-02-25 00:47:40.659183,22.680356
channel-122,667996,30292935,30292939,4,2025-02-25 00:47:28.540262,2025-02-25 00:47:35.801418,7.261156
channel-208,1490106,30292937,30292948,11,2025-02-25 00:47:32.159666,2025-02-25 00:47:47.511720,15.352054
channel-122,667997,30292939,30292950,11,2025-02-25 00:47:35.801418,2025-02-25 00:47:51.128364,15.326946
channel-0,4038407,30292943,30292951,8,2025-02-25 00:47:40.659183,2025-02-25 00:47:52.413290,11.754107
channel-75016,4643,30292943,30292963,20,2025-02-25 00:47:40.659183,2025-02-25 00:48:06.609108,25.949925
channel-782,310186,30292946,30292951,5,2025-02-25 00:47:44.345290,2025-02-25 00:47:52.413290,8.068
channel-89298,18657,30292959,30292969,10,2025-02-25 00:48:02.277439,2025-02-25 00:48:14.569055,12.291616
channel-199,132726,30292973,30292983,10,2025-02-25 00:48:19.602073,2025-02-25 00:48:32.422365,12.820292
channel-75016,4644,30292981,30292999,18,2025-02-25 00:48:29.056952,2025-02-25 00:48:55.705448,26.648496
channel-75016,4645,30292982,30292999,17,2025-02-25 00:48:30.243221,2025-02-25 00:48:55.705448,25.462227
channel-0,4038408,30292983,30292993,10,2025-02-25 00:48:32.422365,2025-02-25 00:48:46.516500,14.094135
channel-1429,140714,30292984,30292993,9,2025-02-25 00:48:34.121873,2025-02-25 00:48:46.516500,12.394627
channel-326,537799,30292985,30293010,25,2025-02-25 00:48:35.314611,2025-02-25 00:49:11.609252,36.294641
channel-2494,31928,30292985,30292994,9,2025-02-25 00:48:35.314611,2025-02-25 00:48:47.642753,12.328142
channel-320,119192,30293008,30293037,29,2025-02-25 00:49:06.044379,2025-02-25 00:49:44.538523,38.494144
channel-75016,4646,30293029,30293052,23,2025-02-25 00:49:35.347151,2025-02-25 00:50:04.749989,29.402838
channel-874,293059,30293037,30293045,8,2025-02-25 00:49:44.538523,2025-02-25 00:49:53.890943,9.35242
channel-6787,166695,30293042,30293046,4,2025-02-25 00:49:50.339173,2025-02-25 00:49:56.293406,5.954233
channel-0,4038409,30293047,30293057,10,2025-02-25 00:49:57.501795,2025-02-25 00:50:12.417699,14.915904
channel-251,85223,30293063,30293075,12,2025-02-25 00:50:20.314099,2025-02-25 00:50:35.509883,15.195784
channel-750,682665,30293066,30293077,11,2025-02-25 00:50:25.151427,2025-02-25 00:50:37.703585,12.552158
channel-208,1490107,30293073,30293081,8,2025-02-25 00:50:33.319224,2025-02-25 00:50:47.437917,14.118693
channel-75016,4647,30293073,30293092,19,2025-02-25 00:50:33.319224,2025-02-25 00:51:01.173589,27.854365
channel-208,1490108,30293073,30293081,8,2025-02-25 00:50:33.319224,2025-02-25 00:50:47.437917,14.118693
channel-874,293060,30293077,30293082,5,2025-02-25 00:50:37.703585,2025-02-25 00:50:48.694222,10.990637
channel-75016,4648,30293077,30293098,21,2025-02-25 00:50:37.703585,2025-02-25 00:51:10.336079,32.632494
channel-89321,19447,30293087,30293098,11,2025-02-25 00:50:54.963642,2025-02-25 00:51:10.336079,15.372437
channel-750,682666,30293087,30293097,10,2025-02-25 00:50:54.963642,2025-02-25 00:51:09.197760,14.234118
channel-750,682667,30293088,30293102,14,2025-02-25 00:50:56.262354,2025-02-25 00:51:15.243525,18.981171
channel-19774,345951,30293094,30293106,12,2025-02-25 00:51:04.533135,2025-02-25 00:51:21.327633,16.794498
channel-75016,4649,30293101,30293123,22,2025-02-25 00:51:14.074803,2025-02-25 00:51:42.483209,28.408406
channel-874,293061,30293110,30293116,6,2025-02-25 00:51:25.962005,2025-02-25 00:51:32.983721,7.021716
channel-208,1490109,30293130,30293141,11,2025-02-25 00:51:50.633320,2025-02-25 00:52:03.426677,12.793357
channel-19774,345952,30293131,30293142,11,2025-02-25 00:51:51.750722,2025-02-25 00:52:04.600332,12.84961
channel-320,119193,30293133,30293158,25,2025-02-25 00:51:54.074050,2025-02-25 00:52:24.887890,30.81384
channel-0,4038410,30293140,30293148,8,2025-02-25 00:52:02.266628,2025-02-25 00:52:12.541557,10.274929
channel-874,293062,30293152,30293159,7,2025-02-25 00:52:18.032853,2025-02-25 00:52:26.029498,7.996645
channel-19774,345953,30293169,30293180,11,2025-02-25 00:52:41.799376,2025-02-25 00:52:54.965277,13.165901
channel-0,4038411,30293182,30293195,13,2025-02-25 00:52:57.830157,2025-02-25 00:53:15.452552,17.622395
channel-115,20388,30293190,30293202,12,2025-02-25 00:53:09.507950,2025-02-25 00:53:23.522968,14.015018
channel-750,682668,30293191,30293206,15,2025-02-25 00:53:10.618822,2025-02-25 00:53:29.372279,18.753457
channel-6994,1324499,30293195,30293207,12,2025-02-25 00:53:15.452552,2025-02-25 00:53:30.596926,15.144374
channel-750,682669,30293200,30293210,10,2025-02-25 00:53:21.113660,2025-02-25 00:53:34.184230,13.07057
channel-750,682670,30293204,30293216,12,2025-02-25 00:53:26.766704,2025-02-25 00:53:45.175407,18.408703
channel-85077,60086,30293210,30293230,20,2025-02-25 00:53:34.184230,2025-02-25 00:54:02.763822,28.579592
channel-1411,1989,30293212,30293222,10,2025-02-25 00:53:39.731211,2025-02-25 00:53:53.505261,13.77405
channel-874,293063,30293226,30293236,10,2025-02-25 00:53:58.125441,2025-02-25 00:54:09.645443,11.520002
channel-874,293064,30293260,30293271,11,2025-02-25 00:54:44.566334,2025-02-25 00:54:57.358389,12.792055
channel-750,682671,30293264,30293274,10,2025-02-25 00:54:49.319601,2025-02-25 00:55:01.831803,12.512202
channel-208,1490110,30293265,30293278,13,2025-02-25 00:54:50.469689,2025-02-25 00:55:06.513314,16.043625
channel-208,1490111,30293266,30293278,12,2025-02-25 00:54:51.614155,2025-02-25 00:55:06.513314,14.899159
channel-750,682672,30293269,30293274,5,2025-02-25 00:54:55.121997,2025-02-25 00:55:01.831803,6.709806
channel-782,310187,30293269,30293274,5,2025-02-25 00:54:55.121997,2025-02-25 00:55:01.831803,6.709806
channel-6994,1324500,30293270,30293282,12,2025-02-25 00:54:56.218928,2025-02-25 00:55:11.281572,15.062644
channel-89298,18658,30293288,30293298,10,2025-02-25 00:55:20.112974,2025-02-25 00:55:31.735505,11.622531
channel-208,1490112,30293293,30293306,13,2025-02-25 00:55:25.840882,2025-02-25 00:55:41.995150,16.154268
channel-85077,60087,30293306,30293315,9,2025-02-25 00:55:41.995150,2025-02-25 00:55:54.311764,12.316614
channel-874,293065,30293309,30293314,5,2025-02-25 00:55:45.354965,2025-02-25 00:55:53.052974,7.698009
channel-782,310188,30293328,30293334,6,2025-02-25 00:56:10.366582,2025-02-25 00:56:19.920743,9.554161
channel-750,682673,30293335,30293348,13,2025-02-25 00:56:20.988119,2025-02-25 00:56:38.500607,17.512488
channel-85077,60088,30293340,30293349,9,2025-02-25 00:56:28.548960,2025-02-25 00:56:39.691642,11.142682
channel-38946,124160,30293343,30293361,18,2025-02-25 00:56:32.029605,2025-02-25 00:56:53.913596,21.883991
channel-750,682674,30293361,30293375,14,2025-02-25 00:56:53.913596,2025-02-25 00:57:12.173192,18.259596
channel-750,682675,30293361,30293366,5,2025-02-25 00:56:53.913596,2025-02-25 00:56:59.481415,5.567819
channel-89298,18659,30293363,30293372,9,2025-02-25 00:56:56.087262,2025-02-25 00:57:06.490857,10.403595
channel-208,1490113,30293372,30293381,9,2025-02-25 00:57:06.490857,2025-02-25 00:57:20.210630,13.719773
channel-326,537800,30293373,30293380,7,2025-02-25 00:57:08.810965,2025-02-25 00:57:18.890648,10.079683
channel-750,682676,30293373,30293387,14,2025-02-25 00:57:08.810965,2025-02-25 00:57:28.878319,20.067354
channel-750,682677,30293374,30293384,10,2025-02-25 00:57:10.913265,2025-02-25 00:57:25.389251,14.475986
channel-115,20389,30293380,30293387,7,2025-02-25 00:57:18.890648,2025-02-25 00:57:28.878319,9.987671
channel-874,293066,30293382,30293388,6,2025-02-25 00:57:21.950526,2025-02-25 00:57:30.070569,8.120043
channel-782,310189,30293385,30293392,7,2025-02-25 00:57:26.548941,2025-02-25 00:57:34.694656,8.145715
channel-208,1490114,30293386,30293399,13,2025-02-25 00:57:27.694192,2025-02-25 00:57:42.816254,15.122062
channel-2,130627,30293404,30293411,7,2025-02-25 00:57:48.530252,2025-02-25 00:57:59.546010,11.015758
channel-19774,345954,30293407,30293414,7,2025-02-25 00:57:53.112747,2025-02-25 00:58:04.535879,11.423132
channel-184,137413,30293409,30293416,7,2025-02-25 00:57:56.907980,2025-02-25 00:58:06.845276,9.937296
channel-874,293067,30293411,30293416,5,2025-02-25 00:57:59.546010,2025-02-25 00:58:06.845276,7.299266
channel-122,667998,30293416,30293422,6,2025-02-25 00:58:06.845276,2025-02-25 00:58:17.073233,10.227957
channel-259,314293,30293417,30293422,5,2025-02-25 00:58:11.292535,2025-02-25 00:58:17.073233,5.780698
channel-750,682678,30293421,30293425,4,2025-02-25 00:58:15.858440,2025-02-25 00:58:22.709587,6.851147
channel-2,130628,30293426,30293431,5,2025-02-25 00:58:23.920531,2025-02-25 00:58:30.363312,6.442781
channel-2188,43658,30293431,30293435,4,2025-02-25 00:58:30.363312,2025-02-25 00:58:39.763651,9.400339
channel-750,682679,30293438,30293449,11,2025-02-25 00:58:44.218556,2025-02-25 00:58:57.231442,13.012886
channel-0,4038412,30293442,30293453,11,2025-02-25 00:58:49.003434,2025-02-25 00:59:02.171166,13.167732
channel-874,293068,30293447,30293459,12,2025-02-25 00:58:54.993140,2025-02-25 00:59:09.265610,14.27247
channel-412,64553,30293456,30293479,23,2025-02-25 00:59:05.622432,2025-02-25 00:59:32.619784,26.997352
channel-0,4038413,30293464,30293474,10,2025-02-25 00:59:15.092307,2025-02-25 00:59:26.848638,11.756331
channel-326,537801,30293499,30293527,28,2025-02-25 00:59:59.587220,2025-02-25 01:00:39.202049,39.614829
channel-750,682680,30293511,30293516,5,2025-02-25 01:00:18.188530,2025-02-25 01:00:24.081936,5.893406
channel-0,4038414,30293513,30293536,23,2025-02-25 01:00:20.636907,2025-02-25 01:00:50.840820,30.203913
channel-1,408357,30293517,30293536,19,2025-02-25 01:00:26.220074,2025-02-25 01:00:50.840820,24.620746
channel-874,293069,30293520,30293526,6,2025-02-25 01:00:30.858571,2025-02-25 01:00:37.915262,7.056691
channel-6787,166696,30293529,30293535,6,2025-02-25 01:00:42.666757,2025-02-25 01:00:49.717700,7.050943
channel-326,537802,30293534,30293542,8,2025-02-25 01:00:48.514998,2025-02-25 01:00:59.377526,10.862528
channel-5,184289,30293544,30293552,8,2025-02-25 01:01:01.782915,2025-02-25 01:01:12.634321,10.851406
channel-326,537803,30293575,30293586,11,2025-02-25 01:01:41.753013,2025-02-25 01:01:55.047942,13.294929
channel-874,293070,30293580,30293585,5,2025-02-25 01:01:47.925725,2025-02-25 01:01:53.724500,5.798775
channel-208,1490115,30293583,30293592,9,2025-02-25 01:01:51.435204,2025-02-25 01:02:03.366093,11.930889
channel-229,55025,30293587,30293594,7,2025-02-25 01:01:56.332666,2025-02-25 01:02:07.181562,10.848896
channel-0,4038415,30293587,30293598,11,2025-02-25 01:01:56.332666,2025-02-25 01:02:12.382850,16.050184
channel-208,1490116,30293594,30293605,11,2025-02-25 01:02:07.181562,2025-02-25 01:02:21.227045,14.045483
channel-750,682681,30293602,30293609,7,2025-02-25 01:02:17.897310,2025-02-25 01:02:25.888748,7.991438
channel-0,4038416,30293606,30293618,12,2025-02-25 01:02:22.366187,2025-02-25 01:02:36.899719,14.533532
channel-21113,25328,30293607,30293614,7,2025-02-25 01:02:23.546232,2025-02-25 01:02:32.178482,8.63225
channel-115,20390,30293607,30293620,13,2025-02-25 01:02:23.546232,2025-02-25 01:02:39.402987,15.856755
channel-874,293071,30293618,30293623,5,2025-02-25 01:02:36.899719,2025-02-25 01:02:42.874174,5.974455
channel-874,293072,30293622,30293626,4,2025-02-25 01:02:41.745187,2025-02-25 01:02:48.469384,6.724197
channel-208,1490117,30293624,30293630,6,2025-02-25 01:02:44.980917,2025-02-25 01:02:56.334679,11.353762
channel-6994,1324501,30293625,30293651,26,2025-02-25 01:02:46.065707,2025-02-25 01:03:23.516430,37.450723
channel-1,408358,30293627,30293645,18,2025-02-25 01:02:52.886476,2025-02-25 01:03:15.494944,22.608468
channel-326,537804,30293630,30293644,14,2025-02-25 01:02:56.334679,2025-02-25 01:03:13.823935,17.489256
channel-326,537805,30293637,30293650,13,2025-02-25 01:03:06.010812,2025-02-25 01:03:22.246379,16.235567
channel-874,293073,30293644,30293649,5,2025-02-25 01:03:13.823935,2025-02-25 01:03:20.755460,6.931525
channel-148,16087,30293646,30293655,9,2025-02-25 01:03:16.628962,2025-02-25 01:03:28.147222,11.51826
channel-0,4038417,30293647,30293671,24,2025-02-25 01:03:17.697696,2025-02-25 01:03:47.073359,29.375663
channel-85077,60089,30293648,30293658,10,2025-02-25 01:03:18.968547,2025-02-25 01:03:31.679188,12.710641
channel-750,682682,30293650,30293655,5,2025-02-25 01:03:22.246379,2025-02-25 01:03:28.147222,5.900843
channel-85077,60090,30293652,30293661,9,2025-02-25 01:03:24.743852,2025-02-25 01:03:35.202782,10.45893
channel-750,682683,30293665,30293681,16,2025-02-25 01:03:39.855930,2025-02-25 01:04:01.586242,21.730312
channel-85077,60091,30293668,30293675,7,2025-02-25 01:03:43.188887,2025-02-25 01:03:53.055368,9.866481
channel-6994,1324502,30293678,30293687,9,2025-02-25 01:03:56.942245,2025-02-25 01:04:11.043233,14.100988
channel-874,293074,30293698,30293706,8,2025-02-25 01:04:24.249856,2025-02-25 01:04:34.556363,10.306507
channel-208,1490118,30293711,30293721,10,2025-02-25 01:04:40.482361,2025-02-25 01:04:52.625008,12.142647
channel-181,13587,30293711,30293722,11,2025-02-25 01:04:40.482361,2025-02-25 01:04:53.808656,13.326295
channel-412,64554,30293722,30293735,13,2025-02-25 01:04:53.808656,2025-02-25 01:05:10.458809,16.650153
channel-750,682684,30293723,30293727,4,2025-02-25 01:04:56.207458,2025-02-25 01:05:00.832197,4.624739
channel-750,682685,30293726,30293742,16,2025-02-25 01:04:59.697154,2025-02-25 01:05:19.887044,20.18989
channel-6994,1324503,30293726,30293736,10,2025-02-25 01:04:59.697154,2025-02-25 01:05:11.736495,12.039341
channel-0,4038418,30293728,30293745,17,2025-02-25 01:05:02.004109,2025-02-25 01:05:24.960546,22.956437
channel-750,682686,30293739,30293754,15,2025-02-25 01:05:16.304374,2025-02-25 01:05:36.177019,19.872645
channel-0,4038419,30293744,30293764,20,2025-02-25 01:05:22.664391,2025-02-25 01:05:49.051840,26.387449
channel-204,670794,30293747,30305003,11256,2025-02-25 01:05:27.362025,2025-02-25 05:13:50.321004,14902.958979
channel-0,4038420,30293758,30293767,9,2025-02-25 01:05:41.853746,2025-02-25 01:05:55.929770,14.076024
channel-208,1490119,30293759,30293768,9,2025-02-25 01:05:42.955168,2025-02-25 01:05:57.171311,14.216143
channel-181,13588,30293761,30293768,7,2025-02-25 01:05:45.237877,2025-02-25 01:05:57.171311,11.933434
channel-750,682687,30293769,30293774,5,2025-02-25 01:05:58.196619,2025-02-25 01:06:05.199528,7.002909
channel-750,682688,30293770,30293775,5,2025-02-25 01:06:00.484142,2025-02-25 01:06:06.445505,5.961363
channel-5,184290,30293774,30293783,9,2025-02-25 01:06:05.199528,2025-02-25 01:06:16.256651,11.057123
channel-208,1490120,30293776,30293786,10,2025-02-25 01:06:07.559785,2025-02-25 01:06:20.740599,13.180814
channel-2694,3286,30293776,30293785,9,2025-02-25 01:06:07.559785,2025-02-25 01:06:19.626732,12.066947
channel-750,682689,30293782,30293795,13,2025-02-25 01:06:14.985351,2025-02-25 01:06:31.106283,16.120932
channel-251,85224,30293783,30293794,11,2025-02-25 01:06:16.256651,2025-02-25 01:06:30.006592,13.749941
channel-750,682690,30293783,30293825,42,2025-02-25 01:06:16.256651,2025-02-25 01:07:10.554400,54.297749
channel-38946,124161,30293783,30293807,24,2025-02-25 01:06:16.256651,2025-02-25 01:06:46.175305,29.918654
channel-208,1490121,30293786,30293796,10,2025-02-25 01:06:20.740599,2025-02-25 01:06:32.227518,11.486919
channel-6994,1324504,30293790,30293803,13,2025-02-25 01:06:25.296760,2025-02-25 01:06:40.373806,15.077046
channel-1,408359,30293792,30293806,14,2025-02-25 01:06:27.721894,2025-02-25 01:06:44.023560,16.301666
channel-208,1490122,30293811,30293822,11,2025-02-25 01:06:51.371570,2025-02-25 01:07:06.388145,15.016575
channel-750,682691,30293818,30293842,24,2025-02-25 01:07:00.525892,2025-02-25 01:07:34.430344,33.904452
channel-6994,1324505,30293821,30293828,7,2025-02-25 01:07:05.210600,2025-02-25 01:07:17.265847,12.055247
channel-38946,124162,30293823,30293835,12,2025-02-25 01:07:08.230391,2025-02-25 01:07:25.444881,17.21449
channel-782,310190,30293824,30293829,5,2025-02-25 01:07:09.458446,2025-02-25 01:07:18.441450,8.983004
channel-208,1490123,30293845,30293855,10,2025-02-25 01:07:38.389335,2025-02-25 01:07:51.080175,12.69084
channel-38946,124163,30293869,30293884,15,2025-02-25 01:08:12.869115,2025-02-25 01:08:32.163355,19.29424
channel-1,408360,30293898,30293908,10,2025-02-25 01:08:50.269513,2025-02-25 01:09:02.290339,12.020826
channel-750,682692,30293900,30293906,6,2025-02-25 01:08:52.447584,2025-02-25 01:09:00.044948,7.597364
channel-874,293075,30293903,30293912,9,2025-02-25 01:08:56.100277,2025-02-25 01:09:07.301328,11.201051
channel-38946,124164,30293906,30293917,11,2025-02-25 01:09:00.044948,2025-02-25 01:09:15.852131,15.807183
channel-208,1490124,30293906,30293917,11,2025-02-25 01:09:00.044948,2025-02-25 01:09:15.852131,15.807183
channel-6994,1324506,30293907,30293948,41,2025-02-25 01:09:01.194789,2025-02-25 01:09:59.647970,58.453181
channel-38946,124165,30293912,30293927,15,2025-02-25 01:09:07.301328,2025-02-25 01:09:28.479916,21.178588
channel-0,4038421,30293915,30293936,21,2025-02-25 01:09:10.883117,2025-02-25 01:09:40.549247,29.66613
channel-0,4038422,30293916,30293938,22,2025-02-25 01:09:13.245391,2025-02-25 01:09:47.322189,34.076798
channel-2188,43659,30293917,30293922,5,2025-02-25 01:09:15.852131,2025-02-25 01:09:22.688437,6.836306
channel-874,293076,30293917,30293937,20,2025-02-25 01:09:15.852131,2025-02-25 01:09:41.734661,25.88253
channel-208,1490125,30293918,30293931,13,2025-02-25 01:09:18.069514,2025-02-25 01:09:33.812680,15.743166
channel-38946,124166,30293920,30293936,16,2025-02-25 01:09:20.422515,2025-02-25 01:09:40.549247,20.126732
channel-412,64555,30293927,30293937,10,2025-02-25 01:09:28.479916,2025-02-25 01:09:41.734661,13.254745
channel-874,293077,30293930,30293937,7,2025-02-25 01:09:32.580171,2025-02-25 01:09:41.734661,9.15449
channel-412,64556,30293931,30293938,7,2025-02-25 01:09:33.812680,2025-02-25 01:09:47.322189,13.509509
channel-0,4038423,30293933,30293943,10,2025-02-25 01:09:36.198486,2025-02-25 01:09:53.805961,17.607475
channel-1,408361,30293940,30293975,35,2025-02-25 01:09:49.719996,2025-02-25 01:10:34.342746,44.62275
channel-1,408362,30293941,30293975,34,2025-02-25 01:09:51.427847,2025-02-25 01:10:34.342746,42.914899
channel-38946,124167,30293943,30293964,21,2025-02-25 01:09:53.805961,2025-02-25 01:10:19.224774,25.418813
channel-0,4038424,30293951,30293961,10,2025-02-25 01:10:03.011140,2025-02-25 01:10:15.845636,12.834496
channel-38946,124168,30293956,30293967,11,2025-02-25 01:10:10.033811,2025-02-25 01:10:24.002409,13.968598
channel-21113,25329,30293957,30293965,8,2025-02-25 01:10:11.235161,2025-02-25 01:10:21.547158,10.311997
channel-750,682693,30293963,30293982,19,2025-02-25 01:10:18.117183,2025-02-25 01:10:42.532545,24.415362
channel-38946,124169,30293968,30293985,17,2025-02-25 01:10:25.265552,2025-02-25 01:10:47.375551,22.109999
channel-6994,1324507,30293968,30294018,50,2025-02-25 01:10:25.265552,2025-02-25 01:11:30.617450,65.351898
channel-0,4038425,30293968,30293978,10,2025-02-25 01:10:25.265552,2025-02-25 01:10:37.777335,12.511783
channel-122,667999,30293971,30293976,5,2025-02-25 01:10:28.808535,2025-02-25 01:10:35.526338,6.717803
channel-750,682694,30293971,30293975,4,2025-02-25 01:10:28.808535,2025-02-25 01:10:34.342746,5.534211
channel-0,4038426,30293974,30293999,25,2025-02-25 01:10:33.117269,2025-02-25 01:11:05.800989,32.68372
channel-91017,2835,30293974,30293983,9,2025-02-25 01:10:33.117269,2025-02-25 01:10:43.864806,10.747537
channel-38946,124170,30293978,30338275,44297,2025-02-25 01:10:37.777335,2025-02-25 17:23:53.439155,58395.66182
channel-208,1490126,30293978,30293987,9,2025-02-25 01:10:37.777335,2025-02-25 01:10:49.852396,12.075061
channel-42,1489997,30293980,30293989,9,2025-02-25 01:10:40.145006,2025-02-25 01:10:52.257784,12.112778
channel-0,4038427,30293994,30294004,10,2025-02-25 01:10:57.994200,2025-02-25 01:11:11.757071,13.762871
channel-208,1490127,30293995,30294005,10,2025-02-25 01:10:59.161002,2025-02-25 01:11:13.484029,14.323027
channel-0,4038428,30293996,30294004,8,2025-02-25 01:11:01.235239,2025-02-25 01:11:11.757071,10.521832
channel-38946,124171,30293998,30299174,5176,2025-02-25 01:11:03.567803,2025-02-25 03:05:56.302595,6892.734792
channel-1,408363,30294016,30294024,8,2025-02-25 01:11:28.348671,2025-02-25 01:11:38.658423,10.309752
channel-208,1490128,30294019,30294028,9,2025-02-25 01:11:31.858731,2025-02-25 01:11:45.175697,13.316966
channel-0,4038429,30294023,30294046,23,2025-02-25 01:11:37.456104,2025-02-25 01:12:09.801392,32.345288
channel-38946,124172,30294024,30294037,13,2025-02-25 01:11:38.658423,2025-02-25 01:11:58.616655,19.958232
channel-874,293078,30294025,30294039,14,2025-02-25 01:11:41.438984,2025-02-25 01:12:01.489470,20.050486
channel-783,104233,30294026,30294031,5,2025-02-25 01:11:42.593927,2025-02-25 01:11:51.703562,9.109635
channel-874,293079,30294026,30294029,3,2025-02-25 01:11:42.593927,2025-02-25 01:11:49.518762,6.924835
channel-0,4038430,30294028,30294052,24,2025-02-25 01:11:45.175697,2025-02-25 01:12:17.828007,32.65231
channel-6994,1324508,30294028,30294038,10,2025-02-25 01:11:45.175697,2025-02-25 01:11:59.739736,14.564039
channel-38946,124173,30294029,30294059,30,2025-02-25 01:11:49.518762,2025-02-25 01:12:27.104102,37.58534
channel-750,682695,30294030,30294035,5,2025-02-25 01:11:50.557265,2025-02-25 01:11:56.333921,5.776656
channel-0,4038431,30294031,30294056,25,2025-02-25 01:11:51.703562,2025-02-25 01:12:22.420744,30.717182
channel-188,190569,30294031,30294075,44,2025-02-25 01:11:51.703562,2025-02-25 01:12:47.054564,55.351002
channel-750,682696,30294033,30294047,14,2025-02-25 01:11:53.994360,2025-02-25 01:12:10.962807,16.968447
channel-6994,1324509,30294034,30294073,39,2025-02-25 01:11:55.116121,2025-02-25 01:12:44.234981,49.11886
channel-184,137414,30294037,30294049,12,2025-02-25 01:11:58.616655,2025-02-25 01:12:13.217813,14.601158
channel-89321,19448,30294040,30294051,11,2025-02-25 01:12:02.670459,2025-02-25 01:12:15.638349,12.96789
channel-115,20391,30294040,30294051,11,2025-02-25 01:12:02.670459,2025-02-25 01:12:15.638349,12.96789
channel-0,4038432,30294041,30294052,11,2025-02-25 01:12:03.792286,2025-02-25 01:12:17.828007,14.035721
channel-0,4038433,30294044,30294056,12,2025-02-25 01:12:07.508137,2025-02-25 01:12:22.420744,14.912607
channel-38946,124174,30294052,30294077,25,2025-02-25 01:12:17.828007,2025-02-25 01:12:49.499016,31.671009
channel-1429,140715,30294059,30294071,12,2025-02-25 01:12:27.104102,2025-02-25 01:12:41.916298,14.812196
channel-98451,37,30294062,30294079,17,2025-02-25 01:12:31.494456,2025-02-25 01:12:51.903335,20.408879
channel-88,467109,30294062,30294076,14,2025-02-25 01:12:31.494456,2025-02-25 01:12:48.156077,16.661621
channel-42,1489998,30294064,30294089,25,2025-02-25 01:12:33.790438,2025-02-25 01:13:04.202684,30.412246
channel-91017,2836,30294068,30294079,11,2025-02-25 01:12:38.506642,2025-02-25 01:12:51.903335,13.396693
channel-326,537806,30294075,30294093,18,2025-02-25 01:12:47.054564,2025-02-25 01:13:08.825548,21.770984
channel-199,132727,30294077,30294086,9,2025-02-25 01:12:49.499016,2025-02-25 01:13:00.658978,11.159962
channel-783,104234,30294082,30294088,6,2025-02-25 01:12:55.505266,2025-02-25 01:13:03.107296,7.60203
channel-0,4038434,30294082,30294095,13,2025-02-25 01:12:55.505266,2025-02-25 01:13:11.519041,16.013775
channel-750,682697,30294083,30294087,4,2025-02-25 01:12:56.637811,2025-02-25 01:13:01.907054,5.269243
channel-38946,124176,30294083,30338280,44197,2025-02-25 01:12:56.637811,2025-02-25 17:23:59.995483,58263.357672
channel-184,137415,30294086,30294098,12,2025-02-25 01:13:00.658978,2025-02-25 01:13:15.139713,14.480735
channel-6994,1324510,30294100,30294146,46,2025-02-25 01:13:17.517891,2025-02-25 01:14:21.222410,63.704519
channel-0,4038435,30294103,30294123,20,2025-02-25 01:13:20.903642,2025-02-25 01:13:50.752179,29.848537
channel-0,4038436,30294104,30294112,8,2025-02-25 01:13:22.233692,2025-02-25 01:13:33.568633,11.334941
channel-412,64557,30294117,30294125,8,2025-02-25 01:13:43.677576,2025-02-25 01:13:53.990444,10.312868
channel-750,682698,30294118,30294123,5,2025-02-25 01:13:44.883713,2025-02-25 01:13:50.752179,5.868466
channel-783,104235,30294118,30294124,6,2025-02-25 01:13:44.883713,2025-02-25 01:13:52.876568,7.992855
channel-208,1490129,30294123,30294134,11,2025-02-25 01:13:50.752179,2025-02-25 01:14:06.072296,15.320117
channel-199,132728,30294133,30294142,9,2025-02-25 01:14:04.933310,2025-02-25 01:14:16.671259,11.737949
channel-412,64558,30294137,30294148,11,2025-02-25 01:14:10.481824,2025-02-25 01:14:23.770263,13.288439
channel-38946,124177,30294140,30294157,17,2025-02-25 01:14:14.387314,2025-02-25 01:14:35.350268,20.962954
channel-750,682699,30294141,30294146,5,2025-02-25 01:14:15.532144,2025-02-25 01:14:21.222410,5.690266
channel-1,408364,30294146,30294168,22,2025-02-25 01:14:21.222410,2025-02-25 01:14:50.470692,29.248282
channel-38946,124178,30294153,30294169,16,2025-02-25 01:14:30.834384,2025-02-25 01:14:51.585483,20.751099
channel-6994,1324511,30294160,30294201,41,2025-02-25 01:14:40.173234,2025-02-25 01:15:30.973777,50.800543
channel-38946,124179,30294172,30294192,20,2025-02-25 01:14:55.472716,2025-02-25 01:15:20.101852,24.629136
channel-0,4038437,30294177,30294186,9,2025-02-25 01:15:01.197124,2025-02-25 01:15:12.108840,10.911716
channel-874,293080,30294181,30294186,5,2025-02-25 01:15:05.952124,2025-02-25 01:15:12.108840,6.156716
channel-38946,124180,30294181,30294208,27,2025-02-25 01:15:05.952124,2025-02-25 01:15:42.828695,36.876571
channel-750,682700,30294192,30294204,12,2025-02-25 01:15:20.101852,2025-02-25 01:15:36.342315,16.240463
channel-38946,124181,30294192,30294201,9,2025-02-25 01:15:20.101852,2025-02-25 01:15:30.973777,10.871925
channel-412,64559,30294196,30294205,9,2025-02-25 01:15:24.998916,2025-02-25 01:15:37.488305,12.489389
channel-750,682701,30294198,30294209,11,2025-02-25 01:15:27.263965,2025-02-25 01:15:44.032939,16.768974
channel-412,64560,30294204,30294214,10,2025-02-25 01:15:36.342315,2025-02-25 01:15:50.116771,13.774456
channel-750,682702,30294207,30294221,14,2025-02-25 01:15:40.387513,2025-02-25 01:15:58.760975,18.373462
channel-0,4038438,30294224,30294238,14,2025-02-25 01:16:02.086010,2025-02-25 01:16:18.064001,15.977991
channel-2186,40782,30294224,30294238,14,2025-02-25 01:16:02.086010,2025-02-25 01:16:18.064001,15.977991
channel-38946,124182,30294229,30294244,15,2025-02-25 01:16:07.651155,2025-02-25 01:16:27.537213,19.886058
channel-0,4038439,30294240,30294250,10,2025-02-25 01:16:20.816549,2025-02-25 01:16:35.561865,14.745316
channel-750,682703,30294243,30294248,5,2025-02-25 01:16:26.359098,2025-02-25 01:16:32.191880,5.832782
channel-0,4038440,30294245,30294253,8,2025-02-25 01:16:28.628453,2025-02-25 01:16:42.072614,13.444161
channel-208,1490130,30294246,30294253,7,2025-02-25 01:16:29.917701,2025-02-25 01:16:42.072614,12.154913
channel-85077,60092,30294247,30294253,6,2025-02-25 01:16:31.070293,2025-02-25 01:16:42.072614,11.002321
channel-208,1490131,30294260,30294272,12,2025-02-25 01:16:51.493407,2025-02-25 01:17:07.321841,15.828434
channel-85077,60093,30294264,30294272,8,2025-02-25 01:16:56.011562,2025-02-25 01:17:07.321841,11.310279
channel-0,4038441,30294268,30294276,8,2025-02-25 01:17:01.181183,2025-02-25 01:17:11.963002,10.781819
channel-750,682704,30294278,30294289,11,2025-02-25 01:17:14.327032,2025-02-25 01:17:28.343024,14.015992
channel-1,408365,30294282,30294291,9,2025-02-25 01:17:18.934891,2025-02-25 01:17:30.652969,11.718078
channel-326,537807,30294287,30294302,15,2025-02-25 01:17:26.179955,2025-02-25 01:17:45.751437,19.571482
channel-750,682705,30294290,30294301,11,2025-02-25 01:17:29.507272,2025-02-25 01:17:43.440974,13.933702
channel-783,104236,30294292,30294300,8,2025-02-25 01:17:31.849093,2025-02-25 01:17:42.328225,10.479132
channel-0,4038442,30294299,30294307,8,2025-02-25 01:17:40.016159,2025-02-25 01:17:51.931934,11.915775
channel-89321,19449,30294312,30294322,10,2025-02-25 01:17:58.323724,2025-02-25 01:18:11.034638,12.710914
channel-750,682706,30294317,30294328,11,2025-02-25 01:18:05.075063,2025-02-25 01:18:18.341349,13.266286
channel-208,1490132,30294334,30294345,11,2025-02-25 01:18:25.464169,2025-02-25 01:18:38.295578,12.831409
channel-0,4038443,30294346,30294360,14,2025-02-25 01:18:39.438196,2025-02-25 01:18:58.274199,18.836003
channel-6994,1324512,30294348,30294357,9,2025-02-25 01:18:41.804869,2025-02-25 01:18:54.861909,13.05704
channel-874,293081,30294350,30294358,8,2025-02-25 01:18:44.939277,2025-02-25 01:18:56.058950,11.119673
channel-0,4038444,30294379,30294389,10,2025-02-25 01:19:28.530335,2025-02-25 01:19:40.152362,11.622027
channel-6994,1324513,30294464,30294474,10,2025-02-25 01:21:17.595460,2025-02-25 01:21:35.940601,18.345141
channel-113,301328,30294467,30294482,15,2025-02-25 01:21:25.283072,2025-02-25 01:21:45.579471,20.296399
channel-115,20392,30294470,30294479,9,2025-02-25 01:21:30.330294,2025-02-25 01:21:42.123649,11.793355
channel-0,4038445,30294473,30294485,12,2025-02-25 01:21:33.804395,2025-02-25 01:21:49.097956,15.293561
channel-412,64561,30294474,30294483,9,2025-02-25 01:21:35.940601,2025-02-25 01:21:46.788840,10.848239
channel-113,301329,30294485,30294508,23,2025-02-25 01:21:49.097956,2025-02-25 01:22:20.606632,31.508676
channel-6994,1324514,30294504,30294515,11,2025-02-25 01:22:16.114980,2025-02-25 01:22:28.703944,12.588964
channel-0,4038446,30294516,30294529,13,2025-02-25 01:22:29.838308,2025-02-25 01:22:45.319293,15.480985
channel-208,1490133,30294520,30294532,12,2025-02-25 01:22:34.599453,2025-02-25 01:22:48.731942,14.132489
channel-1,408366,30294520,30294530,10,2025-02-25 01:22:34.599453,2025-02-25 01:22:46.490175,11.890722
channel-251,85225,30294522,30294532,10,2025-02-25 01:22:36.972618,2025-02-25 01:22:48.731942,11.759324
channel-88,467110,30294523,30294537,14,2025-02-25 01:22:38.325035,2025-02-25 01:22:55.089313,16.764278
channel-783,104237,30294531,30294537,6,2025-02-25 01:22:47.636652,2025-02-25 01:22:55.089313,7.452661
channel-782,310191,30294538,30294546,8,2025-02-25 01:22:56.237077,2025-02-25 01:23:06.540213,10.303136
channel-750,682707,30294540,30294548,8,2025-02-25 01:22:58.405885,2025-02-25 01:23:09.173079,10.767194
channel-85077,60094,30294540,30294548,8,2025-02-25 01:22:58.405885,2025-02-25 01:23:09.173079,10.767194
channel-6994,1324515,30294542,30294550,8,2025-02-25 01:23:00.825499,2025-02-25 01:23:16.250676,15.425177
channel-208,1490134,30294545,30294552,7,2025-02-25 01:23:05.375607,2025-02-25 01:23:18.586215,13.210608
channel-171,7590,30294547,30294555,8,2025-02-25 01:23:07.969266,2025-02-25 01:23:22.293462,14.324196
channel-6994,1324516,30294552,30294565,13,2025-02-25 01:23:18.586215,2025-02-25 01:23:35.030737,16.444522
channel-750,682708,30294566,30294570,4,2025-02-25 01:23:36.267222,2025-02-25 01:23:42.492211,6.224989
channel-208,1490135,30294568,30294581,13,2025-02-25 01:23:38.530001,2025-02-25 01:23:54.922002,16.392001
channel-750,682709,30294569,30294580,11,2025-02-25 01:23:40.312276,2025-02-25 01:23:53.852494,13.540218
channel-0,4038447,30294576,30294586,10,2025-02-25 01:23:49.308443,2025-02-25 01:24:00.844378,11.535935
channel-0,4038448,30294581,30294590,9,2025-02-25 01:23:54.922002,2025-02-25 01:24:05.661337,10.739335
channel-15464,2656,30294581,30294594,13,2025-02-25 01:23:54.922002,2025-02-25 01:24:11.550363,16.628361
channel-208,1490136,30294589,30294598,9,2025-02-25 01:24:04.471455,2025-02-25 01:24:17.117515,12.64606
channel-208,1490137,30294598,30294608,10,2025-02-25 01:24:17.117515,2025-02-25 01:24:29.488055,12.37054
channel-750,682710,30294608,30294613,5,2025-02-25 01:24:29.488055,2025-02-25 01:24:35.418576,5.930521
channel-874,293082,30294612,30294622,10,2025-02-25 01:24:34.353842,2025-02-25 01:24:46.767090,12.413248
channel-6994,1324517,30294612,30294624,12,2025-02-25 01:24:34.353842,2025-02-25 01:24:49.041542,14.6877
channel-412,64562,30294616,30294628,12,2025-02-25 01:24:38.799931,2025-02-25 01:24:54.867783,16.067852
channel-750,682711,30294618,30294624,6,2025-02-25 01:24:42.078910,2025-02-25 01:24:49.041542,6.962632
channel-750,682712,30294621,30294633,12,2025-02-25 01:24:45.644089,2025-02-25 01:25:01.282987,15.638898
channel-42,1489999,30294641,30294649,8,2025-02-25 01:25:13.087309,2025-02-25 01:25:22.714066,9.626757
channel-208,1490138,30294647,30294656,9,2025-02-25 01:25:20.241164,2025-02-25 01:25:34.949151,14.707987
channel-208,1490139,30294648,30294656,8,2025-02-25 01:25:21.471523,2025-02-25 01:25:34.949151,13.477628
channel-0,4038449,30294648,30294655,7,2025-02-25 01:25:21.471523,2025-02-25 01:25:33.403493,11.93197
channel-412,64563,30294652,30294661,9,2025-02-25 01:25:26.248229,2025-02-25 01:25:40.501893,14.253664
channel-1279,67125,30294667,30294683,16,2025-02-25 01:25:48.367340,2025-02-25 01:26:08.974058,20.606718
channel-6994,1324518,30294678,30294688,10,2025-02-25 01:26:01.953756,2025-02-25 01:26:17.605258,15.651502
channel-89321,19450,30294681,30294688,7,2025-02-25 01:26:05.545330,2025-02-25 01:26:17.605258,12.059928
channel-750,682713,30294686,30294695,9,2025-02-25 01:26:13.107053,2025-02-25 01:26:26.966646,13.859593
channel-0,4038450,30294695,30294706,11,2025-02-25 01:26:26.966646,2025-02-25 01:26:41.529206,14.56256
channel-0,4038451,30294704,30294715,11,2025-02-25 01:26:39.217278,2025-02-25 01:26:52.919013,13.701735
channel-750,682714,30294710,30294721,11,2025-02-25 01:26:47.144150,2025-02-25 01:26:59.695402,12.551252
channel-6994,1324519,30294719,30294729,10,2025-02-25 01:26:57.409795,2025-02-25 01:27:10.776411,13.366616
channel-88,467111,30294763,30294777,14,2025-02-25 01:27:52.555443,2025-02-25 01:28:11.433683,18.87824
channel-122,668000,30294763,30294766,3,2025-02-25 01:27:52.555443,2025-02-25 01:27:57.496813,4.94137
channel-750,682715,30294780,30294795,15,2025-02-25 01:28:15.887873,2025-02-25 01:28:34.616730,18.728857
channel-6787,166697,30294784,30294788,4,2025-02-25 01:28:20.634367,2025-02-25 01:28:25.229125,4.594758
channel-412,64564,30294791,30294801,10,2025-02-25 01:28:30.042199,2025-02-25 01:28:41.915763,11.873564
channel-750,682716,30294795,30294800,5,2025-02-25 01:28:34.616730,2025-02-25 01:28:40.111748,5.495018
channel-326,537808,30294800,30294818,18,2025-02-25 01:28:40.111748,2025-02-25 01:29:06.080301,25.968553
channel-6994,1324520,30294801,30294810,9,2025-02-25 01:28:41.915763,2025-02-25 01:28:53.421537,11.505774
channel-750,682717,30294801,30294806,5,2025-02-25 01:28:41.915763,2025-02-25 01:28:48.114408,6.198645
channel-122,668001,30294813,30294816,3,2025-02-25 01:28:58.310114,2025-02-25 01:29:02.865197,4.555083
channel-0,4038452,30294817,30294829,12,2025-02-25 01:29:04.974770,2025-02-25 01:29:19.912727,14.937957
channel-1,408367,30294821,30294832,11,2025-02-25 01:29:09.320679,2025-02-25 01:29:23.660409,14.33973
channel-0,4038453,30294827,30294838,11,2025-02-25 01:29:17.251619,2025-02-25 01:29:32.113427,14.861808
channel-208,1490140,30294843,30294856,13,2025-02-25 01:29:37.838737,2025-02-25 01:29:53.473945,15.635208
channel-251,85226,30294852,30294864,12,2025-02-25 01:29:48.738716,2025-02-25 01:30:03.449102,14.710386
channel-1,408368,30294855,30294881,26,2025-02-25 01:29:52.368974,2025-02-25 01:30:29.590951,37.221977
channel-2494,31929,30294861,30294869,8,2025-02-25 01:29:59.507073,2025-02-25 01:30:12.672192,13.165119
channel-0,4038454,30294862,30294867,5,2025-02-25 01:30:00.688427,2025-02-25 01:30:07.238828,6.550401
channel-258,17754,30294863,30294874,11,2025-02-25 01:30:01.840161,2025-02-25 01:30:18.715588,16.875427
channel-750,682718,30294869,30294875,6,2025-02-25 01:30:12.672192,2025-02-25 01:30:20.830333,8.158141
channel-0,4038455,30294874,30294883,9,2025-02-25 01:30:18.715588,2025-02-25 01:30:31.985794,13.270206
channel-0,4038456,30294875,30294883,8,2025-02-25 01:30:20.830333,2025-02-25 01:30:31.985794,11.155461
channel-1,408369,30294877,30294916,39,2025-02-25 01:30:23.529920,2025-02-25 01:31:17.119954,53.590034
channel-2188,43660,30294881,30294885,4,2025-02-25 01:30:29.590951,2025-02-25 01:30:34.262196,4.671245
channel-122,668002,30294882,30294885,3,2025-02-25 01:30:30.789041,2025-02-25 01:30:34.262196,3.473155
channel-750,682719,30294883,30294887,4,2025-02-25 01:30:31.985794,2025-02-25 01:30:37.480669,5.494875
channel-6994,1324521,30294895,30294905,10,2025-02-25 01:30:49.617265,2025-02-25 01:31:02.020845,12.40358
channel-412,64565,30294908,30294916,8,2025-02-25 01:31:05.590896,2025-02-25 01:31:17.119954,11.529058
channel-750,682720,30294916,30294931,15,2025-02-25 01:31:17.119954,2025-02-25 01:31:37.664835,20.544881
channel-89321,19451,30294917,30294927,10,2025-02-25 01:31:19.362811,2025-02-25 01:31:30.985257,11.622446
channel-0,4038457,30294931,30294944,13,2025-02-25 01:31:37.664835,2025-02-25 01:31:53.667264,16.002429
channel-208,1490141,30294935,30294945,10,2025-02-25 01:31:42.161960,2025-02-25 01:31:55.958472,13.796512
channel-85077,60095,30294936,30294944,8,2025-02-25 01:31:43.256113,2025-02-25 01:31:53.667264,10.411151
channel-2,130629,30294945,30294958,13,2025-02-25 01:31:55.958472,2025-02-25 01:32:11.169365,15.210893
channel-208,1490142,30294953,30294965,12,2025-02-25 01:32:05.150965,2025-02-25 01:32:20.105797,14.954832
channel-1429,140716,30294955,30294963,8,2025-02-25 01:32:07.709519,2025-02-25 01:32:17.710606,10.001087
channel-208,1490143,30294962,30294974,12,2025-02-25 01:32:15.718918,2025-02-25 01:32:30.430987,14.712069
channel-208,1490144,30294967,30294978,11,2025-02-25 01:32:22.447664,2025-02-25 01:32:36.312383,13.864719
channel-750,682721,30294972,30294981,9,2025-02-25 01:32:28.149537,2025-02-25 01:32:43.846010,15.696473
channel-122,668003,30294975,30294978,3,2025-02-25 01:32:31.626037,2025-02-25 01:32:36.312383,4.686346
channel-750,682722,30294977,30294988,11,2025-02-25 01:32:35.175279,2025-02-25 01:32:52.942636,17.767357
channel-0,4038458,30294978,30294988,10,2025-02-25 01:32:36.312383,2025-02-25 01:32:52.942636,16.630253
channel-88,467112,30294985,30294996,11,2025-02-25 01:32:48.613254,2025-02-25 01:33:03.558343,14.945089
channel-782,310192,30294995,30295000,5,2025-02-25 01:33:02.092237,2025-02-25 01:33:09.726502,7.634265
channel-750,682723,30295000,30295013,13,2025-02-25 01:33:09.726502,2025-02-25 01:33:26.315698,16.589196
channel-750,682724,30295001,30295014,13,2025-02-25 01:33:11.858318,2025-02-25 01:33:27.576478,15.71816
channel-750,682725,30295008,30295013,5,2025-02-25 01:33:20.465066,2025-02-25 01:33:26.315698,5.850632
channel-251,85227,30295008,30295020,12,2025-02-25 01:33:20.465066,2025-02-25 01:33:34.430617,13.965551
channel-782,310193,30295013,30295021,8,2025-02-25 01:33:26.315698,2025-02-25 01:33:35.641648,9.32595
channel-0,4038459,30295020,30295032,12,2025-02-25 01:33:34.430617,2025-02-25 01:33:51.688449,17.257832
channel-750,682726,30295027,30295043,16,2025-02-25 01:33:42.734179,2025-02-25 01:34:04.091714,21.357535
channel-412,64566,30295027,30295043,16,2025-02-25 01:33:42.734179,2025-02-25 01:34:04.091714,21.357535
channel-782,310194,30295033,30295040,7,2025-02-25 01:33:52.852029,2025-02-25 01:34:00.680581,7.828552
channel-6994,1324522,30295038,30295051,13,2025-02-25 01:33:58.372960,2025-02-25 01:34:13.555054,15.182094
channel-0,4038460,30295043,30295053,10,2025-02-25 01:34:04.091714,2025-02-25 01:34:15.774689,11.682975
channel-750,682727,30295053,30295059,6,2025-02-25 01:34:15.774689,2025-02-25 01:34:22.993852,7.219163
channel-326,537809,30295076,30295083,7,2025-02-25 01:34:48.460949,2025-02-25 01:35:00.113114,11.652165
channel-89298,18660,30295076,30295088,12,2025-02-25 01:34:48.460949,2025-02-25 01:35:05.778609,17.31766
channel-6994,1324523,30295084,30295094,10,2025-02-25 01:35:01.275795,2025-02-25 01:35:13.240905,11.96511
channel-8945,17746,30295086,30295097,11,2025-02-25 01:35:03.622719,2025-02-25 01:35:17.035907,13.413188
channel-6787,166698,30295088,30295093,5,2025-02-25 01:35:05.778609,2025-02-25 01:35:11.520178,5.741569
channel-1279,67126,30295092,30295111,19,2025-02-25 01:35:10.473742,2025-02-25 01:35:34.251088,23.777346
channel-0,4038461,30295100,30295110,10,2025-02-25 01:35:21.330002,2025-02-25 01:35:32.998127,11.668125
channel-750,682728,30295109,30295123,14,2025-02-25 01:35:31.831389,2025-02-25 01:35:49.300466,17.469077
channel-42,1490000,30295117,30295123,6,2025-02-25 01:35:41.460922,2025-02-25 01:35:49.300466,7.839544
channel-750,682729,30295119,30295122,3,2025-02-25 01:35:43.576279,2025-02-25 01:35:48.138736,4.562457
channel-326,537810,30295125,30295130,5,2025-02-25 01:35:52.648588,2025-02-25 01:35:59.319061,6.670473
channel-8945,17747,30295128,30295138,10,2025-02-25 01:35:56.789100,2025-02-25 01:36:09.208686,12.419586
channel-750,682730,30295129,30295146,17,2025-02-25 01:35:58.224960,2025-02-25 01:36:18.799266,20.574306
channel-89321,19452,30295130,30295140,10,2025-02-25 01:35:59.319061,2025-02-25 01:36:11.633428,12.314367
channel-783,104238,30295133,30295142,9,2025-02-25 01:36:02.691725,2025-02-25 01:36:14.078874,11.387149
channel-874,293083,30295144,30295149,5,2025-02-25 01:36:16.378181,2025-02-25 01:36:23.366671,6.98849
channel-6994,1324524,30295146,30295156,10,2025-02-25 01:36:18.799266,2025-02-25 01:36:34.846702,16.047436
channel-216,94221,30295151,30295312,161,2025-02-25 01:36:25.572539,2025-02-25 01:40:01.770128,216.197589
channel-8945,17748,30295154,30295163,9,2025-02-25 01:36:29.033092,2025-02-25 01:36:43.813889,14.780797
channel-208,1490145,30295154,30295166,12,2025-02-25 01:36:29.033092,2025-02-25 01:36:47.389155,18.356063
channel-19774,345955,30295155,30295165,10,2025-02-25 01:36:33.651848,2025-02-25 01:36:46.179501,12.527653
channel-122,668004,30295161,30295165,4,2025-02-25 01:36:41.424159,2025-02-25 01:36:46.179501,4.755342
channel-0,4038462,30295165,30295175,10,2025-02-25 01:36:46.179501,2025-02-25 01:37:00.143207,13.963706
channel-1634,6718,30295169,30295197,28,2025-02-25 01:36:51.991915,2025-02-25 01:37:28.143012,36.151097
channel-320,119194,30295180,30295208,28,2025-02-25 01:37:06.275992,2025-02-25 01:37:41.033457,34.757465
channel-0,4038463,30295190,30295203,13,2025-02-25 01:37:18.936600,2025-02-25 01:37:35.275597,16.338997
channel-75,845015,30295199,30295206,7,2025-02-25 01:37:30.630915,2025-02-25 01:37:38.807355,8.17644
channel-2494,31930,30295201,30295212,11,2025-02-25 01:37:32.909459,2025-02-25 01:37:46.700161,13.790702
channel-1429,140717,30295207,30295218,11,2025-02-25 01:37:39.915988,2025-02-25 01:37:54.243675,14.327687
channel-326,537811,30295207,30295213,6,2025-02-25 01:37:39.915988,2025-02-25 01:37:47.876330,7.960342
channel-208,1490146,30295209,30295219,10,2025-02-25 01:37:42.424255,2025-02-25 01:37:55.383865,12.95961
channel-0,4038464,30295215,30295225,10,2025-02-25 01:37:50.120873,2025-02-25 01:38:03.828245,13.707372
channel-0,4038465,30295215,30295225,10,2025-02-25 01:37:50.120873,2025-02-25 01:38:03.828245,13.707372
channel-767,14366,30295216,30295227,11,2025-02-25 01:37:51.138878,2025-02-25 01:38:07.702054,16.563176
channel-0,4038466,30295223,30295244,21,2025-02-25 01:38:01.338730,2025-02-25 01:38:34.728353,33.389623
channel-208,1490147,30295245,30295255,10,2025-02-25 01:38:35.845727,2025-02-25 01:38:48.576316,12.730589
channel-199,132729,30295249,30295261,12,2025-02-25 01:38:40.459750,2025-02-25 01:38:56.349985,15.890235
channel-326,537812,30295250,30295256,6,2025-02-25 01:38:41.858727,2025-02-25 01:38:49.944183,8.085456
channel-85077,60096,30295262,30295270,8,2025-02-25 01:38:57.459110,2025-02-25 01:39:08.252273,10.793163
channel-2186,40783,30295267,30295279,12,2025-02-25 01:39:03.605521,2025-02-25 01:39:18.709535,15.104014
channel-0,4038467,30295284,30295293,9,2025-02-25 01:39:28.479339,2025-02-25 01:39:39.077976,10.598637
channel-326,537813,30295296,30295302,6,2025-02-25 01:39:43.113336,2025-02-25 01:39:50.310381,7.197045
channel-0,4038468,30295304,30295316,12,2025-02-25 01:39:52.588793,2025-02-25 01:40:07.393893,14.8051
channel-326,537814,30295306,30295313,7,2025-02-25 01:39:54.956601,2025-02-25 01:40:03.954816,8.998215
channel-94814,3761,30295312,30295323,11,2025-02-25 01:40:01.770128,2025-02-25 01:40:16.653189,14.883061
channel-0,4038469,30295313,30295324,11,2025-02-25 01:40:03.954816,2025-02-25 01:40:18.810101,14.855285
channel-326,537815,30295339,30295345,6,2025-02-25 01:40:39.461233,2025-02-25 01:40:46.413846,6.952613
channel-782,310195,30295340,30295345,5,2025-02-25 01:40:40.704231,2025-02-25 01:40:46.413846,5.709615
channel-2494,31931,30295349,30295362,13,2025-02-25 01:40:51.105063,2025-02-25 01:41:08.730636,17.625573
channel-208,1490148,30295349,30295361,12,2025-02-25 01:40:51.105063,2025-02-25 01:41:07.528749,16.423686
channel-326,537816,30295351,30295358,7,2025-02-25 01:40:55.041949,2025-02-25 01:41:03.212578,8.170629
channel-204,670795,30295367,30295378,11,2025-02-25 01:41:15.613079,2025-02-25 01:41:30.362080,14.749001
channel-75,845016,30295376,30295384,8,2025-02-25 01:41:27.968868,2025-02-25 01:41:37.233227,9.264359
channel-320,119195,30295383,30295394,11,2025-02-25 01:41:36.005646,2025-02-25 01:41:52.066706,16.06106
channel-326,537817,30295390,30295397,7,2025-02-25 01:41:46.901392,2025-02-25 01:41:55.706288,8.804896
channel-6994,1324525,30295393,30295406,13,2025-02-25 01:41:50.860537,2025-02-25 01:42:06.229611,15.369074
channel-122,668005,30295396,30295400,4,2025-02-25 01:41:54.570539,2025-02-25 01:41:59.121828,4.551289
channel-750,682731,30295397,30295407,10,2025-02-25 01:41:55.706288,2025-02-25 01:42:07.327322,11.621034
channel-1,408370,30295398,30295416,18,2025-02-25 01:41:56.922685,2025-02-25 01:42:20.359781,23.437096
channel-122,668006,30295415,30295420,5,2025-02-25 01:42:19.114388,2025-02-25 01:42:24.926020,5.811632
channel-75,845017,30295418,30295426,8,2025-02-25 01:42:22.692024,2025-02-25 01:42:33.623549,10.931525
channel-122,668007,30295427,30295431,4,2025-02-25 01:42:34.803091,2025-02-25 01:42:39.334048,4.530957
channel-750,682732,30295435,30295449,14,2025-02-25 01:42:43.869558,2025-02-25 01:43:02.464220,18.594662
channel-326,537818,30295440,30295446,6,2025-02-25 01:42:50.556102,2025-02-25 01:42:58.274014,7.717912
channel-5,184291,30295440,30295451,11,2025-02-25 01:42:50.556102,2025-02-25 01:43:04.889967,14.333865
channel-208,1490149,30295465,30295477,12,2025-02-25 01:43:23.933611,2025-02-25 01:43:38.155547,14.221936
channel-750,682733,30295475,30295489,14,2025-02-25 01:43:35.870655,2025-02-25 01:43:52.622258,16.751603
channel-0,4038470,30295480,30295494,14,2025-02-25 01:43:41.671147,2025-02-25 01:44:02.829071,21.157924
channel-326,537819,30295486,30295497,11,2025-02-25 01:43:49.019096,2025-02-25 01:44:07.471868,18.452772
channel-4,166955,30295489,30295524,35,2025-02-25 01:43:52.622258,2025-02-25 01:44:43.648107,51.025849
channel-6994,1324526,30295491,30295525,34,2025-02-25 01:43:59.066928,2025-02-25 01:44:44.818990,45.752062
channel-5,184292,30295494,30295501,7,2025-02-25 01:44:02.829071,2025-02-25 01:44:13.120112,10.291041
channel-6994,1324527,30295496,30295507,11,2025-02-25 01:44:06.161323,2025-02-25 01:44:21.630705,15.469382
channel-2188,43661,30295499,30295502,3,2025-02-25 01:44:09.836554,2025-02-25 01:44:15.996932,6.160378
channel-783,104239,30295501,30295512,11,2025-02-25 01:44:13.120112,2025-02-25 01:44:28.280474,15.160362
channel-75,845018,30295505,30295511,6,2025-02-25 01:44:19.310500,2025-02-25 01:44:27.229902,7.919402
channel-208,1490150,30295506,30295519,13,2025-02-25 01:44:20.447683,2025-02-25 01:44:36.500168,16.052485
channel-4,166956,30295510,30295553,43,2025-02-25 01:44:26.178687,2025-02-25 01:45:19.486104,53.307417
channel-1429,140718,30295517,30295529,12,2025-02-25 01:44:34.185552,2025-02-25 01:44:49.520888,15.335336
channel-4,166957,30295522,30295553,31,2025-02-25 01:44:40.868275,2025-02-25 01:45:19.486104,38.617829
channel-0,4038471,30295522,30295550,28,2025-02-25 01:44:40.868275,2025-02-25 01:45:15.847549,34.979274
channel-326,537820,30295523,30295529,6,2025-02-25 01:44:41.979015,2025-02-25 01:44:49.520888,7.541873
channel-326,537821,30295536,30295545,9,2025-02-25 01:44:58.670877,2025-02-25 01:45:10.180993,11.510116
channel-6994,1324528,30295555,30295566,11,2025-02-25 01:45:21.737120,2025-02-25 01:45:37.669439,15.932319
channel-326,537822,30295571,30295577,6,2025-02-25 01:45:44.233490,2025-02-25 01:45:51.155549,6.922059
channel-47,198638,30295583,30295594,11,2025-02-25 01:45:58.084644,2025-02-25 01:46:13.081509,14.996865
channel-0,4038472,30295603,30295612,9,2025-02-25 01:46:24.425458,2025-02-25 01:46:35.825571,11.400113
channel-204,670796,30295612,30305003,9391,2025-02-25 01:46:35.825571,2025-02-25 05:13:50.321004,12434.495433
channel-326,537823,30295618,30295624,6,2025-02-25 01:46:43.064385,2025-02-25 01:46:50.332946,7.268561
channel-47,198639,30295633,30295644,11,2025-02-25 01:47:01.853187,2025-02-25 01:47:15.660778,13.807591
channel-19774,345956,30295661,30295671,10,2025-02-25 01:47:37.587371,2025-02-25 01:47:50.597705,13.010334
channel-326,537824,30295665,30295673,8,2025-02-25 01:47:42.815614,2025-02-25 01:47:54.505411,11.689797
channel-6994,1324529,30295671,30295681,10,2025-02-25 01:47:50.597705,2025-02-25 01:48:03.767804,13.170099
channel-750,682734,30295699,30295704,5,2025-02-25 01:48:27.221948,2025-02-25 01:48:32.981080,5.759132
channel-8,43458,30295703,30295734,31,2025-02-25 01:48:31.713252,2025-02-25 01:49:13.277073,41.563821
channel-6994,1324530,30295703,30295712,9,2025-02-25 01:48:31.713252,2025-02-25 01:48:46.576764,14.863512
channel-2494,31932,30295705,30295723,18,2025-02-25 01:48:35.350769,2025-02-25 01:48:59.830638,24.479869
channel-5,184293,30295707,30295719,12,2025-02-25 01:48:40.707960,2025-02-25 01:48:54.474630,13.76667
channel-326,537825,30295712,30295722,10,2025-02-25 01:48:46.576764,2025-02-25 01:48:58.492803,11.916039
channel-1429,140719,30295721,30295731,10,2025-02-25 01:48:57.391069,2025-02-25 01:49:09.856771,12.465702
channel-204,670797,30295724,30295733,9,2025-02-25 01:49:00.981140,2025-02-25 01:49:12.176419,11.195279
channel-144,86686,30295725,30295736,11,2025-02-25 01:49:02.128339,2025-02-25 01:49:15.729480,13.601141
channel-21113,25330,30295726,30295734,8,2025-02-25 01:49:03.354246,2025-02-25 01:49:13.277073,9.922827
channel-320,119196,30295746,30295773,27,2025-02-25 01:49:28.044882,2025-02-25 01:50:08.309311,40.264429
channel-208,1490151,30295748,30295759,11,2025-02-25 01:49:31.395088,2025-02-25 01:49:51.064647,19.669559
channel-412,64567,30295748,30295757,9,2025-02-25 01:49:31.395088,2025-02-25 01:49:48.680669,17.285581
channel-122,668009,30295755,30295758,3,2025-02-25 01:49:42.143037,2025-02-25 01:49:49.948695,7.805658
channel-326,537826,30295758,30295768,10,2025-02-25 01:49:49.948695,2025-02-25 01:50:01.395771,11.447076
channel-181,13589,30295765,30295778,13,2025-02-25 01:49:57.671267,2025-02-25 01:50:14.167582,16.496315
channel-0,4038473,30295783,30295796,13,2025-02-25 01:50:19.941280,2025-02-25 01:50:35.491453,15.550173
channel-6787,166699,30295793,30295798,5,2025-02-25 01:50:31.969553,2025-02-25 01:50:37.655844,5.686291
channel-208,1490152,30295800,30295811,11,2025-02-25 01:50:41.374439,2025-02-25 01:50:54.286901,12.912462
channel-750,682735,30295802,30295813,11,2025-02-25 01:50:43.598793,2025-02-25 01:50:56.610994,13.012201
channel-326,537827,30295809,30295818,9,2025-02-25 01:50:51.976733,2025-02-25 01:51:03.163245,11.186512
channel-216,94222,30295812,30295882,70,2025-02-25 01:50:55.462859,2025-02-25 01:52:34.229691,98.766832
channel-6994,1324531,30295824,30295834,10,2025-02-25 01:51:10.698957,2025-02-25 01:51:24.121274,13.422317
channel-750,682736,30295825,30295830,5,2025-02-25 01:51:11.978239,2025-02-25 01:51:19.207217,7.228978
channel-19774,345957,30295838,30295849,11,2025-02-25 01:51:29.184221,2025-02-25 01:51:45.512105,16.327884
channel-326,537828,30295840,30295847,7,2025-02-25 01:51:34.921093,2025-02-25 01:51:43.121955,8.200862
channel-326,537829,30295849,30295854,5,2025-02-25 01:51:45.512105,2025-02-25 01:51:54.495677,8.983572
channel-6994,1324532,30295851,30295863,12,2025-02-25 01:51:49.002597,2025-02-25 01:52:07.386474,18.383877
channel-6994,1324533,30295866,30295889,23,2025-02-25 01:52:11.255557,2025-02-25 01:52:42.680537,31.42498
channel-19774,345958,30295879,30295892,13,2025-02-25 01:52:28.284291,2025-02-25 01:52:46.266428,17.982137
channel-2494,31933,30295890,30295902,12,2025-02-25 01:52:43.891159,2025-02-25 01:53:00.284017,16.392858
channel-326,537830,30295893,30295898,5,2025-02-25 01:52:47.563778,2025-02-25 01:52:53.798637,6.234859
channel-0,4038474,30295900,30295911,11,2025-02-25 01:52:57.395042,2025-02-25 01:53:10.356743,12.961701
channel-19774,345959,30295900,30295911,11,2025-02-25 01:52:57.395042,2025-02-25 01:53:10.356743,12.961701
channel-1,408371,30295905,30295934,29,2025-02-25 01:53:03.602653,2025-02-25 01:53:40.642804,37.040151
channel-750,682737,30295909,30295925,16,2025-02-25 01:53:08.036797,2025-02-25 01:53:30.336839,22.300042
channel-326,537831,30295909,30295912,3,2025-02-25 01:53:08.036797,2025-02-25 01:53:14.778401,6.741604
channel-6994,1324534,30295917,30295947,30,2025-02-25 01:53:20.661493,2025-02-25 01:54:02.298081,41.636588
channel-412,64568,30295927,30295938,11,2025-02-25 01:53:32.546161,2025-02-25 01:53:49.648835,17.102674
channel-326,537832,30295934,30295940,6,2025-02-25 01:53:40.642804,2025-02-25 01:53:52.867266,12.224462
channel-115,20393,30295934,30295946,12,2025-02-25 01:53:40.642804,2025-02-25 01:54:01.050963,20.408159
channel-208,1490153,30295935,30295944,9,2025-02-25 01:53:46.067446,2025-02-25 01:53:57.452596,11.38515
channel-6994,1324535,30295936,30295947,11,2025-02-25 01:53:47.333525,2025-02-25 01:54:02.298081,14.964556
channel-75,845019,30295946,30295952,6,2025-02-25 01:54:01.050963,2025-02-25 01:54:08.096837,7.045874
channel-6994,1324536,30295948,30295960,12,2025-02-25 01:54:03.468301,2025-02-25 01:54:18.070944,14.602643
channel-326,537833,30295979,30295984,5,2025-02-25 01:54:43.168335,2025-02-25 01:54:49.216781,6.048446
channel-108,39850,30295989,30296000,11,2025-02-25 01:54:55.287378,2025-02-25 01:55:10.560479,15.273101
channel-750,682738,30295991,30296004,13,2025-02-25 01:54:57.659088,2025-02-25 01:55:16.268496,18.609408
channel-326,537834,30296015,30296022,7,2025-02-25 01:55:30.657618,2025-02-25 01:55:39.289541,8.631923
channel-0,4038475,30296024,30296056,32,2025-02-25 01:55:43.223499,2025-02-25 01:56:24.103380,40.879881
channel-750,682739,30296024,30296038,14,2025-02-25 01:55:43.223499,2025-02-25 01:55:59.443229,16.21973
channel-326,537835,30296026,30296032,6,2025-02-25 01:55:45.499393,2025-02-25 01:55:52.769489,7.270096
channel-326,537836,30296031,30296038,7,2025-02-25 01:55:51.615718,2025-02-25 01:55:59.443229,7.827511
channel-143,128349,30296049,30296115,66,2025-02-25 01:56:14.600247,2025-02-25 01:57:39.528501,84.928254
channel-6994,1324537,30296066,30296108,42,2025-02-25 01:56:36.819631,2025-02-25 01:57:31.318889,54.499258
channel-85077,60097,30296068,30296077,9,2025-02-25 01:56:39.468513,2025-02-25 01:56:50.976501,11.507988
channel-85077,60098,30296070,30296085,15,2025-02-25 01:56:41.869014,2025-02-25 01:57:00.771784,18.90277
channel-326,537837,30296071,30296079,8,2025-02-25 01:56:42.917779,2025-02-25 01:56:53.444136,10.526357
channel-1,408372,30296077,30296092,15,2025-02-25 01:56:50.976501,2025-02-25 01:57:10.425319,19.448818
channel-0,4038476,30296082,30296106,24,2025-02-25 01:56:56.999966,2025-02-25 01:57:29.114127,32.114161
channel-42,1490001,30296084,30296094,10,2025-02-25 01:56:59.683719,2025-02-25 01:57:12.782425,13.098706
channel-85077,60099,30296085,30296094,9,2025-02-25 01:57:00.771784,2025-02-25 01:57:12.782425,12.010641
channel-6994,1324538,30296112,30296125,13,2025-02-25 01:57:36.087966,2025-02-25 01:57:55.518753,19.430787
channel-326,537838,30296115,30296119,4,2025-02-25 01:57:39.528501,2025-02-25 01:57:45.270660,5.742159
channel-0,4038477,30296120,30296132,12,2025-02-25 01:57:49.671459,2025-02-25 01:58:05.282044,15.610585
channel-85077,60100,30296121,30296129,8,2025-02-25 01:57:50.730922,2025-02-25 01:58:01.566724,10.835802
channel-208,1490154,30296121,30296131,10,2025-02-25 01:57:50.730922,2025-02-25 01:58:04.098222,13.3673
channel-750,682740,30296123,30296128,5,2025-02-25 01:57:53.291100,2025-02-25 01:57:59.459917,6.168817
channel-208,1490155,30296125,30296136,11,2025-02-25 01:57:55.518753,2025-02-25 01:58:09.858216,14.339463
channel-326,537839,30296126,30296131,5,2025-02-25 01:57:56.722727,2025-02-25 01:58:04.098222,7.375495
channel-6994,1324539,30296132,30296172,40,2025-02-25 01:58:05.282044,2025-02-25 01:58:54.179057,48.897013
channel-6994,1324540,30296138,30296152,14,2025-02-25 01:58:12.040598,2025-02-25 01:58:29.943944,17.903346
channel-204,670798,30296142,30296152,10,2025-02-25 01:58:17.937461,2025-02-25 01:58:29.943944,12.006483
channel-750,682741,30296145,30296159,14,2025-02-25 01:58:21.469552,2025-02-25 01:58:38.244244,16.774692
channel-326,537840,30296167,30296176,9,2025-02-25 01:58:48.541339,2025-02-25 01:58:58.719556,10.178217
channel-122,668010,30296168,30296172,4,2025-02-25 01:58:49.641026,2025-02-25 01:58:54.179057,4.538031
channel-6994,1324541,30296176,30296185,9,2025-02-25 01:58:58.719556,2025-02-25 01:59:11.926743,13.207187
channel-85077,60101,30296188,30296197,9,2025-02-25 01:59:16.296293,2025-02-25 01:59:28.323235,12.026942
channel-85077,60102,30296188,30296197,9,2025-02-25 01:59:16.296293,2025-02-25 01:59:28.323235,12.026942
channel-750,682742,30296193,30296205,12,2025-02-25 01:59:22.033220,2025-02-25 01:59:37.633628,15.600408
channel-98451,38,30296194,30296204,10,2025-02-25 01:59:23.230117,2025-02-25 01:59:36.525227,13.29511
channel-0,4038478,30296195,30296219,24,2025-02-25 01:59:24.404417,2025-02-25 01:59:55.826500,31.422083
channel-750,682743,30296201,30296214,13,2025-02-25 01:59:32.881274,2025-02-25 01:59:49.203187,16.321913
channel-326,537841,30296204,30296211,7,2025-02-25 01:59:36.525227,2025-02-25 01:59:45.848164,9.322937
channel-6994,1324542,30296205,30296219,14,2025-02-25 01:59:37.633628,2025-02-25 01:59:55.826500,18.192872
channel-6994,1324543,30296206,30296219,13,2025-02-25 01:59:39.149433,2025-02-25 01:59:55.826500,16.677067
channel-85077,60103,30296206,30296217,11,2025-02-25 01:59:39.149433,2025-02-25 01:59:53.188541,14.039108
channel-204,670799,30296208,30305009,8801,2025-02-25 01:59:42.418981,2025-02-25 05:13:58.568241,11656.14926
channel-326,537842,30296217,30296224,7,2025-02-25 01:59:53.188541,2025-02-25 02:00:01.804858,8.616317
channel-326,537843,30296231,30296238,7,2025-02-25 02:00:11.659568,2025-02-25 02:00:20.976978,9.31741
channel-750,682744,30296233,30296238,5,2025-02-25 02:00:13.950356,2025-02-25 02:00:20.976978,7.026622
channel-6994,1324544,30296240,30296257,17,2025-02-25 02:00:23.253915,2025-02-25 02:00:45.201081,21.947166
channel-750,682745,30296250,30296263,13,2025-02-25 02:00:36.756329,2025-02-25 02:00:52.224548,15.468219
channel-326,537844,30296251,30296258,7,2025-02-25 02:00:38.261610,2025-02-25 02:00:46.377084,8.115474
channel-38946,124183,30296257,30296279,22,2025-02-25 02:00:45.201081,2025-02-25 02:01:12.058115,26.857034
channel-326,537845,30296261,30296268,7,2025-02-25 02:00:49.950704,2025-02-25 02:00:58.211119,8.260415
channel-326,537846,30296272,30296277,5,2025-02-25 02:01:04.017565,2025-02-25 02:01:09.762277,5.744712
channel-326,537847,30296284,30296293,9,2025-02-25 02:01:23.908160,2025-02-25 02:01:35.351341,11.443181
channel-216,94223,30296305,30296404,99,2025-02-25 02:01:50.475497,2025-02-25 02:04:01.997789,131.522292
channel-326,537848,30296307,30296317,10,2025-02-25 02:01:52.722915,2025-02-25 02:02:05.899243,13.176328
channel-122,668012,30296310,30296319,9,2025-02-25 02:01:56.261264,2025-02-25 02:02:09.181111,12.919847
channel-326,537849,30296317,30296321,4,2025-02-25 02:02:05.899243,2025-02-25 02:02:12.695588,6.796345
channel-782,310197,30296319,30296325,6,2025-02-25 02:02:09.181111,2025-02-25 02:02:17.293496,8.112385
channel-208,1490156,30296331,30296343,12,2025-02-25 02:02:28.849086,2025-02-25 02:02:43.855430,15.006344
channel-326,537850,30296336,30296346,10,2025-02-25 02:02:34.923359,2025-02-25 02:02:47.452234,12.528875
channel-115,20394,30296336,30296344,8,2025-02-25 02:02:34.923359,2025-02-25 02:02:45.030445,10.107086
channel-782,310198,30296341,30296346,5,2025-02-25 02:02:41.466515,2025-02-25 02:02:47.452234,5.985719
channel-326,537851,30296353,30296359,6,2025-02-25 02:02:56.133174,2025-02-25 02:03:03.224705,7.091531
channel-6994,1324545,30296353,30296366,13,2025-02-25 02:02:56.133174,2025-02-25 02:03:11.444833,15.311659
channel-326,537852,30296370,30296379,9,2025-02-25 02:03:17.550470,2025-02-25 02:03:30.126901,12.576431
channel-0,4038479,30296376,30296384,8,2025-02-25 02:03:26.651043,2025-02-25 02:03:37.436164,10.785121
channel-6994,1324546,30296380,30296393,13,2025-02-25 02:03:31.280839,2025-02-25 02:03:48.124785,16.843946
channel-6787,166700,30296382,30296387,5,2025-02-25 02:03:35.199363,2025-02-25 02:03:41.017917,5.818554
channel-208,1490157,30296384,30296397,13,2025-02-25 02:03:37.436164,2025-02-25 02:03:52.934357,15.498193
channel-750,682746,30296384,30296397,13,2025-02-25 02:03:37.436164,2025-02-25 02:03:52.934357,15.498193
channel-326,537853,30296388,30296395,7,2025-02-25 02:03:42.173055,2025-02-25 02:03:50.431586,8.258531
channel-0,4038480,30296391,30296402,11,2025-02-25 02:03:45.742865,2025-02-25 02:03:59.709327,13.966462
channel-208,1490158,30296394,30296407,13,2025-02-25 02:03:49.327253,2025-02-25 02:04:05.344278,16.017025
channel-204,670800,30296403,30305009,8606,2025-02-25 02:04:00.859922,2025-02-25 05:13:58.568241,11397.708319
channel-326,537854,30296406,30296412,6,2025-02-25 02:04:04.255757,2025-02-25 02:04:11.057718,6.801961
channel-259,314294,30296416,30296425,9,2025-02-25 02:04:16.129995,2025-02-25 02:04:27.982562,11.852567
channel-6787,166701,30296423,30296427,4,2025-02-25 02:04:25.467562,2025-02-25 02:04:31.423946,5.956384
channel-412,64569,30296428,30296438,10,2025-02-25 02:04:32.517251,2025-02-25 02:04:44.630056,12.112805
channel-143,128350,30296430,30296443,13,2025-02-25 02:04:34.767285,2025-02-25 02:04:51.411594,16.644309
channel-320,119197,30296431,30296474,43,2025-02-25 02:04:36.057360,2025-02-25 02:05:30.461723,54.404363
channel-0,4038481,30296434,30296443,9,2025-02-25 02:04:39.678347,2025-02-25 02:04:51.411594,11.733247
channel-85077,60104,30296436,30296442,6,2025-02-25 02:04:42.117618,2025-02-25 02:04:50.331182,8.213564
channel-6994,1324547,30296437,30296448,11,2025-02-25 02:04:43.542091,2025-02-25 02:04:57.204414,13.662323
channel-326,537855,30296437,30296443,6,2025-02-25 02:04:43.542091,2025-02-25 02:04:51.411594,7.869503
channel-6994,1324548,30296450,30296463,13,2025-02-25 02:05:00.049814,2025-02-25 02:05:16.744442,16.694628
channel-208,1490159,30296454,30296467,13,2025-02-25 02:05:04.687708,2025-02-25 02:05:21.480472,16.792764
channel-204,670801,30296454,30296461,7,2025-02-25 02:05:04.687708,2025-02-25 02:05:14.515843,9.828135
channel-122,668013,30296455,30296459,4,2025-02-25 02:05:07.388448,2025-02-25 02:05:11.919628,4.53118
channel-6994,1324549,30296462,30296472,10,2025-02-25 02:05:15.616184,2025-02-25 02:05:28.222161,12.605977
channel-165,71443,30296474,30296482,8,2025-02-25 02:05:30.461723,2025-02-25 02:05:42.569199,12.107476
channel-0,4038482,30296477,30296486,9,2025-02-25 02:05:34.045948,2025-02-25 02:05:47.110943,13.064995
channel-326,537856,30296483,30296489,6,2025-02-25 02:05:43.676036,2025-02-25 02:05:50.645281,6.969245
channel-85077,60105,30296486,30296496,10,2025-02-25 02:05:47.110943,2025-02-25 02:05:58.577968,11.467025
channel-2494,31934,30296497,30296508,11,2025-02-25 02:05:59.796768,2025-02-25 02:06:15.221732,15.424964
channel-6994,1324550,30296506,30296519,13,2025-02-25 02:06:11.989857,2025-02-25 02:06:28.945614,16.955757
channel-85077,60106,30296512,30296523,11,2025-02-25 02:06:20.229170,2025-02-25 02:06:33.603248,13.374078
channel-6787,166702,30296514,30296519,5,2025-02-25 02:06:22.955287,2025-02-25 02:06:28.945614,5.990327
channel-85077,60107,30296519,30296526,7,2025-02-25 02:06:28.945614,2025-02-25 02:06:38.577122,9.631508
channel-6994,1324551,30296520,30296530,10,2025-02-25 02:06:30.014657,2025-02-25 02:06:47.565286,17.550629
channel-85077,60108,30296521,30296529,8,2025-02-25 02:06:31.238805,2025-02-25 02:06:43.129020,11.890215
channel-122,668014,30296521,30296524,3,2025-02-25 02:06:31.238805,2025-02-25 02:06:36.308636,5.069831
channel-750,682747,30296527,30296540,13,2025-02-25 02:06:39.766584,2025-02-25 02:07:02.485918,22.719334
channel-326,537857,30296529,30296540,11,2025-02-25 02:06:43.129020,2025-02-25 02:07:02.485918,19.356898
channel-251,85228,30296529,30296540,11,2025-02-25 02:06:43.129020,2025-02-25 02:07:02.485918,19.356898
channel-19774,345960,30296544,30296557,13,2025-02-25 02:07:07.346674,2025-02-25 02:07:23.380117,16.033443
channel-0,4038483,30296547,30296557,10,2025-02-25 02:07:11.375770,2025-02-25 02:07:23.380117,12.004347
channel-122,668015,30296551,30296556,5,2025-02-25 02:07:16.287706,2025-02-25 02:07:22.170823,5.883117
channel-0,4038484,30296552,30296576,24,2025-02-25 02:07:17.488144,2025-02-25 02:07:49.449339,31.961195
channel-85077,60109,30296557,30296566,9,2025-02-25 02:07:23.380117,2025-02-25 02:07:34.879289,11.499172
channel-0,4038485,30296563,30296576,13,2025-02-25 02:07:31.475667,2025-02-25 02:07:49.449339,17.973672
channel-19774,345961,30296569,30296581,12,2025-02-25 02:07:39.290220,2025-02-25 02:07:55.912565,16.622345
channel-6994,1324552,30296571,30296581,10,2025-02-25 02:07:41.627244,2025-02-25 02:07:55.912565,14.285321
channel-326,537858,30296575,30296581,6,2025-02-25 02:07:47.301232,2025-02-25 02:07:55.912565,8.611333
channel-143,128351,30296576,30296604,28,2025-02-25 02:07:49.449339,2025-02-25 02:08:22.870853,33.421514
channel-874,293084,30296576,30296585,9,2025-02-25 02:07:49.449339,2025-02-25 02:08:00.255447,10.806108
channel-208,1490160,30296588,30296601,13,2025-02-25 02:08:03.998902,2025-02-25 02:08:19.466537,15.467635
channel-208,1490161,30296590,30296601,11,2025-02-25 02:08:06.136116,2025-02-25 02:08:19.466537,13.330421
channel-0,4038486,30296595,30296606,11,2025-02-25 02:08:12.076845,2025-02-25 02:08:25.189176,13.112331
channel-6994,1324553,30296600,30296627,27,2025-02-25 02:08:18.285092,2025-02-25 02:08:54.647821,36.362729
channel-6994,1324554,30296611,30296622,11,2025-02-25 02:08:30.924032,2025-02-25 02:08:46.639009,15.714977
channel-326,537859,30296620,30296628,8,2025-02-25 02:08:42.950265,2025-02-25 02:08:57.480590,14.530325
channel-0,4038487,30296624,30296635,11,2025-02-25 02:08:49.013134,2025-02-25 02:09:05.575248,16.562114
channel-1,408373,30296624,30296638,14,2025-02-25 02:08:49.013134,2025-02-25 02:09:10.258402,21.245268
channel-216,94224,30296630,30296692,62,2025-02-25 02:08:59.737949,2025-02-25 02:10:22.271709,82.53376
channel-412,64570,30296631,30296641,10,2025-02-25 02:09:00.958828,2025-02-25 02:09:13.733059,12.774231
channel-85077,60110,30296632,30296641,9,2025-02-25 02:09:02.094474,2025-02-25 02:09:13.733059,11.638585
channel-0,4038488,30296647,30296659,12,2025-02-25 02:09:21.308963,2025-02-25 02:09:36.716335,15.407372
channel-6994,1324555,30296650,30296675,25,2025-02-25 02:09:26.329232,2025-02-25 02:10:01.115740,34.786508
channel-85077,60111,30296652,30296662,10,2025-02-25 02:09:28.511627,2025-02-25 02:09:40.063542,11.551915
channel-94814,3762,30296657,30296666,9,2025-02-25 02:09:34.528825,2025-02-25 02:09:45.195529,10.666704
channel-326,537860,30296664,30296672,8,2025-02-25 02:09:42.594234,2025-02-25 02:09:53.462152,10.867918
channel-6994,1324556,30296665,30296675,10,2025-02-25 02:09:43.853912,2025-02-25 02:10:01.115740,17.261828
channel-0,4038489,30296669,30296675,6,2025-02-25 02:09:49.734764,2025-02-25 02:10:01.115740,11.380976
channel-208,1490162,30296672,30296683,11,2025-02-25 02:09:53.462152,2025-02-25 02:10:10.982694,17.520542
channel-6994,1324557,30296678,30296690,12,2025-02-25 02:10:05.193031,2025-02-25 02:10:19.853224,14.660193
channel-0,4038490,30296697,30296710,13,2025-02-25 02:10:28.278943,2025-02-25 02:10:43.757457,15.478514
channel-6787,166703,30296700,30296704,4,2025-02-25 02:10:31.664691,2025-02-25 02:10:36.461899,4.797208
channel-326,537861,30296713,30296720,7,2025-02-25 02:10:47.661126,2025-02-25 02:10:59.263356,11.60223
channel-19774,345962,30296717,30296727,10,2025-02-25 02:10:55.164220,2025-02-25 02:11:09.136206,13.971986
channel-1,408374,30296717,30296728,11,2025-02-25 02:10:55.164220,2025-02-25 02:11:10.413571,15.249351
channel-1,408375,30296727,30296740,13,2025-02-25 02:11:09.136206,2025-02-25 02:11:29.323496,20.18729
channel-326,537862,30296750,30296756,6,2025-02-25 02:11:42.571464,2025-02-25 02:11:50.477674,7.90621
channel-19774,345963,30296761,30296772,11,2025-02-25 02:11:56.411497,2025-02-25 02:12:09.923313,13.511816
channel-122,668017,30296775,30296781,6,2025-02-25 02:12:13.189357,2025-02-25 02:12:20.605080,7.415723
channel-199,132730,30296799,30296809,10,2025-02-25 02:12:43.184051,2025-02-25 02:12:56.526732,13.342681
channel-326,537863,30296803,30296809,6,2025-02-25 02:12:49.251447,2025-02-25 02:12:56.526732,7.275285
channel-94814,3763,30296810,30296819,9,2025-02-25 02:13:00.890503,2025-02-25 02:13:13.833177,12.942674
channel-208,1490163,30296814,30296826,12,2025-02-25 02:13:05.954145,2025-02-25 02:13:21.902114,15.947969
channel-326,537864,30296836,30296846,10,2025-02-25 02:13:34.752101,2025-02-25 02:13:50.210307,15.458206
channel-6994,1324558,30296836,30296848,12,2025-02-25 02:13:34.752101,2025-02-25 02:13:52.525375,17.773274
channel-750,682748,30296837,30296842,5,2025-02-25 02:13:35.888326,2025-02-25 02:13:45.149489,9.261163
channel-326,537865,30296843,30296852,9,2025-02-25 02:13:46.840195,2025-02-25 02:13:58.245434,11.405239
channel-208,1490164,30296843,30296852,9,2025-02-25 02:13:46.840195,2025-02-25 02:13:58.245434,11.405239
channel-0,4038491,30296845,30296855,10,2025-02-25 02:13:49.125063,2025-02-25 02:14:02.838821,13.713758
channel-0,4038492,30296846,30296855,9,2025-02-25 02:13:50.210307,2025-02-25 02:14:02.838821,12.628514
channel-208,1490165,30296850,30296860,10,2025-02-25 02:13:55.922584,2025-02-25 02:14:09.329282,13.406698
channel-6994,1324559,30296865,30296874,9,2025-02-25 02:14:16.613267,2025-02-25 02:14:28.707620,12.094353
channel-6994,1324560,30296876,30296903,27,2025-02-25 02:14:31.508840,2025-02-25 02:15:07.871919,36.363079
channel-6994,1324561,30296878,30296887,9,2025-02-25 02:14:34.841165,2025-02-25 02:14:45.149691,10.308526
channel-85077,60112,30296880,30296895,15,2025-02-25 02:14:37.014415,2025-02-25 02:14:58.568566,21.554151
channel-115,20395,30296881,30296888,7,2025-02-25 02:14:38.177377,2025-02-25 02:14:50.515515,12.338138
channel-6994,1324562,30296883,30296892,9,2025-02-25 02:14:40.429054,2025-02-25 02:14:55.033504,14.60445
channel-251,85229,30296884,30296894,10,2025-02-25 02:14:41.566480,2025-02-25 02:14:57.416366,15.849886
channel-326,537866,30296885,30296893,8,2025-02-25 02:14:42.698343,2025-02-25 02:14:56.316589,13.618246
channel-208,1490166,30296886,30296896,10,2025-02-25 02:14:43.886763,2025-02-25 02:14:59.802356,15.915593
channel-208,1490167,30296891,30296900,9,2025-02-25 02:14:53.796953,2025-02-25 02:15:04.519454,10.722501
channel-750,682749,30296893,30296905,12,2025-02-25 02:14:56.316589,2025-02-25 02:15:10.680784,14.364195
channel-326,537867,30296896,30296903,7,2025-02-25 02:14:59.802356,2025-02-25 02:15:07.871919,8.069563
channel-188,190570,30296899,30296932,33,2025-02-25 02:15:03.290927,2025-02-25 02:15:45.642075,42.351148
channel-1,408376,30296902,30296921,19,2025-02-25 02:15:06.747812,2025-02-25 02:15:31.475890,24.728078
channel-85077,60113,30296908,30296916,8,2025-02-25 02:15:14.520346,2025-02-25 02:15:25.497441,10.977095
channel-208,1490168,30296909,30296918,9,2025-02-25 02:15:15.569933,2025-02-25 02:15:27.858805,12.288872
channel-326,537868,30296910,30296915,5,2025-02-25 02:15:16.809145,2025-02-25 02:15:23.009188,6.200043
channel-251,85230,30296910,30296922,12,2025-02-25 02:15:16.809145,2025-02-25 02:15:32.671689,15.862544
channel-88,467113,30296915,30296929,14,2025-02-25 02:15:23.009188,2025-02-25 02:15:42.004695,18.995507
channel-750,682750,30296916,30296924,8,2025-02-25 02:15:25.497441,2025-02-25 02:15:35.047208,9.549767
channel-208,1490169,30296921,30296932,11,2025-02-25 02:15:31.475890,2025-02-25 02:15:45.642075,14.166185
channel-750,682751,30296923,30296940,17,2025-02-25 02:15:33.901058,2025-02-25 02:15:54.831696,20.930638
channel-208,1490170,30296924,30296932,8,2025-02-25 02:15:35.047208,2025-02-25 02:15:45.642075,10.594867
channel-0,4038493,30296925,30296946,21,2025-02-25 02:15:36.108417,2025-02-25 02:16:05.302166,29.193749
channel-188,190571,30296925,30296959,34,2025-02-25 02:15:36.108417,2025-02-25 02:16:24.641914,48.533497
channel-326,537869,30296935,30296943,8,2025-02-25 02:15:49.033595,2025-02-25 02:16:00.350873,11.317278
channel-750,682752,30296936,30296942,6,2025-02-25 02:15:50.234695,2025-02-25 02:15:59.182464,8.947769
channel-188,190572,30296941,30296961,20,2025-02-25 02:15:56.920334,2025-02-25 02:16:28.256155,31.335821
channel-6787,166704,30296948,30296953,5,2025-02-25 02:16:07.516891,2025-02-25 02:16:16.529488,9.012597
channel-326,537870,30296948,30296956,8,2025-02-25 02:16:07.516891,2025-02-25 02:16:20.982566,13.465675
channel-208,1490171,30296959,30296969,10,2025-02-25 02:16:24.641914,2025-02-25 02:16:38.493107,13.851193
channel-0,4038494,30296964,30296972,8,2025-02-25 02:16:31.604719,2025-02-25 02:16:42.208068,10.603349
channel-188,190573,30296966,30297015,49,2025-02-25 02:16:33.904332,2025-02-25 02:17:38.351325,64.446993
channel-326,537871,30296967,30296973,6,2025-02-25 02:16:35.123690,2025-02-25 02:16:44.936091,9.812401
channel-188,190574,30296970,30297015,45,2025-02-25 02:16:39.661709,2025-02-25 02:17:38.351325,58.689616
channel-251,85231,30296971,30296982,11,2025-02-25 02:16:41.114572,2025-02-25 02:16:56.213200,15.098628
channel-6787,166705,30296971,30296975,4,2025-02-25 02:16:41.114572,2025-02-25 02:16:47.365009,6.250437
channel-326,537872,30296977,30296983,6,2025-02-25 02:16:50.269598,2025-02-25 02:16:57.512509,7.242911
channel-6994,1324563,30296978,30296990,12,2025-02-25 02:16:51.347289,2025-02-25 02:17:05.822749,14.47546
channel-874,293085,30296987,30296997,10,2025-02-25 02:17:02.404283,2025-02-25 02:17:14.159192,11.754909
channel-326,537873,30296987,30296995,8,2025-02-25 02:17:02.404283,2025-02-25 02:17:11.705667,9.301384
channel-208,1490172,30296990,30297001,11,2025-02-25 02:17:05.822749,2025-02-25 02:17:19.783098,13.960349
channel-251,85232,30296998,30297007,9,2025-02-25 02:17:15.380438,2025-02-25 02:17:26.991929,11.611491
channel-326,537874,30296999,30297008,9,2025-02-25 02:17:16.573596,2025-02-25 02:17:28.797503,12.223907
channel-208,1490173,30297001,30297010,9,2025-02-25 02:17:19.783098,2025-02-25 02:17:32.223597,12.440499
channel-6994,1324564,30297004,30297014,10,2025-02-25 02:17:23.326837,2025-02-25 02:17:37.098588,13.771751
channel-98451,39,30297006,30297020,14,2025-02-25 02:17:25.767182,2025-02-25 02:17:44.929355,19.162173
channel-42,1490002,30297010,30297019,9,2025-02-25 02:17:32.223597,2025-02-25 02:17:43.628232,11.404635
channel-188,190575,30297012,30297045,33,2025-02-25 02:17:34.490430,2025-02-25 02:18:14.517008,40.026578
channel-199,132731,30297015,30297027,12,2025-02-25 02:17:38.351325,2025-02-25 02:17:53.027242,14.675917
channel-326,537875,30297020,30297025,5,2025-02-25 02:17:44.929355,2025-02-25 02:17:50.617286,5.687931
channel-750,682753,30297022,30297031,9,2025-02-25 02:17:47.132633,2025-02-25 02:17:57.733889,10.601256
channel-85077,60114,30297030,30297048,18,2025-02-25 02:17:56.504482,2025-02-25 02:18:19.036713,22.532231
channel-208,1490174,30297031,30297043,12,2025-02-25 02:17:57.733889,2025-02-25 02:18:12.095032,14.361143
channel-85077,60115,30297042,30297073,31,2025-02-25 02:18:10.890693,2025-02-25 02:18:55.560335,44.669642
channel-188,190576,30297043,30297072,29,2025-02-25 02:18:12.095032,2025-02-25 02:18:54.463418,42.368386
channel-750,682754,30297044,30297048,4,2025-02-25 02:18:13.326491,2025-02-25 02:18:19.036713,5.710222
channel-6994,1324565,30297050,30297060,10,2025-02-25 02:18:21.398254,2025-02-25 02:18:38.933254,17.535
channel-750,682755,30297058,30297063,5,2025-02-25 02:18:31.707164,2025-02-25 02:18:42.366821,10.659657
channel-0,4038495,30297059,30297083,24,2025-02-25 02:18:37.417394,2025-02-25 02:19:07.574958,30.157564
channel-208,1490175,30297062,30297070,8,2025-02-25 02:18:41.114153,2025-02-25 02:18:52.154570,11.040417
channel-326,537876,30297066,30297073,7,2025-02-25 02:18:45.656992,2025-02-25 02:18:55.560335,9.903343
channel-188,190577,30297068,30297085,17,2025-02-25 02:18:48.892213,2025-02-25 02:19:09.925391,21.033178
channel-750,682756,30297072,30297077,5,2025-02-25 02:18:54.463418,2025-02-25 02:19:00.884860,6.421442
channel-750,682757,30297073,30297077,4,2025-02-25 02:18:55.560335,2025-02-25 02:19:00.884860,5.324525
channel-326,537877,30297075,30297083,8,2025-02-25 02:18:58.278070,2025-02-25 02:19:07.574958,9.296888
channel-208,1490176,30297077,30297090,13,2025-02-25 02:19:00.884860,2025-02-25 02:19:16.526902,15.642042
channel-85077,60116,30297078,30297087,9,2025-02-25 02:19:02.022225,2025-02-25 02:19:12.175707,10.153482
channel-326,537878,30297088,30297097,9,2025-02-25 02:19:13.253514,2025-02-25 02:19:24.734557,11.481043
channel-85077,60117,30297088,30297101,13,2025-02-25 02:19:13.253514,2025-02-25 02:19:29.475835,16.222321
channel-874,293086,30297095,30297102,7,2025-02-25 02:19:22.330000,2025-02-25 02:19:30.583483,8.253483
channel-750,682758,30297096,30297106,10,2025-02-25 02:19:23.509339,2025-02-25 02:19:36.152501,12.643162
channel-0,4038496,30297096,30297105,9,2025-02-25 02:19:23.509339,2025-02-25 02:19:34.975948,11.466609
channel-0,4038497,30297102,30297808,706,2025-02-25 02:19:30.583483,2025-02-25 02:35:03.146967,932.563484
channel-122,668019,30297109,30297118,9,2025-02-25 02:19:40.141418,2025-02-25 02:19:51.943854,11.802436
channel-326,537879,30297114,30297120,6,2025-02-25 02:19:46.129140,2025-02-25 02:19:54.295141,8.166001
channel-0,4038498,30297119,30297128,9,2025-02-25 02:19:53.060860,2025-02-25 02:20:05.694858,12.633998
channel-6994,1324566,30297121,30297159,38,2025-02-25 02:19:55.482721,2025-02-25 02:20:48.782851,53.30013
channel-85077,60118,30297126,30297134,8,2025-02-25 02:20:01.491986,2025-02-25 02:20:12.658695,11.166709
channel-750,682759,30297127,30297135,8,2025-02-25 02:20:03.616423,2025-02-25 02:20:13.797861,10.181438
channel-0,4038499,30297127,30297138,11,2025-02-25 02:20:03.616423,2025-02-25 02:20:17.473197,13.856774
channel-85077,60119,30297128,30297138,10,2025-02-25 02:20:05.694858,2025-02-25 02:20:17.473197,11.778339
channel-85077,60120,30297128,30297138,10,2025-02-25 02:20:05.694858,2025-02-25 02:20:17.473197,11.778339
channel-85077,60121,30297143,30297151,8,2025-02-25 02:20:23.820095,2025-02-25 02:20:37.277022,13.456927
channel-0,4038500,30297146,30297155,9,2025-02-25 02:20:27.361761,2025-02-25 02:20:43.278636,15.916875
channel-143,128352,30297150,30297229,79,2025-02-25 02:20:36.167095,2025-02-25 02:22:25.304135,109.13704
channel-750,682760,30297153,30297164,11,2025-02-25 02:20:39.701122,2025-02-25 02:20:57.950193,18.249071
channel-750,682761,30297155,30297160,5,2025-02-25 02:20:43.278636,2025-02-25 02:20:53.140245,9.861609
channel-326,537880,30297156,30297159,3,2025-02-25 02:20:45.433696,2025-02-25 02:20:48.782851,3.349155
channel-6994,1324567,30297159,30297173,14,2025-02-25 02:20:48.782851,2025-02-25 02:21:11.270454,22.487603
channel-6994,1324568,30297159,30297173,14,2025-02-25 02:20:48.782851,2025-02-25 02:21:11.270454,22.487603
channel-208,1490177,30297163,30297173,10,2025-02-25 02:20:56.549431,2025-02-25 02:21:11.270454,14.721023
channel-6994,1324569,30297169,30297182,13,2025-02-25 02:21:05.047865,2025-02-25 02:21:21.988262,16.940397
channel-326,537881,30297173,30297179,6,2025-02-25 02:21:11.270454,2025-02-25 02:21:18.329733,7.059279
channel-750,682762,30297175,30297181,6,2025-02-25 02:21:13.543368,2025-02-25 02:21:20.753496,7.210128
channel-122,668020,30297178,30297182,4,2025-02-25 02:21:17.231413,2025-02-25 02:21:21.988262,4.756849
channel-6994,1324570,30297180,30297222,42,2025-02-25 02:21:19.505390,2025-02-25 02:22:12.574185,53.068795
channel-85077,60122,30297187,30297198,11,2025-02-25 02:21:27.673129,2025-02-25 02:21:41.671730,13.998601
channel-326,537882,30297194,30297228,34,2025-02-25 02:21:36.842946,2025-02-25 02:22:19.947270,43.104324
channel-326,537883,30297199,30297207,8,2025-02-25 02:21:42.836942,2025-02-25 02:21:55.356080,12.519138
channel-750,682763,30297202,30297211,9,2025-02-25 02:21:47.621421,2025-02-25 02:21:59.859419,12.237998
channel-750,682764,30297210,30297226,16,2025-02-25 02:21:58.746808,2025-02-25 02:22:17.429602,18.682794
channel-85791,3763,30297214,30297221,7,2025-02-25 02:22:03.184117,2025-02-25 02:22:11.328740,8.144623
channel-0,4038501,30297221,30297229,8,2025-02-25 02:22:11.328740,2025-02-25 02:22:25.304135,13.975395
channel-326,537884,30297227,30297233,6,2025-02-25 02:22:18.781315,2025-02-25 02:22:29.812473,11.031158
channel-208,1490178,30297228,30297240,12,2025-02-25 02:22:19.947270,2025-02-25 02:22:38.682396,18.735126
channel-0,4038502,30297230,30297239,9,2025-02-25 02:22:26.345871,2025-02-25 02:22:37.402844,11.056973
channel-750,682765,30297236,30297241,5,2025-02-25 02:22:33.371477,2025-02-25 02:22:39.782042,6.410565
channel-85791,3764,30297238,30297244,6,2025-02-25 02:22:36.137508,2025-02-25 02:22:43.196061,7.058553
channel-6994,1324571,30297240,30297252,12,2025-02-25 02:22:38.682396,2025-02-25 02:22:55.584006,16.90161
channel-6994,1324572,30297243,30297279,36,2025-02-25 02:22:42.033631,2025-02-25 02:23:29.764078,47.730447
channel-326,537885,30297243,30297248,5,2025-02-25 02:22:42.033631,2025-02-25 02:22:49.964301,7.93067
channel-19774,345964,30297244,30297259,15,2025-02-25 02:22:43.196061,2025-02-25 02:23:04.005887,20.809826
channel-85791,3765,30297257,30297262,5,2025-02-25 02:23:01.366579,2025-02-25 02:23:07.546529,6.17995
channel-0,4038503,30297263,30297270,7,2025-02-25 02:23:09.674992,2025-02-25 02:23:17.737656,8.062664
channel-0,4038504,30297269,30297278,9,2025-02-25 02:23:16.546257,2025-02-25 02:23:28.629626,12.083369
channel-85791,3766,30297276,30297281,5,2025-02-25 02:23:25.306194,2025-02-25 02:23:33.057308,7.751114
channel-326,537886,30297290,30297297,7,2025-02-25 02:23:43.146736,2025-02-25 02:23:51.352682,8.205946
channel-85791,3767,30297296,30297302,6,2025-02-25 02:23:50.276908,2025-02-25 02:23:58.382396,8.105488
channel-6994,1324573,30297296,30297306,10,2025-02-25 02:23:50.276908,2025-02-25 02:24:03.411845,13.134937
channel-874,293087,30297307,30297313,6,2025-02-25 02:24:04.549133,2025-02-25 02:24:11.730015,7.180882
channel-6994,1324574,30297308,30297348,40,2025-02-25 02:24:05.783501,2025-02-25 02:25:00.836776,55.053275
channel-95,331595,30297314,30297329,15,2025-02-25 02:24:12.978848,2025-02-25 02:24:34.720826,21.741978
channel-326,537887,30297319,30297329,10,2025-02-25 02:24:19.616217,2025-02-25 02:24:34.720826,15.104609
channel-19774,345965,30297321,30297335,14,2025-02-25 02:24:22.070038,2025-02-25 02:24:41.664758,19.59472
channel-98451,40,30297333,30297344,11,2025-02-25 02:24:39.313223,2025-02-25 02:24:54.824610,15.511387
channel-188,190578,30297335,30297355,20,2025-02-25 02:24:41.664758,2025-02-25 02:25:09.309634,27.644876
channel-143,128353,30297336,30297374,38,2025-02-25 02:24:42.895600,2025-02-25 02:25:37.681953,54.786353
channel-326,537888,30297340,30297347,7,2025-02-25 02:24:47.744979,2025-02-25 02:24:58.648289,10.90331
channel-6994,1324575,30297347,30297356,9,2025-02-25 02:24:58.648289,2025-02-25 02:25:13.771353,15.123064
channel-750,682766,30297348,30297353,5,2025-02-25 02:25:00.836776,2025-02-25 02:25:06.844444,6.007668
channel-326,537889,30297355,30297362,7,2025-02-25 02:25:09.309634,2025-02-25 02:25:20.915953,11.606319
channel-750,682767,30297366,30297370,4,2025-02-25 02:25:26.781237,2025-02-25 02:25:33.025508,6.244271
channel-6994,1324576,30297367,30297414,47,2025-02-25 02:25:27.964183,2025-02-25 02:26:30.905807,62.941624
channel-199,132732,30297377,30297385,8,2025-02-25 02:25:42.148268,2025-02-25 02:25:52.201863,10.053595
channel-6994,1324577,30297377,30297388,11,2025-02-25 02:25:42.148268,2025-02-25 02:25:55.944319,13.796051
channel-782,310199,30297390,30297396,6,2025-02-25 02:25:58.177127,2025-02-25 02:26:06.388654,8.211527
channel-85077,60123,30297399,30297407,8,2025-02-25 02:26:09.666331,2025-02-25 02:26:20.286450,10.620119
channel-326,537890,30297407,30297413,6,2025-02-25 02:26:20.286450,2025-02-25 02:26:29.786816,9.500366
channel-143,128354,30297422,30297448,26,2025-02-25 02:26:39.892843,2025-02-25 02:27:14.098145,34.205302
channel-6994,1324578,30297427,30297468,41,2025-02-25 02:26:46.844919,2025-02-25 02:27:38.019739,51.17482
channel-326,537891,30297431,30297436,5,2025-02-25 02:26:51.497850,2025-02-25 02:26:57.795876,6.298026
channel-0,4038505,30297437,30297449,12,2025-02-25 02:26:58.944808,2025-02-25 02:27:15.239659,16.294851
channel-750,682768,30297445,30297456,11,2025-02-25 02:27:10.312131,2025-02-25 02:27:23.083920,12.771789
channel-326,537892,30297461,30297473,12,2025-02-25 02:27:29.282275,2025-02-25 02:27:44.251110,14.968835
channel-232,49198,30297463,30297475,12,2025-02-25 02:27:31.662296,2025-02-25 02:27:46.371852,14.709556
channel-0,4038506,30297482,30297500,18,2025-02-25 02:27:55.706933,2025-02-25 02:28:20.159350,24.452417
channel-326,537893,30297483,30297488,5,2025-02-25 02:27:56.954679,2025-02-25 02:28:02.726517,5.771838
channel-208,1490179,30297486,30297493,7,2025-02-25 02:28:00.398036,2025-02-25 02:28:09.765417,9.367381
channel-6994,1324579,30297491,30297530,39,2025-02-25 02:28:07.576814,2025-02-25 02:28:56.349873,48.773059
channel-326,537894,30297495,30297503,8,2025-02-25 02:28:11.932123,2025-02-25 02:28:24.088691,12.156568
channel-88,467114,30297495,30297512,17,2025-02-25 02:28:11.932123,2025-02-25 02:28:35.418141,23.486018
channel-208,1490180,30297503,30297515,12,2025-02-25 02:28:24.088691,2025-02-25 02:28:39.015433,14.926742
channel-1279,67127,30297525,30297558,33,2025-02-25 02:28:50.490216,2025-02-25 02:29:31.939583,41.449367
channel-188,190579,30297537,30297557,20,2025-02-25 02:29:04.874546,2025-02-25 02:29:29.643430,24.768884
channel-85077,60124,30297538,30297557,19,2025-02-25 02:29:06.069197,2025-02-25 02:29:29.643430,23.574233
channel-412,64571,30297541,30297552,11,2025-02-25 02:29:10.729488,2025-02-25 02:29:23.719935,12.990447
channel-0,4038507,30297551,30297564,13,2025-02-25 02:29:22.372013,2025-02-25 02:29:39.663154,17.291141
channel-6994,1324580,30297555,30297589,34,2025-02-25 02:29:27.266320,2025-02-25 02:30:16.204525,48.938205
channel-6994,1324581,30297564,30297571,7,2025-02-25 02:29:39.663154,2025-02-25 02:29:51.506479,11.843325
channel-6994,1324582,30297570,30297580,10,2025-02-25 02:29:50.245995,2025-02-25 02:30:04.332676,14.086681
channel-115,20396,30297572,30297585,13,2025-02-25 02:29:52.833429,2025-02-25 02:30:10.172399,17.33897
channel-326,537895,30297574,30297579,5,2025-02-25 02:29:55.174308,2025-02-25 02:30:02.152570,6.978262
channel-188,190580,30297585,30297604,19,2025-02-25 02:30:10.172399,2025-02-25 02:30:34.324083,24.151684
channel-326,537896,30297589,30297594,5,2025-02-25 02:30:16.204525,2025-02-25 02:30:22.228307,6.023782
channel-122,668023,30297592,30297597,5,2025-02-25 02:30:19.686505,2025-02-25 02:30:25.733956,6.047451
channel-0,4038508,30297594,30297604,10,2025-02-25 02:30:22.228307,2025-02-25 02:30:34.324083,12.095776
channel-122,668024,30297595,30297599,4,2025-02-25 02:30:23.374915,2025-02-25 02:30:28.045315,4.6704
channel-6994,1324583,30297597,30297607,10,2025-02-25 02:30:25.733956,2025-02-25 02:30:38.666919,12.932963
channel-326,537897,30297605,30297678,73,2025-02-25 02:30:35.457242,2025-02-25 02:32:08.694674,93.237432
channel-199,132733,30297614,30297626,12,2025-02-25 02:30:47.060038,2025-02-25 02:31:00.733801,13.673763
channel-6994,1324584,30297616,30297656,40,2025-02-25 02:30:49.346982,2025-02-25 02:31:39.867637,50.520655
channel-326,537898,30297617,30297627,10,2025-02-25 02:30:50.567694,2025-02-25 02:31:02.834340,12.266646
channel-0,4038509,30297618,30297808,190,2025-02-25 02:30:51.779907,2025-02-25 02:35:03.146967,251.36706
channel-1575,15192,30297620,30297631,11,2025-02-25 02:30:54.068368,2025-02-25 02:31:08.419954,14.351586
channel-750,682769,30297630,30297635,5,2025-02-25 02:31:07.299495,2025-02-25 02:31:13.411658,6.112163
channel-750,682770,30297638,30297647,9,2025-02-25 02:31:19.175073,2025-02-25 02:31:29.663043,10.48797
channel-188,190581,30297642,30297665,23,2025-02-25 02:31:23.939158,2025-02-25 02:31:51.835326,27.896168
channel-326,537899,30297651,30297658,7,2025-02-25 02:31:34.316988,2025-02-25 02:31:42.696987,8.379999
channel-750,682771,30297651,30297661,10,2025-02-25 02:31:34.316988,2025-02-25 02:31:46.181452,11.864464
channel-326,537900,30297661,30297669,8,2025-02-25 02:31:46.181452,2025-02-25 02:31:58.518734,12.337282
channel-326,537901,30297669,30297678,9,2025-02-25 02:31:58.518734,2025-02-25 02:32:08.694674,10.17594
channel-6994,1324585,30297691,30297703,12,2025-02-25 02:32:25.845131,2025-02-25 02:32:42.641341,16.79621
channel-326,537902,30297701,30297707,6,2025-02-25 02:32:40.315066,2025-02-25 02:32:47.430090,7.115024
channel-326,537903,30297704,30297711,7,2025-02-25 02:32:43.873906,2025-02-25 02:32:52.352706,8.4788
channel-767,14367,30297705,30297712,7,2025-02-25 02:32:45.126624,2025-02-25 02:32:54.843878,9.717254
channel-122,668025,30297709,30297712,3,2025-02-25 02:32:49.793722,2025-02-25 02:32:54.843878,5.050156
channel-0,4038510,30297718,30297727,9,2025-02-25 02:33:02.905935,2025-02-25 02:33:14.050228,11.144293
channel-326,537904,30297722,30297761,39,2025-02-25 02:33:07.914878,2025-02-25 02:34:00.613955,52.699077
channel-6994,1324586,30297725,30297734,9,2025-02-25 02:33:11.687526,2025-02-25 02:33:24.056344,12.368818
channel-326,537905,30297725,30297734,9,2025-02-25 02:33:11.687526,2025-02-25 02:33:24.056344,12.368818
channel-85077,60125,30297731,30297741,10,2025-02-25 02:33:18.697002,2025-02-25 02:33:32.304430,13.607428
channel-750,682772,30297735,30297740,5,2025-02-25 02:33:25.280573,2025-02-25 02:33:31.098950,5.818377
channel-85077,60126,30297737,30297747,10,2025-02-25 02:33:27.732794,2025-02-25 02:33:39.225445,11.492651
channel-326,537906,30297750,30297754,4,2025-02-25 02:33:42.873817,2025-02-25 02:33:48.463956,5.590139
channel-143,128355,30297754,30297767,13,2025-02-25 02:33:48.463956,2025-02-25 02:34:08.282797,19.818841
channel-0,4038511,30297756,30297767,11,2025-02-25 02:33:54.717977,2025-02-25 02:34:08.282797,13.56482
channel-750,682773,30297765,30297772,7,2025-02-25 02:34:05.462426,2025-02-25 02:34:14.087096,8.62467
channel-326,537907,30297778,30297783,5,2025-02-25 02:34:20.809245,2025-02-25 02:34:30.545022,9.735777
channel-88,467115,30297778,30297851,73,2025-02-25 02:34:20.809245,2025-02-25 02:35:59.054108,98.244863
channel-326,537908,30297794,30297800,6,2025-02-25 02:34:43.979015,2025-02-25 02:34:51.729213,7.750198
channel-750,682774,30297797,30297802,5,2025-02-25 02:34:47.562444,2025-02-25 02:34:54.047991,6.485547
channel-208,1490181,30297803,30297813,10,2025-02-25 02:34:56.339971,2025-02-25 02:35:09.722818,13.382847
channel-259,314295,30297803,30297809,6,2025-02-25 02:34:56.339971,2025-02-25 02:35:04.324649,7.984678
channel-115,20397,30297814,30297828,14,2025-02-25 02:35:10.947290,2025-02-25 02:35:28.110713,17.163423
channel-89298,18661,30297816,30297828,12,2025-02-25 02:35:13.434129,2025-02-25 02:35:28.110713,14.676584
channel-0,4038512,30297816,30297822,6,2025-02-25 02:35:13.434129,2025-02-25 02:35:21.062976,7.628847
channel-0,4038513,30297820,30297830,10,2025-02-25 02:35:18.815605,2025-02-25 02:35:31.703355,12.88775
channel-216,94225,30297820,30297889,69,2025-02-25 02:35:18.815605,2025-02-25 02:36:50.330808,91.515203
channel-208,1490182,30297820,30297830,10,2025-02-25 02:35:18.815605,2025-02-25 02:35:31.703355,12.88775
channel-208,1490183,30297825,30297835,10,2025-02-25 02:35:24.545156,2025-02-25 02:35:38.021637,13.476481
channel-750,682775,30297828,30297842,14,2025-02-25 02:35:28.110713,2025-02-25 02:35:48.406615,20.295902
channel-1,408377,30297830,30297877,47,2025-02-25 02:35:31.703355,2025-02-25 02:36:35.198258,63.494903
channel-326,537909,30297834,30297842,8,2025-02-25 02:35:36.736698,2025-02-25 02:35:48.406615,11.669917
channel-326,537910,30297845,30297850,5,2025-02-25 02:35:52.056621,2025-02-25 02:35:57.761403,5.704782
channel-0,4038514,30297851,30297858,7,2025-02-25 02:35:59.054108,2025-02-25 02:36:09.716716,10.662608
channel-0,4038515,30297865,30297877,12,2025-02-25 02:36:18.716999,2025-02-25 02:36:35.198258,16.481259
channel-6994,1324587,30297867,30297877,10,2025-02-25 02:36:22.455314,2025-02-25 02:36:35.198258,12.742944
channel-326,537911,30297874,30297879,5,2025-02-25 02:36:30.704723,2025-02-25 02:36:38.822956,8.118233
channel-326,537912,30297883,30297893,10,2025-02-25 02:36:43.527300,2025-02-25 02:36:54.749111,11.221811
channel-0,4038516,30297892,30297902,10,2025-02-25 02:36:53.606208,2025-02-25 02:37:05.865221,12.259013
channel-38946,124184,30297894,30297907,13,2025-02-25 02:36:55.899236,2025-02-25 02:37:12.066588,16.167352
channel-0,4038517,30297896,30297903,7,2025-02-25 02:36:58.314140,2025-02-25 02:37:07.114667,8.800527
channel-1,408378,30297922,30297932,10,2025-02-25 02:37:30.738985,2025-02-25 02:37:46.268497,15.529512
channel-6994,1324588,30297922,30297931,9,2025-02-25 02:37:30.738985,2025-02-25 02:37:44.137070,13.398085
channel-0,4038518,30297924,30297932,8,2025-02-25 02:37:32.996258,2025-02-25 02:37:46.268497,13.272239
channel-85077,60127,30297926,30297940,14,2025-02-25 02:37:35.602374,2025-02-25 02:37:56.073962,20.471588
channel-326,537913,30297930,30297936,6,2025-02-25 02:37:42.953715,2025-02-25 02:37:51.433482,8.479767
channel-0,4038519,30297940,30297952,12,2025-02-25 02:37:56.073962,2025-02-25 02:38:12.155768,16.081806
channel-122,668026,30297945,30297948,3,2025-02-25 02:38:03.991043,2025-02-25 02:38:07.665247,3.674204
channel-0,4038520,30297945,30297957,12,2025-02-25 02:38:03.991043,2025-02-25 02:38:18.091071,14.100028
channel-0,4038521,30297953,30297983,30,2025-02-25 02:38:13.332685,2025-02-25 02:38:54.767202,41.434517
channel-216,94226,30297963,30298053,90,2025-02-25 02:38:25.842541,2025-02-25 02:40:24.856205,119.013664
channel-0,4038522,30297965,30297977,12,2025-02-25 02:38:29.144708,2025-02-25 02:38:44.481739,15.337031
channel-85077,60128,30297974,30297982,8,2025-02-25 02:38:40.780216,2025-02-25 02:38:53.607231,12.827015
channel-326,537914,30297981,30297991,10,2025-02-25 02:38:49.212981,2025-02-25 02:39:04.604112,15.391131
channel-122,668027,30297981,30297985,4,2025-02-25 02:38:49.212981,2025-02-25 02:38:57.353067,8.140086
channel-208,1490184,30297983,30297994,11,2025-02-25 02:38:54.767202,2025-02-25 02:39:08.029900,13.262698
channel-199,132734,30297983,30297995,12,2025-02-25 02:38:54.767202,2025-02-25 02:39:09.177680,14.410478
channel-85077,60129,30297987,30297996,9,2025-02-25 02:38:59.606571,2025-02-25 02:39:10.264208,10.657637
channel-1429,140720,30297992,30298002,10,2025-02-25 02:39:05.777515,2025-02-25 02:39:17.796044,12.018529
channel-0,4038523,30298005,30298011,6,2025-02-25 02:39:22.278903,2025-02-25 02:39:29.340029,7.061126
channel-326,537915,30298013,30298018,5,2025-02-25 02:39:31.716531,2025-02-25 02:39:40.258807,8.542276
channel-750,682776,30298015,30298028,13,2025-02-25 02:39:35.789707,2025-02-25 02:39:54.023116,18.233409
channel-326,537916,30298022,30298028,6,2025-02-25 02:39:47.153928,2025-02-25 02:39:54.023116,6.869188
channel-6994,1324589,30298027,30298039,12,2025-02-25 02:39:52.945849,2025-02-25 02:40:09.093398,16.147549
channel-6994,1324590,30298037,30298051,14,2025-02-25 02:40:06.577917,2025-02-25 02:40:22.634912,16.056995
channel-6994,1324591,30298040,30298056,16,2025-02-25 02:40:10.227777,2025-02-25 02:40:28.394274,18.166497
channel-85077,60130,30298048,30298058,10,2025-02-25 02:40:19.291637,2025-02-25 02:40:31.082453,11.790816
channel-38946,124185,30298057,30298068,11,2025-02-25 02:40:29.633700,2025-02-25 02:40:43.166010,13.53231
channel-0,4038524,30298064,30298075,11,2025-02-25 02:40:38.638431,2025-02-25 02:40:53.452254,14.813823
channel-208,1490185,30298067,30298078,11,2025-02-25 02:40:42.035729,2025-02-25 02:40:57.118846,15.083117
channel-326,537917,30298073,30298082,9,2025-02-25 02:40:51.210972,2025-02-25 02:41:02.015229,10.804257
channel-750,682777,30298088,30298100,12,2025-02-25 02:41:09.875555,2025-02-25 02:41:24.362593,14.487038
channel-143,128356,30298088,30298100,12,2025-02-25 02:41:09.875555,2025-02-25 02:41:24.362593,14.487038
channel-122,668028,30298088,30298094,6,2025-02-25 02:41:09.875555,2025-02-25 02:41:16.893337,7.017782
channel-0,4038525,30298092,30298101,9,2025-02-25 02:41:14.586389,2025-02-25 02:41:29.742038,15.155649
channel-199,132735,30298095,30298103,8,2025-02-25 02:41:18.061710,2025-02-25 02:41:32.182112,14.120402
channel-326,537918,30298100,30298105,5,2025-02-25 02:41:24.362593,2025-02-25 02:41:34.429672,10.067079
channel-208,1490186,30298101,30298113,12,2025-02-25 02:41:29.742038,2025-02-25 02:41:43.401421,13.659383
channel-199,132736,30298105,30298118,13,2025-02-25 02:41:34.429672,2025-02-25 02:41:49.305259,14.875587
channel-874,293088,30298108,30298115,7,2025-02-25 02:41:37.707902,2025-02-25 02:41:45.672091,7.964189
channel-0,4038526,30298108,30298117,9,2025-02-25 02:41:37.707902,2025-02-25 02:41:48.101524,10.393622
channel-143,128357,30298114,30298234,120,2025-02-25 02:41:44.614503,2025-02-25 02:44:26.570814,161.956311
channel-0,4038527,30298117,30298126,9,2025-02-25 02:41:48.101524,2025-02-25 02:42:00.661882,12.560358
channel-326,537919,30298117,30298123,6,2025-02-25 02:41:48.101524,2025-02-25 02:41:56.752498,8.650974
channel-0,4038528,30298119,30298130,11,2025-02-25 02:41:51.815747,2025-02-25 02:42:06.800710,14.984963
channel-6994,1324592,30298119,30298129,10,2025-02-25 02:41:51.815747,2025-02-25 02:42:05.073270,13.257523
channel-1,408379,30298121,30298138,17,2025-02-25 02:41:54.450585,2025-02-25 02:42:17.558215,23.10763
channel-1,408380,30298125,30298138,13,2025-02-25 02:41:59.372925,2025-02-25 02:42:17.558215,18.18529
channel-750,682778,30298126,30298135,9,2025-02-25 02:42:00.661882,2025-02-25 02:42:13.682105,13.020223
channel-1,408381,30298128,30298138,10,2025-02-25 02:42:03.957367,2025-02-25 02:42:17.558215,13.600848
channel-6787,166706,30298130,30298134,4,2025-02-25 02:42:06.800710,2025-02-25 02:42:12.579625,5.778915
channel-1,408382,30298135,30298148,13,2025-02-25 02:42:13.682105,2025-02-25 02:42:30.654302,16.972197
channel-6994,1324593,30298139,30298153,14,2025-02-25 02:42:18.732843,2025-02-25 02:42:37.783411,19.050568
channel-750,682779,30298144,30298149,5,2025-02-25 02:42:25.804625,2025-02-25 02:42:31.897745,6.09312
channel-0,4038529,30298150,30298162,12,2025-02-25 02:42:33.046878,2025-02-25 02:42:49.519358,16.47248
channel-783,104240,30298151,30298158,7,2025-02-25 02:42:35.307787,2025-02-25 02:42:44.523965,9.216178
channel-2694,3287,30298157,30298173,16,2025-02-25 02:42:43.115400,2025-02-25 02:43:03.249276,20.133876
channel-326,537920,30298160,30298166,6,2025-02-25 02:42:46.756413,2025-02-25 02:42:53.973721,7.217308
channel-750,682780,30298167,30298173,6,2025-02-25 02:42:56.270978,2025-02-25 02:43:03.249276,6.978298
channel-6994,1324594,30298167,30298176,9,2025-02-25 02:42:56.270978,2025-02-25 02:43:08.023655,11.752677
channel-199,132737,30298180,30298190,10,2025-02-25 02:43:12.532121,2025-02-25 02:43:27.005746,14.473625
channel-216,94227,30298181,30298252,71,2025-02-25 02:43:13.882467,2025-02-25 02:44:49.259556,95.377089
channel-326,537921,30298186,30298193,7,2025-02-25 02:43:21.283339,2025-02-25 02:43:31.059549,9.77621
channel-216,94228,30298186,30298252,66,2025-02-25 02:43:21.283339,2025-02-25 02:44:49.259556,87.976217
channel-750,682781,30298187,30298195,8,2025-02-25 02:43:22.436897,2025-02-25 02:43:37.547146,15.110249
channel-750,682782,30298190,30298212,22,2025-02-25 02:43:27.005746,2025-02-25 02:43:58.439932,31.434186
channel-750,682783,30298191,30298200,9,2025-02-25 02:43:28.378783,2025-02-25 02:43:43.369006,14.990223
channel-750,682784,30298192,30298211,19,2025-02-25 02:43:29.483367,2025-02-25 02:43:57.097882,27.614515
channel-0,4038530,30298198,30298211,13,2025-02-25 02:43:40.957888,2025-02-25 02:43:57.097882,16.139994
channel-326,537922,30298200,30298206,6,2025-02-25 02:43:43.369006,2025-02-25 02:43:51.116885,7.747879
channel-216,94229,30298202,30298310,108,2025-02-25 02:43:46.661715,2025-02-25 02:46:03.428201,136.766486
channel-0,4038531,30298214,30298228,14,2025-02-25 02:44:01.963548,2025-02-25 02:44:18.651107,16.687559
channel-750,682785,30298228,30298241,13,2025-02-25 02:44:18.651107,2025-02-25 02:44:34.723985,16.072878
channel-0,4038532,30298231,30298243,12,2025-02-25 02:44:22.093588,2025-02-25 02:44:37.133210,15.039622
channel-750,682786,30298240,30298251,11,2025-02-25 02:44:33.697293,2025-02-25 02:44:48.174483,14.47719
channel-122,668029,30298243,30298247,4,2025-02-25 02:44:37.133210,2025-02-25 02:44:42.041706,4.908496
channel-326,537923,30298247,30298252,5,2025-02-25 02:44:42.041706,2025-02-25 02:44:49.259556,7.21785
channel-783,104241,30298253,30298262,9,2025-02-25 02:44:50.392890,2025-02-25 02:45:02.421017,12.028127
channel-85077,60131,30298255,30298265,10,2025-02-25 02:44:53.945495,2025-02-25 02:45:07.149263,13.203768
channel-85077,60132,30298257,30298271,14,2025-02-25 02:44:56.142473,2025-02-25 02:45:14.368398,18.225925
channel-6994,1324595,30298259,30298269,10,2025-02-25 02:44:58.448225,2025-02-25 02:45:12.071056,13.622831
channel-750,682787,30298260,30298265,5,2025-02-25 02:44:59.686032,2025-02-25 02:45:07.149263,7.463231
channel-750,682788,30298264,30298276,12,2025-02-25 02:45:04.725112,2025-02-25 02:45:21.963789,17.238677
channel-326,537924,30298272,30298277,5,2025-02-25 02:45:17.401068,2025-02-25 02:45:23.123976,5.722908
channel-750,682789,30298278,30298289,11,2025-02-25 02:45:24.280523,2025-02-25 02:45:37.108308,12.827785
channel-148,16088,30298288,30298296,8,2025-02-25 02:45:36.073541,2025-02-25 02:45:45.918812,9.845271
channel-2694,3288,30298290,30298310,20,2025-02-25 02:45:38.231697,2025-02-25 02:46:03.428201,25.196504
channel-208,1490187,30298290,30298302,12,2025-02-25 02:45:38.231697,2025-02-25 02:45:54.079993,15.848296
channel-326,537925,30298294,30298300,6,2025-02-25 02:45:43.666954,2025-02-25 02:45:51.777527,8.110573
channel-208,1490188,30298296,30298308,12,2025-02-25 02:45:45.918812,2025-02-25 02:46:00.742033,14.823221
channel-79703,4446,30298297,30298312,15,2025-02-25 02:45:47.182954,2025-02-25 02:46:06.873466,19.690512
channel-85077,60133,30298298,30298309,11,2025-02-25 02:45:48.309348,2025-02-25 02:46:02.030715,13.721367
channel-0,4038533,30298303,30298329,26,2025-02-25 02:45:55.220621,2025-02-25 02:46:27.788271,32.56765
channel-0,4038534,30298311,30298323,12,2025-02-25 02:46:04.562061,2025-02-25 02:46:20.270387,15.708326
channel-0,4038535,30298324,30298333,9,2025-02-25 02:46:21.688671,2025-02-25 02:46:33.455382,11.766711
channel-0,4038536,30298327,30298349,22,2025-02-25 02:46:25.603855,2025-02-25 02:46:55.096318,29.492463
channel-208,1490189,30298328,30298339,11,2025-02-25 02:46:26.676732,2025-02-25 02:46:41.663542,14.98681
channel-148,16089,30298330,30298337,7,2025-02-25 02:46:28.967955,2025-02-25 02:46:39.308363,10.340408
channel-85077,60134,30298332,30298340,8,2025-02-25 02:46:31.159309,2025-02-25 02:46:42.867589,11.70828
channel-750,682790,30298338,30298355,17,2025-02-25 02:46:40.435876,2025-02-25 02:47:04.614024,24.178148
channel-326,537926,30298340,30298348,8,2025-02-25 02:46:42.867589,2025-02-25 02:46:53.820720,10.953131
channel-783,104242,30298343,30298353,10,2025-02-25 02:46:47.413523,2025-02-25 02:47:02.156064,14.742541
channel-750,682791,30298350,30298360,10,2025-02-25 02:46:57.700113,2025-02-25 02:47:13.895548,16.195435
channel-750,682792,30298361,30298376,15,2025-02-25 02:47:15.598380,2025-02-25 02:47:34.957827,19.359447
channel-750,682793,30298361,30298373,12,2025-02-25 02:47:15.598380,2025-02-25 02:47:31.580820,15.98244
channel-326,537927,30298368,30298377,9,2025-02-25 02:47:25.629383,2025-02-25 02:47:36.174335,10.544952
channel-750,682794,30298368,30298374,6,2025-02-25 02:47:25.629383,2025-02-25 02:47:32.749954,7.120571
channel-75,845020,30298368,30298375,7,2025-02-25 02:47:25.629383,2025-02-25 02:47:33.825057,8.195674
channel-0,4038537,30298368,30298381,13,2025-02-25 02:47:25.629383,2025-02-25 02:47:41.570134,15.940751
channel-2694,3289,30298373,30298388,15,2025-02-25 02:47:31.580820,2025-02-25 02:47:49.758467,18.177647
channel-750,682795,30298383,30298396,13,2025-02-25 02:47:43.860591,2025-02-25 02:47:59.781437,15.920846
channel-85077,60135,30298384,30298399,15,2025-02-25 02:47:44.974779,2025-02-25 02:48:03.375230,18.400451
channel-326,537928,30298387,30298393,6,2025-02-25 02:47:48.589546,2025-02-25 02:47:56.254916,7.66537
channel-0,4038538,30298390,30298400,10,2025-02-25 02:47:52.271191,2025-02-25 02:48:07.752101,15.48091
channel-750,682796,30298399,30298413,14,2025-02-25 02:48:03.375230,2025-02-25 02:48:24.003911,20.628681
channel-115,20398,30298404,30298414,10,2025-02-25 02:48:12.126918,2025-02-25 02:48:25.098178,12.97126
channel-750,682797,30298408,30298419,11,2025-02-25 02:48:16.844048,2025-02-25 02:48:31.095728,14.25168
channel-6994,1324596,30298417,30298426,9,2025-02-25 02:48:28.582800,2025-02-25 02:48:40.089511,11.506711
channel-326,537929,30298429,30298440,11,2025-02-25 02:48:43.566202,2025-02-25 02:48:56.499153,12.932951
channel-208,1490190,30298434,30298442,8,2025-02-25 02:48:49.363202,2025-02-25 02:48:59.130513,9.767311
channel-750,682798,30298436,30298445,9,2025-02-25 02:48:51.990311,2025-02-25 02:49:03.412007,11.421696
channel-6994,1324597,30298449,30298459,10,2025-02-25 02:49:08.183425,2025-02-25 02:49:22.117443,13.934018
channel-750,682799,30298459,30298470,11,2025-02-25 02:49:22.117443,2025-02-25 02:49:37.735602,15.618159
channel-0,4038539,30298459,30298469,10,2025-02-25 02:49:22.117443,2025-02-25 02:49:36.567925,14.450482
channel-85077,60136,30298460,30298470,10,2025-02-25 02:49:24.635619,2025-02-25 02:49:37.735602,13.099983
channel-1429,140721,30298468,30298480,12,2025-02-25 02:49:34.409678,2025-02-25 02:49:49.696910,15.287232
channel-2694,3290,30298469,30298489,20,2025-02-25 02:49:36.567925,2025-02-25 02:50:05.600792,29.032867
channel-6994,1324598,30298473,30298500,27,2025-02-25 02:49:41.180053,2025-02-25 02:50:18.884499,37.704446
channel-326,537930,30298478,30298485,7,2025-02-25 02:49:47.328899,2025-02-25 02:49:59.568854,12.239955
channel-2188,43662,30298482,30298487,5,2025-02-25 02:49:55.008926,2025-02-25 02:50:02.176871,7.167945
channel-85077,60137,30298484,30298493,9,2025-02-25 02:49:57.387510,2025-02-25 02:50:10.204093,12.816583
channel-750,682800,30298484,30298488,4,2025-02-25 02:49:57.387510,2025-02-25 02:50:03.385632,5.998122
channel-85077,60138,30298486,30298505,19,2025-02-25 02:50:00.663177,2025-02-25 02:50:24.956243,24.293066
channel-326,537931,30298487,30298496,9,2025-02-25 02:50:02.176871,2025-02-25 02:50:14.203438,12.026567
channel-326,537932,30298501,30298507,6,2025-02-25 02:50:20.018107,2025-02-25 02:50:27.522498,7.504391
channel-85077,60139,30298502,30298511,9,2025-02-25 02:50:21.194777,2025-02-25 02:50:32.896354,11.701577
channel-85077,60140,30298505,30298518,13,2025-02-25 02:50:24.956243,2025-02-25 02:50:42.868584,17.912341
channel-750,682801,30298521,30298526,5,2025-02-25 02:50:46.465442,2025-02-25 02:50:53.052879,6.587437
channel-750,682802,30298522,30298537,15,2025-02-25 02:50:47.665099,2025-02-25 02:51:08.803209,21.13811
channel-85077,60141,30298523,30298532,9,2025-02-25 02:50:48.807565,2025-02-25 02:51:01.776836,12.969271
channel-750,682803,30298524,30298537,13,2025-02-25 02:50:50.054505,2025-02-25 02:51:08.803209,18.748704
channel-75755,5542,30298525,30298536,11,2025-02-25 02:50:51.252799,2025-02-25 02:51:07.371490,16.118691
channel-326,537933,30298526,30298531,5,2025-02-25 02:50:53.052879,2025-02-25 02:50:58.825724,5.772845
channel-750,682804,30298535,30298554,19,2025-02-25 02:51:05.155733,2025-02-25 02:51:28.679769,23.524036
channel-6994,1324599,30298540,30298568,28,2025-02-25 02:51:12.198955,2025-02-25 02:51:48.724121,36.525166
channel-750,682805,30298542,30298553,11,2025-02-25 02:51:14.382029,2025-02-25 02:51:27.546236,13.164207
channel-326,537934,30298557,30298563,6,2025-02-25 02:51:34.334427,2025-02-25 02:51:41.809780,7.475353
channel-85077,60142,30298558,30298568,10,2025-02-25 02:51:36.037981,2025-02-25 02:51:48.724121,12.68614
channel-8945,17749,30298560,30298570,10,2025-02-25 02:51:38.351055,2025-02-25 02:51:52.002541,13.651486
channel-326,537935,30298566,30298575,9,2025-02-25 02:51:46.322522,2025-02-25 02:51:57.631345,11.308823
channel-91017,2838,30298566,30298973,407,2025-02-25 02:51:46.322522,2025-02-25 03:01:26.180526,579.858004
channel-1,408383,30298568,30298625,57,2025-02-25 02:51:48.724121,2025-02-25 02:53:10.376017,81.651896
channel-0,4038540,30298573,30298584,11,2025-02-25 02:51:55.320761,2025-02-25 02:52:08.622769,13.302008
channel-6994,1324600,30298588,30298600,12,2025-02-25 02:52:16.400874,2025-02-25 02:52:30.948716,14.547842
channel-2716,2665,30298591,30298657,66,2025-02-25 02:52:20.432606,2025-02-25 02:53:52.996181,92.563575
channel-89321,19453,30298595,30298603,8,2025-02-25 02:52:25.191598,2025-02-25 02:52:36.300895,11.109297
channel-0,4038541,30298604,30298634,30,2025-02-25 02:52:41.049357,2025-02-25 02:53:22.085094,41.035737
channel-259,314296,30298606,30298613,7,2025-02-25 02:52:44.587693,2025-02-25 02:52:53.741754,9.154061
channel-326,537936,30298608,30298613,5,2025-02-25 02:52:47.504131,2025-02-25 02:52:53.741754,6.237623
channel-0,4038542,30298611,30298629,18,2025-02-25 02:52:51.274561,2025-02-25 02:53:16.214606,24.940045
channel-85077,60143,30298612,30298621,9,2025-02-25 02:52:52.491998,2025-02-25 02:53:05.034224,12.542226
channel-188,190582,30298613,30298638,25,2025-02-25 02:52:53.741754,2025-02-25 02:53:27.856669,34.114915
channel-85077,60144,30298615,30298623,8,2025-02-25 02:52:57.760596,2025-02-25 02:53:07.786903,10.026307
channel-0,4038543,30298617,30298629,12,2025-02-25 02:53:00.229907,2025-02-25 02:53:16.214606,15.984699
channel-874,293089,30298617,30298624,7,2025-02-25 02:53:00.229907,2025-02-25 02:53:08.955595,8.725688
channel-750,682806,30298619,30298636,17,2025-02-25 02:53:02.603461,2025-02-25 02:53:25.463222,22.859761
channel-85077,60145,30298625,30298634,9,2025-02-25 02:53:10.376017,2025-02-25 02:53:22.085094,11.709077
channel-85077,60146,30298626,30298640,14,2025-02-25 02:53:11.570079,2025-02-25 02:53:30.243738,18.673659
channel-6994,1324601,30298628,30298640,12,2025-02-25 02:53:14.940847,2025-02-25 02:53:30.243738,15.302891
channel-750,682807,30298630,30298642,12,2025-02-25 02:53:17.312736,2025-02-25 02:53:32.640846,15.32811
channel-750,682808,30298635,30298646,11,2025-02-25 02:53:23.212899,2025-02-25 02:53:38.366961,15.154062
channel-750,682809,30298637,30298650,13,2025-02-25 02:53:26.573817,2025-02-25 02:53:44.249405,17.675588
channel-750,682810,30298637,30298642,5,2025-02-25 02:53:26.573817,2025-02-25 02:53:32.640846,6.067029
channel-750,682811,30298641,30298651,10,2025-02-25 02:53:31.552537,2025-02-25 02:53:45.399241,13.846704
channel-750,682812,30298642,30298655,13,2025-02-25 02:53:32.640846,2025-02-25 02:53:50.085573,17.444727
channel-85077,60147,30298645,30298653,8,2025-02-25 02:53:37.172185,2025-02-25 02:53:47.585882,10.413697
channel-208,1490191,30298649,30298659,10,2025-02-25 02:53:41.836207,2025-02-25 02:53:55.355457,13.51925
channel-326,537937,30298649,30298655,6,2025-02-25 02:53:41.836207,2025-02-25 02:53:50.085573,8.249366
channel-19774,345966,30298649,30298659,10,2025-02-25 02:53:41.836207,2025-02-25 02:53:55.355457,13.51925
channel-208,1490192,30298652,30298662,10,2025-02-25 02:53:46.462644,2025-02-25 02:53:58.907748,12.445104
channel-750,682813,30298660,30298667,7,2025-02-25 02:53:56.667760,2025-02-25 02:54:09.223923,12.556163
channel-6994,1324602,30298660,30298667,7,2025-02-25 02:53:56.667760,2025-02-25 02:54:09.223923,12.556163
channel-750,682814,30298662,30298675,13,2025-02-25 02:53:58.907748,2025-02-25 02:54:18.949107,20.041359
channel-874,293090,30298662,30298670,8,2025-02-25 02:53:58.907748,2025-02-25 02:54:12.630808,13.72306
channel-750,682815,30298665,30298678,13,2025-02-25 02:54:05.925118,2025-02-25 02:54:23.673649,17.748531
channel-750,682816,30298665,30298677,12,2025-02-25 02:54:05.925118,2025-02-25 02:54:22.444578,16.51946
channel-208,1490193,30298666,30298676,10,2025-02-25 02:54:07.045788,2025-02-25 02:54:20.239258,13.19347
channel-750,682817,30298666,30298671,5,2025-02-25 02:54:07.045788,2025-02-25 02:54:13.787241,6.741453
channel-750,682818,30298667,30298680,13,2025-02-25 02:54:09.223923,2025-02-25 02:54:26.012289,16.788366
channel-259,314297,30298668,30298676,8,2025-02-25 02:54:10.323158,2025-02-25 02:54:20.239258,9.9161
channel-750,682819,30298683,30298693,10,2025-02-25 02:54:29.632370,2025-02-25 02:54:44.108348,14.475978
channel-208,1490194,30298687,30298697,10,2025-02-25 02:54:35.395066,2025-02-25 02:54:48.723947,13.328881
channel-750,682820,30298687,30298699,12,2025-02-25 02:54:35.395066,2025-02-25 02:54:51.000763,15.605697
channel-122,668030,30298691,30298695,4,2025-02-25 02:54:41.717046,2025-02-25 02:54:46.326727,4.609681
channel-326,537938,30298692,30298699,7,2025-02-25 02:54:42.825387,2025-02-25 02:54:51.000763,8.175376
channel-259,314298,30298694,30298701,7,2025-02-25 02:54:45.218664,2025-02-25 02:54:53.464682,8.246018
channel-208,1490195,30298695,30298706,11,2025-02-25 02:54:46.326727,2025-02-25 02:55:01.062212,14.735485
channel-208,1490196,30298697,30298706,9,2025-02-25 02:54:48.723947,2025-02-25 02:55:01.062212,12.338265
channel-326,537939,30298701,30298709,8,2025-02-25 02:54:53.464682,2025-02-25 02:55:07.844381,14.379699
channel-750,682821,30298706,30298715,9,2025-02-25 02:55:01.062212,2025-02-25 02:55:16.399688,15.337476
channel-750,682822,30298706,30298716,10,2025-02-25 02:55:01.062212,2025-02-25 02:55:17.577503,16.515291
channel-38946,124186,30298706,30298721,15,2025-02-25 02:55:01.062212,2025-02-25 02:55:23.526103,22.463891
channel-208,1490197,30298706,30298717,11,2025-02-25 02:55:01.062212,2025-02-25 02:55:18.675966,17.613754
channel-6994,1324603,30298711,30298743,32,2025-02-25 02:55:10.153561,2025-02-25 02:55:51.018743,40.865182
channel-874,293091,30298717,30298723,6,2025-02-25 02:55:18.675966,2025-02-25 02:55:25.837775,7.161809
channel-750,682823,30298717,30298735,18,2025-02-25 02:55:18.675966,2025-02-25 02:55:40.293464,21.617498
channel-208,1490198,30298726,30298736,10,2025-02-25 02:55:29.928235,2025-02-25 02:55:41.425687,11.497452
channel-750,682824,30298726,30298738,12,2025-02-25 02:55:29.928235,2025-02-25 02:55:44.107441,14.179206
channel-2694,3291,30298728,30298743,15,2025-02-25 02:55:32.260714,2025-02-25 02:55:51.018743,18.758029
channel-6994,1324604,30298729,30298743,14,2025-02-25 02:55:33.410414,2025-02-25 02:55:51.018743,17.608329
channel-750,682825,30298733,30298742,9,2025-02-25 02:55:38.091108,2025-02-25 02:55:49.844687,11.753579
channel-208,1490199,30298739,30298749,10,2025-02-25 02:55:45.191611,2025-02-25 02:55:59.400050,14.208439
channel-326,537940,30298743,30298748,5,2025-02-25 02:55:51.018743,2025-02-25 02:55:56.976049,5.957306
channel-750,682826,30298746,30298749,3,2025-02-25 02:55:54.710457,2025-02-25 02:55:59.400050,4.689593
channel-85077,60148,30298748,30298761,13,2025-02-25 02:55:56.976049,2025-02-25 02:56:20.961761,23.985712
channel-85077,60149,30298751,30298784,33,2025-02-25 02:56:01.578949,2025-02-25 02:56:56.391806,54.812857
channel-122,668031,30298753,30298762,9,2025-02-25 02:56:04.094053,2025-02-25 02:56:22.906923,18.81287
channel-874,293092,30298755,30298762,7,2025-02-25 02:56:07.873846,2025-02-25 02:56:22.906923,15.033077
channel-750,682827,30298760,30298769,9,2025-02-25 02:56:19.555394,2025-02-25 02:56:35.798229,16.242835
channel-89298,18662,30298761,30298770,9,2025-02-25 02:56:20.961761,2025-02-25 02:56:37.200756,16.238995
channel-204,670802,30298764,30298770,6,2025-02-25 02:56:26.897796,2025-02-25 02:56:37.200756,10.30296
channel-750,682828,30298767,30298776,9,2025-02-25 02:56:32.542243,2025-02-25 02:56:46.267960,13.725717
channel-326,537941,30298768,30298773,5,2025-02-25 02:56:34.341936,2025-02-25 02:56:41.382828,7.040892
channel-750,682829,30298768,30298784,16,2025-02-25 02:56:34.341936,2025-02-25 02:56:56.391806,22.04987
channel-750,682830,30298770,30298784,14,2025-02-25 02:56:37.200756,2025-02-25 02:56:56.391806,19.19105
channel-0,4038544,30298771,30298795,24,2025-02-25 02:56:38.639378,2025-02-25 02:57:12.875266,34.235888
channel-188,190583,30298771,30298813,42,2025-02-25 02:56:38.639378,2025-02-25 02:57:36.568171,57.928793
channel-750,682831,30298773,30298788,15,2025-02-25 02:56:41.382828,2025-02-25 02:57:02.491655,21.108827
channel-0,4038545,30298775,30298784,9,2025-02-25 02:56:45.098143,2025-02-25 02:56:56.391806,11.293663
channel-326,537942,30298778,30298784,6,2025-02-25 02:56:48.750107,2025-02-25 02:56:56.391806,7.641699
channel-750,682832,30298778,30298784,6,2025-02-25 02:56:48.750107,2025-02-25 02:56:56.391806,7.641699
channel-750,682833,30298779,30298784,5,2025-02-25 02:56:49.927821,2025-02-25 02:56:56.391806,6.463985
channel-42,1490003,30298784,30298792,8,2025-02-25 02:56:56.391806,2025-02-25 02:57:07.758489,11.366683
channel-208,1490200,30298784,30298795,11,2025-02-25 02:56:56.391806,2025-02-25 02:57:12.875266,16.48346
channel-750,682834,30298784,30298790,6,2025-02-25 02:56:56.391806,2025-02-25 02:57:05.337679,8.945873
channel-326,537943,30298786,30298797,11,2025-02-25 02:56:59.935463,2025-02-25 02:57:15.417935,15.482472
channel-1,408384,30298786,30298821,35,2025-02-25 02:56:59.935463,2025-02-25 02:57:53.265438,53.329975
channel-85077,60150,30298793,30298800,7,2025-02-25 02:57:10.474910,2025-02-25 02:57:20.041975,9.567065
channel-783,104243,30298794,30298799,5,2025-02-25 02:57:11.722155,2025-02-25 02:57:18.839136,7.116981
channel-208,1490201,30298794,30298803,9,2025-02-25 02:57:11.722155,2025-02-25 02:57:24.678051,12.955896
channel-208,1490202,30298795,30298803,8,2025-02-25 02:57:12.875266,2025-02-25 02:57:24.678051,11.802785
channel-2188,43663,30298799,30298804,5,2025-02-25 02:57:18.839136,2025-02-25 02:57:25.834111,6.994975
channel-85077,60151,30298800,30298811,11,2025-02-25 02:57:20.041975,2025-02-25 02:57:34.207773,14.165798
channel-208,1490203,30298801,30298813,12,2025-02-25 02:57:22.311964,2025-02-25 02:57:36.568171,14.256207
channel-750,682835,30298802,30298813,11,2025-02-25 02:57:23.516075,2025-02-25 02:57:36.568171,13.052096
channel-750,682836,30298806,30298826,20,2025-02-25 02:57:28.074779,2025-02-25 02:57:59.653047,31.578268
channel-122,668032,30298810,30298820,10,2025-02-25 02:57:32.931574,2025-02-25 02:57:52.048886,19.117312
channel-750,682837,30298815,30298819,4,2025-02-25 02:57:42.267775,2025-02-25 02:57:47.638290,5.370515
channel-0,4038546,30298816,30298822,6,2025-02-25 02:57:43.393331,2025-02-25 02:57:54.923571,11.53024
channel-326,537944,30298819,30298827,8,2025-02-25 02:57:47.638290,2025-02-25 02:58:00.879286,13.240996
channel-750,682838,30298819,30298823,4,2025-02-25 02:57:47.638290,2025-02-25 02:57:56.024840,8.38655
channel-874,293093,30298823,30298829,6,2025-02-25 02:57:56.024840,2025-02-25 02:58:03.156256,7.131416
channel-208,1490204,30298826,30298833,7,2025-02-25 02:57:59.653047,2025-02-25 02:58:11.545221,11.892174
channel-2694,3292,30298829,30298849,20,2025-02-25 02:58:03.156256,2025-02-25 02:58:33.190533,30.034277
channel-750,682839,30298829,30298843,14,2025-02-25 02:58:03.156256,2025-02-25 02:58:26.097949,22.941693
channel-0,4038547,30298829,30298840,11,2025-02-25 02:58:03.156256,2025-02-25 02:58:21.361614,18.205358
channel-874,293094,30298830,30298836,6,2025-02-25 02:58:07.934805,2025-02-25 02:58:15.218024,7.283219
channel-874,293095,30298837,30298841,4,2025-02-25 02:58:16.474117,2025-02-25 02:58:22.564215,6.090098
channel-6994,1324605,30298839,30298870,31,2025-02-25 02:58:18.731775,2025-02-25 02:58:58.233292,39.501517
channel-88,467116,30298841,30298855,14,2025-02-25 02:58:22.564215,2025-02-25 02:58:40.476785,17.91257
channel-6994,1324606,30298842,30298854,12,2025-02-25 02:58:23.686653,2025-02-25 02:58:39.226994,15.540341
channel-38946,124187,30298845,30298857,12,2025-02-25 02:58:28.491149,2025-02-25 02:58:43.475661,14.984512
channel-750,682840,30298847,30298856,9,2025-02-25 02:58:30.902600,2025-02-25 02:58:42.353202,11.450602
channel-0,4038548,30298852,30298864,12,2025-02-25 02:58:37.115121,2025-02-25 02:58:51.453651,14.33853
channel-750,682841,30298853,30298857,4,2025-02-25 02:58:38.172561,2025-02-25 02:58:43.475661,5.3031
channel-259,314299,30298855,30298861,6,2025-02-25 02:58:40.476785,2025-02-25 02:58:48.045182,7.568397
channel-146,20031,30298858,30298879,21,2025-02-25 02:58:44.696588,2025-02-25 02:59:08.888115,24.191527
channel-326,537945,30298865,30298875,10,2025-02-25 02:58:52.577622,2025-02-25 02:59:04.032031,11.454409
channel-115,20399,30298865,30298877,12,2025-02-25 02:58:52.577622,2025-02-25 02:59:06.561849,13.984227
channel-750,682842,30298871,30298875,4,2025-02-25 02:58:59.409094,2025-02-25 02:59:04.032031,4.622937
channel-0,4038549,30298872,30298881,9,2025-02-25 02:59:00.551622,2025-02-25 02:59:13.674366,13.122744
channel-750,682843,30298872,30298882,10,2025-02-25 02:59:00.551622,2025-02-25 02:59:14.898576,14.346954
channel-783,104244,30298874,30298880,6,2025-02-25 02:59:02.915598,2025-02-25 02:59:10.991673,8.076075
channel-1,408385,30298874,30298915,41,2025-02-25 02:59:02.915598,2025-02-25 03:00:01.356499,58.440901
channel-6994,1324607,30298879,30298903,24,2025-02-25 02:59:08.888115,2025-02-25 02:59:45.291197,36.403082
channel-0,4038550,30298879,30298891,12,2025-02-25 02:59:08.888115,2025-02-25 02:59:28.056248,19.168133
channel-6994,1324608,30298880,30298891,11,2025-02-25 02:59:10.991673,2025-02-25 02:59:28.056248,17.064575
channel-122,668033,30298882,30298886,4,2025-02-25 02:59:14.898576,2025-02-25 02:59:20.617923,5.719347
channel-320,119198,30298884,30298910,26,2025-02-25 02:59:18.307259,2025-02-25 02:59:55.251336,36.944077
channel-0,4038551,30298886,30298893,7,2025-02-25 02:59:20.617923,2025-02-25 02:59:31.824216,11.206293
channel-1,408386,30298891,30298920,29,2025-02-25 02:59:28.056248,2025-02-25 03:00:07.558705,39.502457
channel-0,4038552,30298893,30298903,10,2025-02-25 02:59:31.824216,2025-02-25 02:59:45.291197,13.466981
channel-326,537946,30298895,30298903,8,2025-02-25 02:59:35.185941,2025-02-25 02:59:45.291197,10.105256
channel-208,1490205,30298897,30298907,10,2025-02-25 02:59:37.465425,2025-02-25 02:59:51.487893,14.022468
channel-208,1490206,30298897,30298907,10,2025-02-25 02:59:37.465425,2025-02-25 02:59:51.487893,14.022468
channel-6994,1324609,30298898,30298908,10,2025-02-25 02:59:38.654810,2025-02-25 02:59:52.871826,14.217016
channel-229,55026,30298901,30298911,10,2025-02-25 02:59:42.591000,2025-02-25 02:59:56.536548,13.945548
channel-0,4038553,30298903,30298915,12,2025-02-25 02:59:45.291197,2025-02-25 03:00:01.356499,16.065302
channel-326,537947,30298907,30298917,10,2025-02-25 02:59:51.487893,2025-02-25 03:00:03.651027,12.163134
channel-750,682844,30298908,30298912,4,2025-02-25 02:59:52.871826,2025-02-25 02:59:57.849266,4.97744
channel-204,670803,30298911,30298920,9,2025-02-25 02:59:56.536548,2025-02-25 03:00:07.558705,11.022157
channel-38946,124188,30298911,30298931,20,2025-02-25 02:59:56.536548,2025-02-25 03:00:28.969243,32.432695
channel-85077,60152,30298914,30298921,7,2025-02-25 03:00:00.201083,2025-02-25 03:00:12.608021,12.406938
channel-874,293096,30298919,30298924,5,2025-02-25 03:00:05.908223,2025-02-25 03:00:16.646553,10.73833
channel-42,1490004,30298919,30298924,5,2025-02-25 03:00:05.908223,2025-02-25 03:00:16.646553,10.73833
channel-85077,60153,30298920,30298930,10,2025-02-25 03:00:07.558705,2025-02-25 03:00:27.465538,19.906833
channel-208,1490207,30298920,30298929,9,2025-02-25 03:00:07.558705,2025-02-25 03:00:26.225938,18.667233
channel-143,128358,30298922,30298933,11,2025-02-25 03:00:14.215788,2025-02-25 03:00:31.205392,16.989604
channel-750,682845,30298924,30298929,5,2025-02-25 03:00:16.646553,2025-02-25 03:00:26.225938,9.579385
channel-259,314300,30298924,30298929,5,2025-02-25 03:00:16.646553,2025-02-25 03:00:26.225938,9.579385
channel-874,293097,30298925,30298930,5,2025-02-25 03:00:21.266260,2025-02-25 03:00:27.465538,6.199278
channel-6994,1324610,30298926,30298936,10,2025-02-25 03:00:22.853858,2025-02-25 03:00:34.702281,11.848423
channel-91017,2839,30298929,30298945,16,2025-02-25 03:00:26.225938,2025-02-25 03:00:48.366459,22.140521
channel-1429,140722,30298934,30298942,8,2025-02-25 03:00:32.414419,2025-02-25 03:00:45.016435,12.602016
channel-2694,3293,30298934,30298951,17,2025-02-25 03:00:32.414419,2025-02-25 03:00:55.781064,23.366645
channel-0,4038554,30298935,30298958,23,2025-02-25 03:00:33.581310,2025-02-25 03:01:08.337977,34.756667
channel-208,1490208,30298936,30298947,11,2025-02-25 03:00:34.702281,2025-02-25 03:00:50.766804,16.064523
channel-0,4038555,30298938,30298958,20,2025-02-25 03:00:39.082508,2025-02-25 03:01:08.337977,29.255469
channel-216,94230,30298939,30299012,73,2025-02-25 03:00:40.243428,2025-02-25 03:02:21.732150,101.488722
channel-0,4038556,30298943,30298951,8,2025-02-25 03:00:46.113136,2025-02-25 03:00:55.781064,9.667928
channel-94814,3764,30298944,30298956,12,2025-02-25 03:00:47.264377,2025-02-25 03:01:01.781086,14.516709
channel-874,293098,30298945,30298954,9,2025-02-25 03:00:48.366459,2025-02-25 03:00:59.343147,10.976688
channel-326,537948,30298947,30298954,7,2025-02-25 03:00:50.766804,2025-02-25 03:00:59.343147,8.576343
channel-148,16090,30298960,30298968,8,2025-02-25 03:01:11.086230,2025-02-25 03:01:20.450043,9.363813
channel-208,1490209,30298963,30298972,9,2025-02-25 03:01:14.538368,2025-02-25 03:01:24.903750,10.365382
channel-208,1490210,30298967,30298977,10,2025-02-25 03:01:19.390169,2025-02-25 03:01:30.784201,11.394032
channel-208,1490211,30298968,30298977,9,2025-02-25 03:01:20.450043,2025-02-25 03:01:30.784201,10.334158
channel-143,128359,30298969,30298994,25,2025-02-25 03:01:21.551837,2025-02-25 03:01:54.617201,33.065364
channel-143,128360,30298972,30298985,13,2025-02-25 03:01:24.903750,2025-02-25 03:01:41.895711,16.991961
channel-143,128361,30298974,30298985,11,2025-02-25 03:01:27.368993,2025-02-25 03:01:41.895711,14.526718
channel-6994,1324611,30298982,30298991,9,2025-02-25 03:01:36.737366,2025-02-25 03:01:51.157192,14.419826
channel-208,1490212,30298982,30298988,6,2025-02-25 03:01:36.737366,2025-02-25 03:01:47.683760,10.946394
channel-326,537949,30298985,30298989,4,2025-02-25 03:01:41.895711,2025-02-25 03:01:48.897680,7.001969
channel-874,293099,30298986,30298991,5,2025-02-25 03:01:44.097402,2025-02-25 03:01:51.157192,7.05979
channel-0,4038557,30298991,30298998,7,2025-02-25 03:01:51.157192,2025-02-25 03:02:02.791469,11.634277
channel-208,1490213,30298995,30299004,9,2025-02-25 03:01:55.840406,2025-02-25 03:02:11.538567,15.698161
channel-326,537950,30298995,30299000,5,2025-02-25 03:01:55.840406,2025-02-25 03:02:06.115945,10.275539
channel-0,4038558,30298998,30299007,9,2025-02-25 03:02:02.791469,2025-02-25 03:02:14.905248,12.113779
channel-0,4038559,30298998,30299018,20,2025-02-25 03:02:02.791469,2025-02-25 03:02:28.897436,26.105967
channel-143,128362,30299001,30299015,14,2025-02-25 03:02:07.197661,2025-02-25 03:02:25.469662,18.272001
channel-750,682846,30299006,30299019,13,2025-02-25 03:02:13.689889,2025-02-25 03:02:30.042944,16.353055
channel-0,4038560,30299007,30299018,11,2025-02-25 03:02:14.905248,2025-02-25 03:02:28.897436,13.992188
channel-326,537951,30299007,30299013,6,2025-02-25 03:02:14.905248,2025-02-25 03:02:23.148799,8.243551
channel-94814,3765,30299007,30299019,12,2025-02-25 03:02:14.905248,2025-02-25 03:02:30.042944,15.137696
channel-6994,1324612,30299010,30299023,13,2025-02-25 03:02:19.440268,2025-02-25 03:02:38.217229,18.776961
channel-0,4038561,30299021,30299031,10,2025-02-25 03:02:32.765995,2025-02-25 03:02:48.197048,15.431053
channel-6994,1324613,30299023,30299036,13,2025-02-25 03:02:38.217229,2025-02-25 03:02:57.624047,19.406818
channel-326,537952,30299023,30299032,9,2025-02-25 03:02:38.217229,2025-02-25 03:02:49.444355,11.227126
channel-20082,9880,30299023,30299035,12,2025-02-25 03:02:38.217229,2025-02-25 03:02:53.014317,14.797088
channel-6994,1324614,30299023,30299036,13,2025-02-25 03:02:38.217229,2025-02-25 03:02:57.624047,19.406818
channel-259,314301,30299023,30299030,7,2025-02-25 03:02:38.217229,2025-02-25 03:02:47.050035,8.832806
channel-0,4038562,30299023,30299035,12,2025-02-25 03:02:38.217229,2025-02-25 03:02:53.014317,14.797088
channel-326,537953,30299034,30299043,9,2025-02-25 03:02:51.945893,2025-02-25 03:03:06.882516,14.936623
channel-259,314302,30299035,30299041,6,2025-02-25 03:02:53.014317,2025-02-25 03:03:04.415724,11.401407
channel-874,293100,30299039,30299051,12,2025-02-25 03:03:02.131072,2025-02-25 03:03:16.840605,14.709533
channel-85077,60154,30299048,30299057,9,2025-02-25 03:03:12.946942,2025-02-25 03:03:25.887962,12.94102
channel-0,4038563,30299051,30299072,21,2025-02-25 03:03:16.840605,2025-02-25 03:03:44.337416,27.496811
channel-0,4038564,30299052,30299072,20,2025-02-25 03:03:19.537233,2025-02-25 03:03:44.337416,24.800183
channel-326,537954,30299053,30299062,9,2025-02-25 03:03:21.091303,2025-02-25 03:03:31.800003,10.7087
channel-1,408387,30299069,30299085,16,2025-02-25 03:03:40.891505,2025-02-25 03:03:59.234290,18.342785
channel-326,537955,30299070,30299080,10,2025-02-25 03:03:42.040964,2025-02-25 03:03:53.368557,11.327593
channel-2694,3294,30299070,30299094,24,2025-02-25 03:03:42.040964,2025-02-25 03:04:11.165565,29.124601
channel-326,537956,30299072,30299080,8,2025-02-25 03:03:44.337416,2025-02-25 03:03:53.368557,9.031141
channel-1,408388,30299073,30299085,12,2025-02-25 03:03:45.382434,2025-02-25 03:03:59.234290,13.851856
channel-208,1490214,30299082,30299090,8,2025-02-25 03:03:55.762963,2025-02-25 03:04:06.602249,10.839286
channel-750,682847,30299086,30299101,15,2025-02-25 03:04:00.314657,2025-02-25 03:04:19.308311,18.993654
channel-6994,1324615,30299105,30299119,14,2025-02-25 03:04:24.885403,2025-02-25 03:04:43.165830,18.280427
channel-326,537957,30299118,30299124,6,2025-02-25 03:04:42.123464,2025-02-25 03:04:49.693763,7.570299
channel-88,467117,30299122,30299136,14,2025-02-25 03:04:47.413017,2025-02-25 03:05:04.720641,17.307624
channel-0,4038565,30299123,30299148,25,2025-02-25 03:04:48.541429,2025-02-25 03:05:21.667696,33.126267
channel-326,537958,30299128,30299137,9,2025-02-25 03:04:54.465448,2025-02-25 03:05:07.058619,12.593171
channel-326,537959,30299139,30299145,6,2025-02-25 03:05:09.337478,2025-02-25 03:05:18.048964,8.711486
channel-0,4038566,30299152,30299160,8,2025-02-25 03:05:26.595115,2025-02-25 03:05:40.343103,13.747988
channel-208,1490215,30299153,30299159,6,2025-02-25 03:05:27.679397,2025-02-25 03:05:38.479292,10.799895
channel-0,4038567,30299158,30299170,12,2025-02-25 03:05:37.340630,2025-02-25 03:05:51.789456,14.448826
channel-6994,1324616,30299158,30299168,10,2025-02-25 03:05:37.340630,2025-02-25 03:05:49.629157,12.288527
channel-326,537960,30299163,30299168,5,2025-02-25 03:05:43.880013,2025-02-25 03:05:49.629157,5.749144
channel-0,4038568,30299175,30299194,19,2025-02-25 03:05:57.512754,2025-02-25 03:06:22.292827,24.780073
channel-750,682848,30299183,30299207,24,2025-02-25 03:06:07.974492,2025-02-25 03:06:37.195747,29.221255
channel-326,537961,30299184,30299190,6,2025-02-25 03:06:09.128235,2025-02-25 03:06:16.678570,7.550335
channel-251,85233,30299185,30299194,9,2025-02-25 03:06:10.815171,2025-02-25 03:06:22.292827,11.477656
channel-0,4038569,30299188,30299200,12,2025-02-25 03:06:14.314943,2025-02-25 03:06:29.062786,14.747843
channel-208,1490216,30299190,30299202,12,2025-02-25 03:06:16.678570,2025-02-25 03:06:31.433825,14.755255
channel-750,682849,30299191,30299195,4,2025-02-25 03:06:17.842399,2025-02-25 03:06:23.486435,5.644036
channel-326,537962,30299207,30299213,6,2025-02-25 03:06:37.195747,2025-02-25 03:06:46.247757,9.05201
channel-0,4038570,30299208,30299217,9,2025-02-25 03:06:39.328034,2025-02-25 03:06:52.489705,13.161671
channel-326,537963,30299215,30299222,7,2025-02-25 03:06:49.627010,2025-02-25 03:06:58.527624,8.900614
channel-2694,3295,30299222,30299237,15,2025-02-25 03:06:58.527624,2025-02-25 03:07:21.796623,23.268999
channel-6994,1324617,30299222,30299232,10,2025-02-25 03:06:58.527624,2025-02-25 03:07:15.969837,17.442213
channel-0,4038571,30299238,30299247,9,2025-02-25 03:07:23.005176,2025-02-25 03:07:33.752963,10.747787
channel-0,4038572,30299249,30299257,8,2025-02-25 03:07:36.539352,2025-02-25 03:07:47.460954,10.921602
channel-326,537964,30299254,30299265,11,2025-02-25 03:07:42.980875,2025-02-25 03:07:57.302731,14.321856
channel-750,682850,30299258,30299276,18,2025-02-25 03:07:48.801858,2025-02-25 03:08:14.896511,26.094653
channel-0,4038573,30299260,30299269,9,2025-02-25 03:07:51.209579,2025-02-25 03:08:05.503115,14.293536
channel-2188,43664,30299265,30299270,5,2025-02-25 03:07:57.302731,2025-02-25 03:08:07.782269,10.479538
channel-874,293101,30299270,30299275,5,2025-02-25 03:08:07.782269,2025-02-25 03:08:13.619672,5.837403
channel-874,293102,30299274,30299294,20,2025-02-25 03:08:12.451924,2025-02-25 03:08:38.085576,25.633652
channel-750,682851,30299291,30299316,25,2025-02-25 03:08:34.493130,2025-02-25 03:09:06.072289,31.579159
channel-208,1490217,30299296,30299306,10,2025-02-25 03:08:40.574099,2025-02-25 03:08:52.415785,11.841686
channel-326,537965,30299299,30299304,5,2025-02-25 03:08:44.030231,2025-02-25 03:08:50.066336,6.036105
channel-783,104245,30299311,30299318,7,2025-02-25 03:08:57.973414,2025-02-25 03:09:08.882943,10.909529
channel-320,119199,30299320,30299343,23,2025-02-25 03:09:12.198049,2025-02-25 03:09:41.098136,28.900087
channel-5,184294,30299328,30299338,10,2025-02-25 03:09:21.531089,2025-02-25 03:09:35.294710,13.763621
channel-0,4038574,30299336,30299348,12,2025-02-25 03:09:33.021716,2025-02-25 03:09:48.408626,15.38691
channel-2694,3296,30299343,30299370,27,2025-02-25 03:09:41.098136,2025-02-25 03:10:17.442784,36.344648
channel-326,537966,30299344,30299352,8,2025-02-25 03:09:42.216558,2025-02-25 03:09:53.579789,11.363231
channel-750,682852,30299346,30299368,22,2025-02-25 03:09:44.637100,2025-02-25 03:10:11.981659,27.344559
channel-72,516422,30299370,30299392,22,2025-02-25 03:10:17.442784,2025-02-25 03:10:56.265240,38.822456
channel-750,682853,30299372,30299379,7,2025-02-25 03:10:20.652505,2025-02-25 03:10:30.801166,10.148661
channel-5,184295,30299372,30299382,10,2025-02-25 03:10:20.652505,2025-02-25 03:10:34.794182,14.141677
channel-6994,1324618,30299373,30299382,9,2025-02-25 03:10:22.035839,2025-02-25 03:10:34.794182,12.758343
channel-6994,1324619,30299383,30299389,6,2025-02-25 03:10:39.366253,2025-02-25 03:10:47.917553,8.5513
channel-0,4038575,30299386,30299402,16,2025-02-25 03:10:43.383103,2025-02-25 03:11:11.696351,28.313248
channel-326,537967,30299388,30299394,6,2025-02-25 03:10:46.684652,2025-02-25 03:10:58.670961,11.986309
channel-259,314303,30299388,30299396,8,2025-02-25 03:10:46.684652,2025-02-25 03:11:04.547082,17.86243
channel-750,682854,30299389,30299399,10,2025-02-25 03:10:47.917553,2025-02-25 03:11:07.951230,20.033677
channel-2188,43665,30299394,30299399,5,2025-02-25 03:10:58.670961,2025-02-25 03:11:07.951230,9.280269
channel-188,190584,30299394,30299409,15,2025-02-25 03:10:58.670961,2025-02-25 03:11:21.387451,22.71649
channel-326,537968,30299396,30299405,9,2025-02-25 03:11:04.547082,2025-02-25 03:11:16.531382,11.9843
channel-1429,140723,30299397,30299408,11,2025-02-25 03:11:05.686088,2025-02-25 03:11:20.166233,14.480145
channel-208,1490218,30299398,30299410,12,2025-02-25 03:11:06.798890,2025-02-25 03:11:22.428632,15.629742
channel-85077,60155,30299398,30299406,8,2025-02-25 03:11:06.798890,2025-02-25 03:11:17.792829,10.993939
channel-326,537969,30299407,30299413,6,2025-02-25 03:11:19.018547,2025-02-25 03:11:26.478233,7.459686
channel-326,537970,30299408,30299432,24,2025-02-25 03:11:20.166233,2025-02-25 03:11:52.708422,32.542189
channel-1279,67128,30299412,30299429,17,2025-02-25 03:11:24.677932,2025-02-25 03:11:47.986879,23.308947
channel-259,314304,30299415,30299421,6,2025-02-25 03:11:28.784459,2025-02-25 03:11:36.631584,7.847125
channel-204,670804,30299417,30299426,9,2025-02-25 03:11:32.140048,2025-02-25 03:11:44.453234,12.313186
channel-326,537971,30299423,30299432,9,2025-02-25 03:11:40.100364,2025-02-25 03:11:52.708422,12.608058
channel-326,537972,30299423,30299432,9,2025-02-25 03:11:40.100364,2025-02-25 03:11:52.708422,12.608058
channel-326,537973,30299423,30299432,9,2025-02-25 03:11:40.100364,2025-02-25 03:11:52.708422,12.608058
channel-326,537974,30299423,30299432,9,2025-02-25 03:11:40.100364,2025-02-25 03:11:52.708422,12.608058
channel-326,537975,30299423,30299432,9,2025-02-25 03:11:40.100364,2025-02-25 03:11:52.708422,12.608058
channel-326,537976,30299425,30299432,7,2025-02-25 03:11:43.305080,2025-02-25 03:11:52.708422,9.403342
channel-2188,43666,30299426,30299430,4,2025-02-25 03:11:44.453234,2025-02-25 03:11:49.116354,4.66312
channel-259,314305,30299426,30299431,5,2025-02-25 03:11:44.453234,2025-02-25 03:11:50.421306,5.968072
channel-208,1490219,30299432,30299443,11,2025-02-25 03:11:52.708422,2025-02-25 03:12:11.206533,18.498111
channel-169,117525,30299433,30299459,26,2025-02-25 03:11:57.288289,2025-02-25 03:12:31.010519,33.72223
channel-0,4038576,30299433,30299457,24,2025-02-25 03:11:57.288289,2025-02-25 03:12:28.765712,31.477423
channel-21113,25331,30299433,30299440,7,2025-02-25 03:11:57.288289,2025-02-25 03:12:07.508444,10.220155
channel-874,293103,30299439,30299444,5,2025-02-25 03:12:05.361669,2025-02-25 03:12:12.748101,7.386432
channel-0,4038577,30299441,30299472,31,2025-02-25 03:12:08.868581,2025-02-25 03:12:46.392990,37.524409
channel-2188,43667,30299446,30299452,6,2025-02-25 03:12:14.990409,2025-02-25 03:12:22.667369,7.67696
channel-750,682855,30299446,30299459,13,2025-02-25 03:12:14.990409,2025-02-25 03:12:31.010519,16.02011
channel-750,682856,30299448,30299453,5,2025-02-25 03:12:17.881868,2025-02-25 03:12:23.878371,5.996503
channel-1,408389,30299449,30299462,13,2025-02-25 03:12:19.053956,2025-02-25 03:12:34.681433,15.627477
channel-259,314306,30299450,30299457,7,2025-02-25 03:12:20.211848,2025-02-25 03:12:28.765712,8.553864
channel-1429,140724,30299453,30299462,9,2025-02-25 03:12:23.878371,2025-02-25 03:12:34.681433,10.803062
channel-874,293104,30299455,30299472,17,2025-02-25 03:12:26.292751,2025-02-25 03:12:46.392990,20.100239
channel-91017,2840,30299463,30299476,13,2025-02-25 03:12:35.961544,2025-02-25 03:12:52.286423,16.324879
channel-4,166958,30299463,30299498,35,2025-02-25 03:12:35.961544,2025-02-25 03:13:39.903316,63.941772
channel-874,293105,30299464,30299474,10,2025-02-25 03:12:37.100861,2025-02-25 03:12:48.529267,11.428406
channel-874,293106,30299468,30299474,6,2025-02-25 03:12:41.688958,2025-02-25 03:12:48.529267,6.840309
channel-143,128363,30299469,30299488,19,2025-02-25 03:12:42.812648,2025-02-25 03:13:13.510179,30.697531
channel-326,537977,30299473,30299480,7,2025-02-25 03:12:47.475189,2025-02-25 03:12:57.804240,10.329051
channel-2188,43668,30299475,30299480,5,2025-02-25 03:12:49.767726,2025-02-25 03:12:57.804240,8.036514
channel-0,4038578,30299475,30299485,10,2025-02-25 03:12:49.767726,2025-02-25 03:13:06.164309,16.396583
channel-208,1490220,30299476,30299486,10,2025-02-25 03:12:52.286423,2025-02-25 03:13:07.351602,15.065179
channel-85077,60156,30299478,30299485,7,2025-02-25 03:12:55.025985,2025-02-25 03:13:06.164309,11.138324
channel-0,4038579,30299484,30299490,6,2025-02-25 03:13:03.964953,2025-02-25 03:13:16.339436,12.374483
channel-1429,140725,30299488,30299496,8,2025-02-25 03:13:13.510179,2025-02-25 03:13:28.394276,14.884097
channel-42,1490005,30299488,30299708,220,2025-02-25 03:13:13.510179,2025-02-25 03:19:00.809994,347.299815
channel-0,4038580,30299489,30299497,8,2025-02-25 03:13:15.071050,2025-02-25 03:13:29.763967,14.692917
channel-750,682857,30299490,30299502,12,2025-02-25 03:13:16.339436,2025-02-25 03:13:49.508797,33.169361
channel-208,1490221,30299490,30299500,10,2025-02-25 03:13:16.339436,2025-02-25 03:13:46.849115,30.509679
channel-874,293107,30299491,30299498,7,2025-02-25 03:13:21.005070,2025-02-25 03:13:39.903316,18.898246
channel-874,293108,30299492,30299498,6,2025-02-25 03:13:22.887010,2025-02-25 03:13:39.903316,17.016306
channel-143,128364,30299494,30299498,4,2025-02-25 03:13:25.464562,2025-02-25 03:13:39.903316,14.438754
channel-6994,1324620,30299494,30299498,4,2025-02-25 03:13:25.464562,2025-02-25 03:13:39.903316,14.438754
channel-2188,43669,30299497,30299502,5,2025-02-25 03:13:29.763967,2025-02-25 03:13:49.508797,19.74483
channel-874,293109,30299497,30299502,5,2025-02-25 03:13:29.763967,2025-02-25 03:13:49.508797,19.74483
channel-1,408390,30299497,30299540,43,2025-02-25 03:13:29.763967,2025-02-25 03:14:39.792542,70.028575
channel-0,4038581,30299497,30299522,25,2025-02-25 03:13:29.763967,2025-02-25 03:14:16.272183,46.508216
channel-6994,1324621,30299498,30299508,10,2025-02-25 03:13:39.903316,2025-02-25 03:13:58.253028,18.349712
channel-2694,3297,30299498,30299508,10,2025-02-25 03:13:39.903316,2025-02-25 03:13:58.253028,18.349712
channel-208,1490222,30299498,30299510,12,2025-02-25 03:13:39.903316,2025-02-25 03:14:00.794078,20.890762
channel-750,682858,30299499,30299504,5,2025-02-25 03:13:45.293747,2025-02-25 03:13:51.984836,6.691089
channel-208,1490223,30299500,30299510,10,2025-02-25 03:13:46.849115,2025-02-25 03:14:00.794078,13.944963
channel-6994,1324622,30299501,30299512,11,2025-02-25 03:13:48.105625,2025-02-25 03:14:03.376059,15.270434
channel-0,4038582,30299501,30299531,30,2025-02-25 03:13:48.105625,2025-02-25 03:14:29.447713,41.342088
channel-326,537978,30299502,30299507,5,2025-02-25 03:13:49.508797,2025-02-25 03:13:56.092487,6.58369
channel-42,1490006,30299506,30299516,10,2025-02-25 03:13:54.388969,2025-02-25 03:14:08.806176,14.417207
channel-85077,60157,30299506,30299516,10,2025-02-25 03:13:54.388969,2025-02-25 03:14:08.806176,14.417207
channel-85077,60158,30299506,30299516,10,2025-02-25 03:13:54.388969,2025-02-25 03:14:08.806176,14.417207
channel-6787,166707,30299507,30299511,4,2025-02-25 03:13:56.092487,2025-02-25 03:14:01.947732,5.855245
channel-1279,67129,30299508,30299549,41,2025-02-25 03:13:58.253028,2025-02-25 03:14:52.090237,53.837209
channel-75,845021,30299510,30299518,8,2025-02-25 03:14:00.794078,2025-02-25 03:14:11.212651,10.418573
channel-412,64572,30299511,30299522,11,2025-02-25 03:14:01.947732,2025-02-25 03:14:16.272183,14.324451
channel-0,4038583,30299512,30299531,19,2025-02-25 03:14:03.376059,2025-02-25 03:14:29.447713,26.071654
channel-0,4038584,30299512,30299588,76,2025-02-25 03:14:03.376059,2025-02-25 03:15:50.728498,107.352439
channel-326,537979,30299512,30299520,8,2025-02-25 03:14:03.376059,2025-02-25 03:14:13.847642,10.471583
channel-2188,43670,30299519,30299523,4,2025-02-25 03:14:12.472044,2025-02-25 03:14:18.718955,6.246911
channel-642,126506,30299519,30299534,15,2025-02-25 03:14:12.472044,2025-02-25 03:14:32.797133,20.325089
channel-341,3389,30299521,30299534,13,2025-02-25 03:14:15.032835,2025-02-25 03:14:32.797133,17.764298
channel-2188,43671,30299522,30299526,4,2025-02-25 03:14:16.272183,2025-02-25 03:14:22.645063,6.37288
channel-75,845022,30299527,30299549,22,2025-02-25 03:14:23.822501,2025-02-25 03:14:52.090237,28.267736
channel-208,1490224,30299530,30299541,11,2025-02-25 03:14:28.395951,2025-02-25 03:14:41.084939,12.688988
channel-750,682859,30299534,30299539,5,2025-02-25 03:14:32.797133,2025-02-25 03:14:38.636552,5.839419
channel-2,130630,30299538,30299549,11,2025-02-25 03:14:37.460705,2025-02-25 03:14:52.090237,14.629532
channel-42,1490007,30299540,30299552,12,2025-02-25 03:14:39.792542,2025-02-25 03:14:56.531971,16.739429
channel-0,4038585,30299540,30299567,27,2025-02-25 03:14:39.792542,2025-02-25 03:15:19.284826,39.492284
channel-85077,60159,30299541,30299551,10,2025-02-25 03:14:41.084939,2025-02-25 03:14:55.179154,14.094215
channel-6994,1324623,30299541,30299563,22,2025-02-25 03:14:41.084939,2025-02-25 03:15:13.584080,32.499141
channel-326,537980,30299549,30299556,7,2025-02-25 03:14:52.090237,2025-02-25 03:15:04.292231,12.201994
channel-143,128365,30299549,30299557,8,2025-02-25 03:14:52.090237,2025-02-25 03:15:05.415761,13.325524
channel-0,4038586,30299551,30299562,11,2025-02-25 03:14:55.179154,2025-02-25 03:15:12.363204,17.18405
channel-181,13590,30299552,30299560,8,2025-02-25 03:14:56.531971,2025-02-25 03:15:09.952106,13.420135
channel-259,314307,30299554,30299560,6,2025-02-25 03:15:02.144452,2025-02-25 03:15:09.952106,7.807654
channel-2188,43672,30299555,30299559,4,2025-02-25 03:15:03.226400,2025-02-25 03:15:08.875206,5.648806
channel-0,4038587,30299558,30299567,9,2025-02-25 03:15:07.754639,2025-02-25 03:15:19.284826,11.530187
channel-91017,2841,30299560,30299592,32,2025-02-25 03:15:09.952106,2025-02-25 03:15:55.250053,45.297947
channel-0,4038588,30299561,30299577,16,2025-02-25 03:15:11.128175,2025-02-25 03:15:37.553692,26.425517
channel-874,293110,30299561,30299569,8,2025-02-25 03:15:11.128175,2025-02-25 03:15:22.959215,11.83104
channel-85077,60160,30299565,30299572,7,2025-02-25 03:15:15.999160,2025-02-25 03:15:26.299096,10.299936
channel-259,314308,30299568,30299573,5,2025-02-25 03:15:20.440931,2025-02-25 03:15:31.855980,11.415049
channel-4,166959,30299571,30299600,29,2025-02-25 03:15:25.212394,2025-02-25 03:16:08.548562,43.336168
channel-42,1490008,30299572,30299587,15,2025-02-25 03:15:26.299096,2025-02-25 03:15:49.502837,23.203741
channel-2188,43673,30299576,30299582,6,2025-02-25 03:15:36.327787,2025-02-25 03:15:43.807465,7.479678
channel-259,314309,30299577,30299583,6,2025-02-25 03:15:37.553692,2025-02-25 03:15:44.909395,7.355703
channel-412,64573,30299580,30299589,9,2025-02-25 03:15:41.536476,2025-02-25 03:15:51.888875,10.352399
channel-208,1490225,30299581,30299594,13,2025-02-25 03:15:42.645239,2025-02-25 03:15:57.539054,14.893815
channel-2,130631,30299583,30299595,12,2025-02-25 03:15:44.909395,2025-02-25 03:15:58.766467,13.857072
channel-188,190585,30299586,30299613,27,2025-02-25 03:15:48.434959,2025-02-25 03:16:30.941090,42.506131
channel-144,86687,30299586,30299597,11,2025-02-25 03:15:48.434959,2025-02-25 03:16:01.349147,12.914188
channel-326,537981,30299587,30299594,7,2025-02-25 03:15:49.502837,2025-02-25 03:15:57.539054,8.036217
channel-85077,60161,30299587,30299599,12,2025-02-25 03:15:49.502837,2025-02-25 03:16:03.689423,14.186586
channel-874,293111,30299593,30299599,6,2025-02-25 03:15:56.456064,2025-02-25 03:16:03.689423,7.233359
channel-143,128366,30299598,30299607,9,2025-02-25 03:16:02.476979,2025-02-25 03:16:18.963650,16.486671
channel-85077,60162,30299599,30299608,9,2025-02-25 03:16:03.689423,2025-02-25 03:16:20.528316,16.838893
channel-2694,3298,30299599,30299616,17,2025-02-25 03:16:03.689423,2025-02-25 03:16:34.699918,31.010495
channel-88,467118,30299601,30299634,33,2025-02-25 03:16:10.298112,2025-02-25 03:16:58.337405,48.039293
channel-2188,43674,30299604,30299608,4,2025-02-25 03:16:14.073158,2025-02-25 03:16:20.528316,6.455158
channel-341,3390,30299605,30299613,8,2025-02-25 03:16:16.027078,2025-02-25 03:16:30.941090,14.914012
channel-4,166960,30299608,30299635,27,2025-02-25 03:16:20.528316,2025-02-25 03:17:00.483463,39.955147
channel-0,4038589,30299608,30299618,10,2025-02-25 03:16:20.528316,2025-02-25 03:16:38.124702,17.596386
channel-85077,60163,30299611,30299622,11,2025-02-25 03:16:27.807328,2025-02-25 03:16:42.673390,14.866062
channel-2,130632,30299612,30299624,12,2025-02-25 03:16:29.485862,2025-02-25 03:16:45.237975,15.752113
channel-320,119200,30299613,30299623,10,2025-02-25 03:16:30.941090,2025-02-25 03:16:44.078745,13.137655
channel-0,4038590,30299614,30299641,27,2025-02-25 03:16:32.027045,2025-02-25 03:17:08.582798,36.555753
channel-0,4038591,30299614,30299623,9,2025-02-25 03:16:32.027045,2025-02-25 03:16:44.078745,12.0517
channel-412,64574,30299614,30299625,11,2025-02-25 03:16:32.027045,2025-02-25 03:16:46.382796,14.355751
channel-91017,2842,30299614,30299626,12,2025-02-25 03:16:32.027045,2025-02-25 03:16:47.732382,15.705337
channel-0,4038592,30299617,30299641,24,2025-02-25 03:16:37.046714,2025-02-25 03:17:08.582798,31.536084
channel-85077,60164,30299617,30299628,11,2025-02-25 03:16:37.046714,2025-02-25 03:16:51.167750,14.121036
channel-77,50264,30299618,30299627,9,2025-02-25 03:16:38.124702,2025-02-25 03:16:49.872823,11.748121
channel-750,682860,30299620,30299626,6,2025-02-25 03:16:40.472002,2025-02-25 03:16:47.732382,7.26038
channel-85077,60165,30299623,30299630,7,2025-02-25 03:16:44.078745,2025-02-25 03:16:53.728355,9.64961
channel-0,4038593,30299624,30299641,17,2025-02-25 03:16:45.237975,2025-02-25 03:17:08.582798,23.344823
channel-2188,43675,30299626,30299631,5,2025-02-25 03:16:47.732382,2025-02-25 03:16:54.949682,7.2173
channel-750,682861,30299628,30299633,5,2025-02-25 03:16:51.167750,2025-02-25 03:16:57.208436,6.040686
channel-4,166961,30299630,30299674,44,2025-02-25 03:16:53.728355,2025-02-25 03:18:00.982646,67.254291
channel-0,4038594,30299630,30299641,11,2025-02-25 03:16:53.728355,2025-02-25 03:17:08.582798,14.854443
channel-85077,60166,30299631,30299651,20,2025-02-25 03:16:54.949682,2025-02-25 03:17:20.915635,25.965953
channel-85077,60167,30299635,30299645,10,2025-02-25 03:17:00.483463,2025-02-25 03:17:13.197717,12.714254
channel-91017,2843,30299636,30299651,15,2025-02-25 03:17:01.654716,2025-02-25 03:17:20.915635,19.260919
channel-0,4038595,30299637,30299647,10,2025-02-25 03:17:02.804127,2025-02-25 03:17:15.926702,13.122575
channel-4,166962,30299639,30299687,48,2025-02-25 03:17:05.283961,2025-02-25 03:18:18.033989,72.750028
channel-1,408391,30299641,30299674,33,2025-02-25 03:17:08.582798,2025-02-25 03:18:00.982646,52.399848
channel-874,293112,30299643,30299649,6,2025-02-25 03:17:10.949045,2025-02-25 03:17:18.152866,7.203821
channel-0,4038596,30299647,30299659,12,2025-02-25 03:17:15.926702,2025-02-25 03:17:41.210875,25.284173
channel-874,293113,30299649,30299653,4,2025-02-25 03:17:18.152866,2025-02-25 03:17:23.186455,5.033589
channel-412,64575,30299650,30299658,8,2025-02-25 03:17:19.654378,2025-02-25 03:17:36.707646,17.053268
channel-2188,43676,30299653,30299658,5,2025-02-25 03:17:23.186455,2025-02-25 03:17:36.707646,13.521191
channel-750,682862,30299655,30299664,9,2025-02-25 03:17:28.844466,2025-02-25 03:17:48.100600,19.256134
channel-208,1490226,30299655,30299663,8,2025-02-25 03:17:28.844466,2025-02-25 03:17:46.920559,18.076093
channel-22172,2617,30299656,30299665,9,2025-02-25 03:17:29.957141,2025-02-25 03:17:49.186182,19.229041
channel-208,1490227,30299658,30299667,9,2025-02-25 03:17:36.707646,2025-02-25 03:17:52.759206,16.05156
channel-0,4038597,30299658,30299667,9,2025-02-25 03:17:36.707646,2025-02-25 03:17:52.759206,16.05156
channel-0,4038598,30299658,30299681,23,2025-02-25 03:17:36.707646,2025-02-25 03:18:10.885354,34.177708
channel-85077,60168,30299658,30299667,9,2025-02-25 03:17:36.707646,2025-02-25 03:17:52.759206,16.05156
channel-19774,345967,30299659,30299668,9,2025-02-25 03:17:41.210875,2025-02-25 03:17:53.968824,12.757949
channel-208,1490228,30299660,30299672,12,2025-02-25 03:17:43.425034,2025-02-25 03:17:58.628627,15.203593
channel-750,682863,30299660,30299667,7,2025-02-25 03:17:43.425034,2025-02-25 03:17:52.759206,9.334172
channel-19774,345968,30299661,30299673,12,2025-02-25 03:17:44.551454,2025-02-25 03:17:59.741744,15.19029
channel-85077,60169,30299661,30299669,8,2025-02-25 03:17:44.551454,2025-02-25 03:17:55.214878,10.663424
channel-85077,60170,30299662,30299680,18,2025-02-25 03:17:45.684740,2025-02-25 03:18:09.689590,24.00485
channel-85077,60171,30299663,30299672,9,2025-02-25 03:17:46.920559,2025-02-25 03:17:58.628627,11.708068
channel-0,4038599,30299663,30299672,9,2025-02-25 03:17:46.920559,2025-02-25 03:17:58.628627,11.708068
channel-326,537982,30299666,30299672,6,2025-02-25 03:17:51.553946,2025-02-25 03:17:58.628627,7.074681
channel-0,4038600,30299666,30299677,11,2025-02-25 03:17:51.553946,2025-02-25 03:18:05.772614,14.218668
channel-42,1490009,30299668,30299678,10,2025-02-25 03:17:53.968824,2025-02-25 03:18:06.958819,12.989995
channel-38946,124189,30299668,30299676,8,2025-02-25 03:17:53.968824,2025-02-25 03:18:03.530172,9.561348
channel-259,314310,30299668,30299674,6,2025-02-25 03:17:53.968824,2025-02-25 03:18:00.982646,7.013822
channel-0,4038601,30299670,30299698,28,2025-02-25 03:17:56.424090,2025-02-25 03:18:38.224093,41.800003
channel-412,64576,30299675,30299687,12,2025-02-25 03:18:02.250349,2025-02-25 03:18:18.033989,15.78364
channel-2188,43677,30299676,30299681,5,2025-02-25 03:18:03.530172,2025-02-25 03:18:10.885354,7.355182
channel-208,1490229,30299676,30299686,10,2025-02-25 03:18:03.530172,2025-02-25 03:18:16.820225,13.290053
channel-21113,25332,30299677,30299685,8,2025-02-25 03:18:05.772614,2025-02-25 03:18:15.475744,9.70313
channel-208,1490230,30299686,30299698,12,2025-02-25 03:18:16.820225,2025-02-25 03:18:38.224093,21.403868
channel-85077,60172,30299694,30299710,16,2025-02-25 03:18:27.613294,2025-02-25 03:19:04.008778,36.395484
channel-874,293114,30299695,30299710,15,2025-02-25 03:18:29.480027,2025-02-25 03:19:04.008778,34.528751
channel-42,1490010,30299696,30299713,17,2025-02-25 03:18:30.985907,2025-02-25 03:19:09.240187,38.25428
channel-341,3391,30299698,30299713,15,2025-02-25 03:18:38.224093,2025-02-25 03:19:09.240187,31.016094
channel-251,85234,30299698,30299708,10,2025-02-25 03:18:38.224093,2025-02-25 03:19:00.809994,22.585901
channel-412,64577,30299702,30299711,9,2025-02-25 03:18:48.822412,2025-02-25 03:19:05.391518,16.569106
channel-874,293115,30299702,30299708,6,2025-02-25 03:18:48.822412,2025-02-25 03:19:00.809994,11.987582
channel-85077,60173,30299702,30299725,23,2025-02-25 03:18:48.822412,2025-02-25 03:19:29.720455,40.898043
channel-750,682864,30299703,30299713,10,2025-02-25 03:18:50.389738,2025-02-25 03:19:09.240187,18.850449
channel-229,55027,30299704,30299713,9,2025-02-25 03:18:52.947799,2025-02-25 03:19:09.240187,16.292388
channel-115,20400,30299705,30299713,8,2025-02-25 03:18:55.670200,2025-02-25 03:19:09.240187,13.569987
channel-85077,60174,30299705,30299713,8,2025-02-25 03:18:55.670200,2025-02-25 03:19:09.240187,13.569987
channel-412,64578,30299706,30299713,7,2025-02-25 03:18:57.441200,2025-02-25 03:19:09.240187,11.798987
channel-259,314311,30299706,30299713,7,2025-02-25 03:18:57.441200,2025-02-25 03:19:09.240187,11.798987
channel-0,4038602,30299708,30299732,24,2025-02-25 03:19:00.809994,2025-02-25 03:19:39.058680,38.248686
channel-642,126507,30299708,30299732,24,2025-02-25 03:19:00.809994,2025-02-25 03:19:39.058680,38.248686
channel-42,1490011,30299708,30299713,5,2025-02-25 03:19:00.809994,2025-02-25 03:19:09.240187,8.430193
channel-73,51337,30299708,30299714,6,2025-02-25 03:19:00.809994,2025-02-25 03:19:14.536108,13.726114
channel-148,16091,30299708,30299713,5,2025-02-25 03:19:00.809994,2025-02-25 03:19:09.240187,8.430193
channel-19774,345969,30299709,30299722,13,2025-02-25 03:19:02.113574,2025-02-25 03:19:26.181972,24.068398
channel-85077,60175,30299709,30299715,6,2025-02-25 03:19:02.113574,2025-02-25 03:19:17.115959,15.002385
channel-874,293116,30299711,30299722,11,2025-02-25 03:19:05.391518,2025-02-25 03:19:26.181972,20.790454
channel-85077,60176,30299713,30299724,11,2025-02-25 03:19:09.240187,2025-02-25 03:19:28.624879,19.384692
channel-4,166963,30299713,30299763,50,2025-02-25 03:19:09.240187,2025-02-25 03:20:21.583889,72.343702
channel-91017,2844,30299713,30299729,16,2025-02-25 03:19:09.240187,2025-02-25 03:19:35.443319,26.203132
channel-642,126508,30299713,30299729,16,2025-02-25 03:19:09.240187,2025-02-25 03:19:35.443319,26.203132
channel-259,314312,30299714,30299722,8,2025-02-25 03:19:14.536108,2025-02-25 03:19:26.181972,11.645864
channel-85077,60177,30299716,30299725,9,2025-02-25 03:19:18.478063,2025-02-25 03:19:29.720455,11.242392
channel-143,128367,30299717,30299811,94,2025-02-25 03:19:19.758948,2025-02-25 03:21:19.697291,119.938343
channel-0,4038603,30299717,30299742,25,2025-02-25 03:19:19.758948,2025-02-25 03:19:52.013872,32.254924
channel-208,1490231,30299717,30299727,10,2025-02-25 03:19:19.758948,2025-02-25 03:19:33.119833,13.360885
channel-42,1490012,30299722,30299767,45,2025-02-25 03:19:26.181972,2025-02-25 03:20:27.223906,61.041934
channel-42,1490013,30299722,30299767,45,2025-02-25 03:19:26.181972,2025-02-25 03:20:27.223906,61.041934
channel-874,293117,30299727,30299747,20,2025-02-25 03:19:33.119833,2025-02-25 03:20:00.734016,27.614183
channel-208,1490232,30299727,30299737,10,2025-02-25 03:19:33.119833,2025-02-25 03:19:45.680809,12.560976
channel-412,64579,30299730,30299738,8,2025-02-25 03:19:36.676911,2025-02-25 03:19:46.782454,10.105543
channel-208,1490233,30299731,30299742,11,2025-02-25 03:19:37.892119,2025-02-25 03:19:52.013872,14.121753
channel-87,182902,30299733,30299809,76,2025-02-25 03:19:41.155776,2025-02-25 03:21:17.074293,95.918517
channel-4,166964,30299735,30299808,73,2025-02-25 03:19:43.340062,2025-02-25 03:21:15.842788,92.502726
channel-199,132738,30299740,30299749,9,2025-02-25 03:19:49.258131,2025-02-25 03:20:03.165953,13.907822
channel-143,128368,30299742,30299752,10,2025-02-25 03:19:52.013872,2025-02-25 03:20:07.441981,15.428109
channel-0,4038604,30299742,30299750,8,2025-02-25 03:19:52.013872,2025-02-25 03:20:04.195318,12.181446
channel-326,537983,30299745,30299750,5,2025-02-25 03:19:56.860341,2025-02-25 03:20:04.195318,7.334977
channel-0,4038605,30299748,30299760,12,2025-02-25 03:20:01.961386,2025-02-25 03:20:17.762243,15.800857
channel-208,1490234,30299751,30299763,12,2025-02-25 03:20:06.379784,2025-02-25 03:20:21.583889,15.204105
channel-326,537984,30299753,30299763,10,2025-02-25 03:20:08.688365,2025-02-25 03:20:21.583889,12.895524
channel-88,467119,30299753,30299791,38,2025-02-25 03:20:08.688365,2025-02-25 03:20:56.357494,47.669129
channel-85077,60178,30299763,30299774,11,2025-02-25 03:20:21.583889,2025-02-25 03:20:35.259298,13.675409
channel-143,128369,30299766,30299780,14,2025-02-25 03:20:26.124485,2025-02-25 03:20:43.182732,17.058247
channel-1279,67130,30299766,30299783,17,2025-02-25 03:20:26.124485,2025-02-25 03:20:47.244884,21.120399
channel-88,467120,30299772,30299786,14,2025-02-25 03:20:33.026182,2025-02-25 03:20:50.744482,17.7183
channel-91017,2845,30299774,30299788,14,2025-02-25 03:20:35.259298,2025-02-25 03:20:52.926700,17.667402
channel-75,845023,30299775,30299783,8,2025-02-25 03:20:36.747533,2025-02-25 03:20:47.244884,10.497351
channel-0,4038606,30299776,30299785,9,2025-02-25 03:20:37.798547,2025-02-25 03:20:49.576059,11.777512
channel-188,190586,30299778,30299813,35,2025-02-25 03:20:40.562581,2025-02-25 03:21:23.156370,42.593789
channel-208,1490235,30299780,30299791,11,2025-02-25 03:20:43.182732,2025-02-25 03:20:56.357494,13.174762
channel-1429,140726,30299783,30299796,13,2025-02-25 03:20:47.244884,2025-02-25 03:21:01.955924,14.71104
channel-326,537985,30299783,30299794,11,2025-02-25 03:20:47.244884,2025-02-25 03:20:59.647954,12.40307
channel-144,86688,30299783,30299796,13,2025-02-25 03:20:47.244884,2025-02-25 03:21:01.955924,14.71104
channel-85077,60179,30299787,30299801,14,2025-02-25 03:20:51.851516,2025-02-25 03:21:07.719655,15.868139
channel-259,314313,30299791,30299797,6,2025-02-25 03:20:56.357494,2025-02-25 03:21:03.301780,6.944286
channel-77,50265,30299794,30299808,14,2025-02-25 03:20:59.647954,2025-02-25 03:21:15.842788,16.194834
channel-4,166965,30299795,30299845,50,2025-02-25 03:21:00.775091,2025-02-25 03:22:14.010180,73.235089
channel-146,20032,30299796,30299820,24,2025-02-25 03:21:01.955924,2025-02-25 03:21:32.628165,30.672241
channel-6994,1324624,30299803,30299814,11,2025-02-25 03:21:10.144866,2025-02-25 03:21:24.221219,14.076353
channel-91017,2846,30299807,30299817,10,2025-02-25 03:21:14.757217,2025-02-25 03:21:28.709925,13.952708
channel-85077,60180,30299808,30299818,10,2025-02-25 03:21:15.842788,2025-02-25 03:21:30.174591,14.331803
channel-412,64580,30299811,30299821,10,2025-02-25 03:21:19.697291,2025-02-25 03:21:33.841234,14.143943
channel-85077,60181,30299816,30299822,6,2025-02-25 03:21:27.559706,2025-02-25 03:21:38.206457,10.646751
channel-85077,60182,30299817,30299823,6,2025-02-25 03:21:28.709925,2025-02-25 03:21:39.300062,10.590137
channel-642,126509,30299820,30299829,9,2025-02-25 03:21:32.628165,2025-02-25 03:21:50.566843,17.938678
channel-208,1490236,30299822,30299832,10,2025-02-25 03:21:38.206457,2025-02-25 03:21:55.590905,17.384448
channel-2694,3299,30299824,30299843,19,2025-02-25 03:21:43.740227,2025-02-25 03:22:09.626842,25.886615
channel-75,845024,30299826,30299842,16,2025-02-25 03:21:45.966787,2025-02-25 03:22:08.508484,22.541697
channel-1,408392,30299829,30299881,52,2025-02-25 03:21:50.566843,2025-02-25 03:23:02.594410,72.027567
channel-5,184296,30299830,30299837,7,2025-02-25 03:21:51.677050,2025-02-25 03:22:02.612122,10.935072
channel-85077,60183,30299836,30299844,8,2025-02-25 03:22:01.466857,2025-02-25 03:22:11.356512,9.889655
channel-85077,60184,30299838,30299847,9,2025-02-25 03:22:03.972270,2025-02-25 03:22:16.406719,12.434449
channel-259,314314,30299839,30299844,5,2025-02-25 03:22:05.049731,2025-02-25 03:22:11.356512,6.306781
channel-208,1490237,30299842,30299853,11,2025-02-25 03:22:08.508484,2025-02-25 03:22:23.576782,15.068298
channel-6994,1324625,30299843,30299869,26,2025-02-25 03:22:09.626842,2025-02-25 03:22:45.117887,35.491045
channel-184,137416,30299844,30299855,11,2025-02-25 03:22:11.356512,2025-02-25 03:22:25.781639,14.425127
channel-2,130633,30299863,30299871,8,2025-02-25 03:22:37.476814,2025-02-25 03:22:50.610457,13.133643
channel-85077,60185,30299863,30299869,6,2025-02-25 03:22:37.476814,2025-02-25 03:22:45.117887,7.641073
channel-1,408393,30299865,30299881,16,2025-02-25 03:22:39.656066,2025-02-25 03:23:02.594410,22.938344
channel-208,1490238,30299866,30299873,7,2025-02-25 03:22:41.841962,2025-02-25 03:22:52.945679,11.103717
channel-0,4038607,30299869,30299880,11,2025-02-25 03:22:45.117887,2025-02-25 03:23:01.484794,16.366907
channel-6994,1324626,30299869,30299907,38,2025-02-25 03:22:45.117887,2025-02-25 03:23:36.030095,50.912208
channel-208,1490239,30299869,30299882,13,2025-02-25 03:22:45.117887,2025-02-25 03:23:03.804318,18.686431
channel-326,537986,30299870,30299878,8,2025-02-25 03:22:49.483694,2025-02-25 03:22:58.827651,9.343957
channel-326,537987,30299886,30299891,5,2025-02-25 03:23:09.514914,2025-02-25 03:23:16.618018,7.103104
channel-2188,43678,30299889,30299893,4,2025-02-25 03:23:14.090493,2025-02-25 03:23:18.863671,4.773178
channel-6994,1324627,30299891,30299916,25,2025-02-25 03:23:16.618018,2025-02-25 03:23:48.167317,31.549299
channel-85077,60186,30299892,30299902,10,2025-02-25 03:23:17.720635,2025-02-25 03:23:30.389375,12.66874
channel-6994,1324628,30299893,30299907,14,2025-02-25 03:23:18.863671,2025-02-25 03:23:36.030095,17.166424
channel-6994,1324629,30299895,30299907,12,2025-02-25 03:23:21.237564,2025-02-25 03:23:36.030095,14.792531
channel-85077,60187,30299897,30299910,13,2025-02-25 03:23:23.478274,2025-02-25 03:23:41.193680,17.715406
channel-208,1490240,30299902,30299913,11,2025-02-25 03:23:30.389375,2025-02-25 03:23:44.608554,14.219179
channel-85077,60188,30299906,30299916,10,2025-02-25 03:23:34.899448,2025-02-25 03:23:48.167317,13.267869
channel-2188,43679,30299913,30299916,3,2025-02-25 03:23:44.608554,2025-02-25 03:23:48.167317,3.558763
channel-89298,18663,30299917,30299928,11,2025-02-25 03:23:50.834883,2025-02-25 03:24:03.404024,12.569141
channel-85077,60189,30299920,30299930,10,2025-02-25 03:23:54.130601,2025-02-25 03:24:05.666935,11.536334
channel-0,4038608,30299930,30299941,11,2025-02-25 03:24:05.666935,2025-02-25 03:24:21.662905,15.99597
channel-6994,1324630,30299934,30299981,47,2025-02-25 03:24:10.410888,2025-02-25 03:25:12.716750,62.305862
channel-115,20401,30299936,30299945,9,2025-02-25 03:24:12.657193,2025-02-25 03:24:27.931539,15.274346
channel-2188,43680,30299938,30299943,5,2025-02-25 03:24:18.115497,2025-02-25 03:24:24.270688,6.155191
channel-85077,60190,30299942,30299951,9,2025-02-25 03:24:22.869844,2025-02-25 03:24:34.618880,11.749036
channel-0,4038609,30299943,30299956,13,2025-02-25 03:24:24.270688,2025-02-25 03:24:40.625125,16.354437
channel-6994,1324631,30299945,30299966,21,2025-02-25 03:24:27.931539,2025-02-25 03:24:54.050899,26.11936
channel-85077,60191,30299945,30299955,10,2025-02-25 03:24:27.931539,2025-02-25 03:24:39.295460,11.363921
channel-326,537988,30299955,30299967,12,2025-02-25 03:24:39.295460,2025-02-25 03:24:55.137284,15.841824
channel-2188,43681,30299962,30299966,4,2025-02-25 03:24:48.572917,2025-02-25 03:24:54.050899,5.477982
channel-874,293118,30299964,30299970,6,2025-02-25 03:24:50.769705,2025-02-25 03:24:59.477989,8.708284
channel-326,537989,30299965,30299970,5,2025-02-25 03:24:52.908980,2025-02-25 03:24:59.477989,6.569009
channel-0,4038610,30299982,30300000,18,2025-02-25 03:25:13.800159,2025-02-25 03:25:34.983196,21.183037
channel-85077,60192,30299985,30299996,11,2025-02-25 03:25:17.352730,2025-02-25 03:25:30.519500,13.16677
channel-2188,43682,30299990,30299996,6,2025-02-25 03:25:22.980338,2025-02-25 03:25:30.519500,7.539162
channel-91017,2847,30299991,30300002,11,2025-02-25 03:25:24.329521,2025-02-25 03:25:38.738162,14.408641
channel-85077,60193,30299997,30300007,10,2025-02-25 03:25:31.654339,2025-02-25 03:25:46.470211,14.815872
channel-6994,1324632,30300003,30300048,45,2025-02-25 03:25:40.962097,2025-02-25 03:26:39.621306,58.659209
channel-85077,60194,30300003,30300013,10,2025-02-25 03:25:40.962097,2025-02-25 03:25:54.324547,13.36245
channel-85077,60195,30300004,30300020,16,2025-02-25 03:25:42.181389,2025-02-25 03:26:02.282317,20.100928
channel-2188,43683,30300011,30300016,5,2025-02-25 03:25:51.701196,2025-02-25 03:25:57.726722,6.025526
channel-326,537990,30300011,30300019,8,2025-02-25 03:25:51.701196,2025-02-25 03:26:01.033990,9.332794
channel-85077,60196,30300013,30300023,10,2025-02-25 03:25:54.324547,2025-02-25 03:26:05.744628,11.420081
channel-259,314315,30300021,30300028,7,2025-02-25 03:26:03.458274,2025-02-25 03:26:11.516290,8.058016
channel-85077,60197,30300026,30300043,17,2025-02-25 03:26:09.246615,2025-02-25 03:26:30.295617,21.049002
channel-85077,60198,30300027,30300043,16,2025-02-25 03:26:10.414575,2025-02-25 03:26:30.295617,19.881042
channel-85077,60199,30300029,30300040,11,2025-02-25 03:26:12.601789,2025-02-25 03:26:26.454001,13.852212
channel-208,1490241,30300029,30300040,11,2025-02-25 03:26:12.601789,2025-02-25 03:26:26.454001,13.852212
channel-259,314316,30300029,30300035,6,2025-02-25 03:26:12.601789,2025-02-25 03:26:20.404739,7.80295
channel-326,537991,30300047,30300057,10,2025-02-25 03:26:38.149910,2025-02-25 03:26:50.979477,12.829567
channel-85077,60200,30300053,30300063,10,2025-02-25 03:26:46.545669,2025-02-25 03:26:57.811503,11.265834
channel-6994,1324633,30300062,30300107,45,2025-02-25 03:26:56.642781,2025-02-25 03:27:59.479781,62.837
channel-85077,60201,30300064,30300078,14,2025-02-25 03:26:58.866654,2025-02-25 03:27:20.243300,21.376646
channel-874,293119,30300068,30300074,6,2025-02-25 03:27:08.400934,2025-02-25 03:27:15.351552,6.950618
channel-115,20402,30300081,30300091,10,2025-02-25 03:27:24.828373,2025-02-25 03:27:36.210857,11.382484
channel-208,1490242,30300083,30300092,9,2025-02-25 03:27:27.034301,2025-02-25 03:27:37.321463,10.287162
channel-1,408394,30300088,30300110,22,2025-02-25 03:27:32.705785,2025-02-25 03:28:03.339583,30.633798
channel-2188,43684,30300092,30300096,4,2025-02-25 03:27:37.321463,2025-02-25 03:27:43.624787,6.303324
channel-38946,124190,30300101,30300112,11,2025-02-25 03:27:50.498556,2025-02-25 03:28:05.668862,15.170306
channel-85077,60202,30300101,30300111,10,2025-02-25 03:27:50.498556,2025-02-25 03:28:04.540065,14.041509
channel-85077,60203,30300107,30300117,10,2025-02-25 03:27:59.479781,2025-02-25 03:28:11.952002,12.472221
channel-144,86689,30300109,30300126,17,2025-02-25 03:28:02.238898,2025-02-25 03:28:23.513836,21.274938
channel-85077,60204,30300110,30300121,11,2025-02-25 03:28:03.339583,2025-02-25 03:28:16.601310,13.261727
channel-8,43459,30300114,30300134,20,2025-02-25 03:28:08.526188,2025-02-25 03:28:33.666158,25.13997
channel-85077,60205,30300116,30300126,10,2025-02-25 03:28:10.905873,2025-02-25 03:28:23.513836,12.607963
channel-6994,1324634,30300121,30300159,38,2025-02-25 03:28:16.601310,2025-02-25 03:29:04.109788,47.508478
channel-0,4038611,30300127,30300139,12,2025-02-25 03:28:24.592657,2025-02-25 03:28:39.279151,14.686494
channel-79703,4447,30300127,30300141,14,2025-02-25 03:28:24.592657,2025-02-25 03:28:41.996462,17.403805
channel-85077,60206,30300152,30300161,9,2025-02-25 03:28:56.090321,2025-02-25 03:29:09.702351,13.61203
channel-874,293120,30300152,30300159,7,2025-02-25 03:28:56.090321,2025-02-25 03:29:04.109788,8.019467
channel-85077,60207,30300161,30300172,11,2025-02-25 03:29:09.702351,2025-02-25 03:29:22.496594,12.794243
channel-85077,60208,30300163,30300178,15,2025-02-25 03:29:12.020875,2025-02-25 03:29:32.235934,20.215059
channel-208,1490243,30300165,30300176,11,2025-02-25 03:29:14.226706,2025-02-25 03:29:28.493074,14.266368
channel-85077,60209,30300173,30300181,8,2025-02-25 03:29:23.598994,2025-02-25 03:29:35.573537,11.974543
channel-91017,2848,30300174,30300187,13,2025-02-25 03:29:25.270529,2025-02-25 03:29:43.576010,18.305481
channel-326,537992,30300190,30300196,6,2025-02-25 03:29:46.939417,2025-02-25 03:29:56.113620,9.174203
channel-6994,1324635,30300197,30300208,11,2025-02-25 03:29:57.277974,2025-02-25 03:30:10.991166,13.713192
channel-0,4038612,30300197,30300210,13,2025-02-25 03:29:57.277974,2025-02-25 03:30:13.671754,16.39378
channel-208,1490244,30300200,30300211,11,2025-02-25 03:30:02.057574,2025-02-25 03:30:14.941660,12.884086
channel-208,1490245,30300212,30300221,9,2025-02-25 03:30:16.063702,2025-02-25 03:30:26.544348,10.480646
channel-326,537993,30300216,30300224,8,2025-02-25 03:30:20.615542,2025-02-25 03:30:30.067167,9.451625
channel-782,310200,30300221,30300226,5,2025-02-25 03:30:26.544348,2025-02-25 03:30:32.415267,5.870919
channel-6994,1324636,30300225,30300271,46,2025-02-25 03:30:31.171199,2025-02-25 03:31:39.092872,67.921673
channel-326,537994,30300241,30300246,5,2025-02-25 03:30:49.814687,2025-02-25 03:30:57.082799,7.268112
channel-208,1490246,30300250,30300259,9,2025-02-25 03:31:01.697389,2025-02-25 03:31:13.471475,11.774086
channel-85077,60210,30300253,30300261,8,2025-02-25 03:31:05.721888,2025-02-25 03:31:15.912749,10.190861
channel-874,293121,30300253,30300267,14,2025-02-25 03:31:05.721888,2025-02-25 03:31:31.163968,25.44208
channel-208,1490247,30300254,30300261,7,2025-02-25 03:31:06.895203,2025-02-25 03:31:15.912749,9.017546
channel-874,293122,30300261,30300265,4,2025-02-25 03:31:15.912749,2025-02-25 03:31:28.703847,12.791098
channel-0,4038613,30300261,30300267,6,2025-02-25 03:31:15.912749,2025-02-25 03:31:31.163968,15.251219
channel-0,4038614,30300262,30300267,5,2025-02-25 03:31:21.810728,2025-02-25 03:31:31.163968,9.35324
channel-6994,1324637,30300264,30300288,24,2025-02-25 03:31:24.333554,2025-02-25 03:32:01.601348,37.267794
channel-782,310201,30300264,30300267,3,2025-02-25 03:31:24.333554,2025-02-25 03:31:31.163968,6.830414
channel-1,408395,30300273,30300297,24,2025-02-25 03:31:41.829283,2025-02-25 03:32:13.070865,31.241582
channel-88,467121,30300281,30300296,15,2025-02-25 03:31:52.200193,2025-02-25 03:32:11.959981,19.759788
channel-0,4038615,30300289,30300299,10,2025-02-25 03:32:02.799759,2025-02-25 03:32:15.473893,12.674134
channel-122,668034,30300295,30300301,6,2025-02-25 03:32:10.780605,2025-02-25 03:32:17.751960,6.971355
channel-85077,60211,30300304,30300311,7,2025-02-25 03:32:21.101160,2025-02-25 03:32:29.381508,8.280348
channel-326,537995,30300325,30300335,10,2025-02-25 03:32:46.192307,2025-02-25 03:32:57.595980,11.403673
channel-750,682865,30300328,30300351,23,2025-02-25 03:32:49.782119,2025-02-25 03:33:20.311787,30.529668
channel-85077,60212,30300361,30300371,10,2025-02-25 03:33:34.203681,2025-02-25 03:33:46.951772,12.748091
channel-208,1490248,30300361,30300372,11,2025-02-25 03:33:34.203681,2025-02-25 03:33:48.567343,14.363662
channel-0,4038616,30300368,30300379,11,2025-02-25 03:33:42.338272,2025-02-25 03:33:57.712976,15.374704
channel-6994,1324638,30300375,30300384,9,2025-02-25 03:33:51.951847,2025-02-25 03:34:04.511051,12.559204
channel-208,1490249,30300378,30300388,10,2025-02-25 03:33:56.594484,2025-02-25 03:34:12.869627,16.275143
channel-6994,1324639,30300384,30300396,12,2025-02-25 03:34:04.511051,2025-02-25 03:34:24.189809,19.678758
channel-6994,1324640,30300417,30300430,13,2025-02-25 03:34:49.954852,2025-02-25 03:35:04.716129,14.761277
channel-326,537996,30300419,30300429,10,2025-02-25 03:34:52.118460,2025-02-25 03:35:03.647487,11.529027
channel-6994,1324641,30300429,30300476,47,2025-02-25 03:35:03.647487,2025-02-25 03:36:02.944026,59.296539
channel-115,20403,30300429,30300436,7,2025-02-25 03:35:03.647487,2025-02-25 03:35:14.158356,10.510869
channel-72,516423,30300430,30300470,40,2025-02-25 03:35:04.716129,2025-02-25 03:35:55.662445,50.946316
channel-6994,1324642,30300431,30300459,28,2025-02-25 03:35:05.867995,2025-02-25 03:35:43.188796,37.320801
channel-6994,1324643,30300442,30300454,12,2025-02-25 03:35:22.646023,2025-02-25 03:35:37.318169,14.672146
channel-216,94232,30300449,30300515,66,2025-02-25 03:35:31.605709,2025-02-25 03:37:01.533706,89.927997
channel-19774,345970,30300456,30300467,11,2025-02-25 03:35:39.870138,2025-02-25 03:35:52.093556,12.223418
channel-6994,1324644,30300469,30300497,28,2025-02-25 03:35:54.396916,2025-02-25 03:36:36.562073,42.165157
channel-326,537997,30300470,30300480,10,2025-02-25 03:35:55.662445,2025-02-25 03:36:07.845419,12.182974
channel-122,668035,30300474,30300529,55,2025-02-25 03:36:00.641971,2025-02-25 03:37:19.535191,78.89322
channel-19774,345971,30300475,30300486,11,2025-02-25 03:36:01.719152,2025-02-25 03:36:17.861084,16.141932
channel-88,467122,30300475,30300490,15,2025-02-25 03:36:01.719152,2025-02-25 03:36:23.782303,22.063151
channel-82,18955,30300478,30300496,18,2025-02-25 03:36:05.228314,2025-02-25 03:36:34.945090,29.716776
channel-750,682866,30300480,30300780,300,2025-02-25 03:36:07.845419,2025-02-25 03:42:44.212208,396.366789
channel-216,94233,30300492,30300570,78,2025-02-25 03:36:26.253806,2025-02-25 03:38:09.567578,103.313772
channel-6994,1324645,30300495,30300534,39,2025-02-25 03:36:30.168401,2025-02-25 03:37:25.153823,54.985422
channel-412,64581,30300521,30300535,14,2025-02-25 03:37:08.694756,2025-02-25 03:37:26.445833,17.751077
channel-94814,3766,30300525,30300535,10,2025-02-25 03:37:14.861461,2025-02-25 03:37:26.445833,11.584372
channel-874,293123,30300526,30300533,7,2025-02-25 03:37:15.918112,2025-02-25 03:37:23.851187,7.933075
channel-0,4038617,30300551,30300560,9,2025-02-25 03:37:46.452089,2025-02-25 03:37:56.875481,10.423392
channel-0,4038618,30300552,30300565,13,2025-02-25 03:37:47.603118,2025-02-25 03:38:02.291274,14.688156
channel-6994,1324646,30300554,30300594,40,2025-02-25 03:37:49.866243,2025-02-25 03:38:40.425740,50.559497
channel-326,537998,30300554,30300560,6,2025-02-25 03:37:49.866243,2025-02-25 03:37:56.875481,7.009238
channel-19774,345972,30300568,30300578,10,2025-02-25 03:38:05.801920,2025-02-25 03:38:20.220967,14.419047
channel-2188,43685,30300572,30300577,5,2025-02-25 03:38:12.244111,2025-02-25 03:38:17.981216,5.737105
channel-6994,1324647,30300579,30300589,10,2025-02-25 03:38:21.649981,2025-02-25 03:38:34.134929,12.484948
channel-6994,1324648,30300582,30300610,28,2025-02-25 03:38:25.201839,2025-02-25 03:39:03.450260,38.248421
channel-6994,1324649,30300610,30300625,15,2025-02-25 03:39:03.450260,2025-02-25 03:39:22.888090,19.43783
channel-0,4038619,30300610,30300623,13,2025-02-25 03:39:03.450260,2025-02-25 03:39:20.558606,17.108346
channel-85077,60213,30300616,30300629,13,2025-02-25 03:39:12.857838,2025-02-25 03:39:28.440276,15.582438
channel-6994,1324650,30300617,30300659,42,2025-02-25 03:39:13.872826,2025-02-25 03:40:05.673602,51.800776
channel-85077,60214,30300618,30300629,11,2025-02-25 03:39:15.034904,2025-02-25 03:39:28.440276,13.405372
channel-6994,1324651,30300618,30300631,13,2025-02-25 03:39:15.034904,2025-02-25 03:39:30.764292,15.729388
channel-122,668036,30300623,30300628,5,2025-02-25 03:39:20.558606,2025-02-25 03:39:26.340192,5.781586
channel-85077,60215,30300625,30300634,9,2025-02-25 03:39:22.888090,2025-02-25 03:39:35.325868,12.437778
channel-85077,60216,30300633,30300642,9,2025-02-25 03:39:34.234843,2025-02-25 03:39:44.549575,10.314732
channel-326,537999,30300643,30300653,10,2025-02-25 03:39:46.793048,2025-02-25 03:39:58.813928,12.02088
channel-89298,18664,30300652,30300662,10,2025-02-25 03:39:57.684779,2025-02-25 03:40:10.294218,12.609439
channel-750,682867,30300654,30300659,5,2025-02-25 03:40:00.014130,2025-02-25 03:40:05.673602,5.659472
channel-326,538000,30300659,30300669,10,2025-02-25 03:40:05.673602,2025-02-25 03:40:18.843152,13.16955
channel-0,4038620,30300666,30300674,8,2025-02-25 03:40:14.876629,2025-02-25 03:40:24.520135,9.643506
channel-6994,1324652,30300688,30300727,39,2025-02-25 03:40:41.672590,2025-02-25 03:41:38.005885,56.333295
channel-38946,124191,30300690,30300701,11,2025-02-25 03:40:43.991057,2025-02-25 03:41:03.127587,19.13653
channel-0,4038621,30300691,30300698,7,2025-02-25 03:40:48.460020,2025-02-25 03:40:59.167114,10.707094
channel-326,538001,30300691,30300699,8,2025-02-25 03:40:48.460020,2025-02-25 03:41:00.315662,11.855642
channel-320,119201,30300699,30300713,14,2025-02-25 03:41:00.315662,2025-02-25 03:41:16.889475,16.573813
channel-326,538002,30300706,30300712,6,2025-02-25 03:41:08.761333,2025-02-25 03:41:15.675618,6.914285
channel-6994,1324653,30300743,30300781,38,2025-02-25 03:41:58.184965,2025-02-25 03:42:45.428478,47.243513
channel-199,132739,30300752,30300762,10,2025-02-25 03:42:08.608862,2025-02-25 03:42:21.173173,12.564311
channel-750,682868,30300756,30300771,15,2025-02-25 03:42:14.184482,2025-02-25 03:42:32.193867,18.009385
channel-208,1490250,30300756,30300767,11,2025-02-25 03:42:14.184482,2025-02-25 03:42:27.000352,12.81587
channel-2494,31935,30300762,30300775,13,2025-02-25 03:42:21.173173,2025-02-25 03:42:37.381381,16.208208
channel-326,538003,30300786,30300795,9,2025-02-25 03:42:51.245412,2025-02-25 03:43:03.940846,12.695434
channel-75,845025,30300791,30300798,7,2025-02-25 03:42:58.432517,2025-02-25 03:43:07.357246,8.924729
channel-0,4038622,30300802,30300813,11,2025-02-25 03:43:13.817119,2025-02-25 03:43:26.421884,12.604765
channel-6994,1324654,30300806,30300845,39,2025-02-25 03:43:18.370846,2025-02-25 03:44:12.580789,54.209943
channel-326,538004,30300822,30300830,8,2025-02-25 03:43:38.988614,2025-02-25 03:43:51.588721,12.600107
channel-750,682869,30300822,30300826,4,2025-02-25 03:43:38.988614,2025-02-25 03:43:44.710678,5.722064
channel-2188,43686,30300826,30300831,5,2025-02-25 03:43:44.710678,2025-02-25 03:43:52.751316,8.040638
channel-188,190587,30300830,30300840,10,2025-02-25 03:43:51.588721,2025-02-25 03:44:06.713861,15.12514
channel-783,104246,30300846,30300851,5,2025-02-25 03:44:13.952952,2025-02-25 03:44:19.452133,5.499181
channel-750,682870,30300856,30300862,6,2025-02-25 03:44:26.890268,2025-02-25 03:44:33.509805,6.619537
channel-6994,1324655,30300861,30300884,23,2025-02-25 03:44:32.371507,2025-02-25 03:45:06.064075,33.692568
channel-326,538005,30300866,30300873,7,2025-02-25 03:44:37.969870,2025-02-25 03:44:48.176753,10.206883
channel-6994,1324656,30300870,30300913,43,2025-02-25 03:44:43.365286,2025-02-25 03:45:41.930932,58.565646
channel-208,1490251,30300871,30300881,10,2025-02-25 03:44:44.438267,2025-02-25 03:44:59.404556,14.966289
channel-767,14368,30300871,30300879,8,2025-02-25 03:44:44.438267,2025-02-25 03:44:56.203055,11.764788
channel-783,104247,30300873,30300880,7,2025-02-25 03:44:48.176753,2025-02-25 03:44:58.310815,10.134062
channel-85077,60217,30300874,30300882,8,2025-02-25 03:44:50.556644,2025-02-25 03:45:00.543590,9.986946
channel-326,538006,30300877,30300882,5,2025-02-25 03:44:54.039279,2025-02-25 03:45:00.543590,6.504311
channel-91017,2849,30300883,30300903,20,2025-02-25 03:45:01.610345,2025-02-25 03:45:29.660725,28.05038
channel-6994,1324657,30300889,30300901,12,2025-02-25 03:45:12.435669,2025-02-25 03:45:27.295098,14.859429
channel-208,1490252,30300893,30300905,12,2025-02-25 03:45:17.355495,2025-02-25 03:45:32.949719,15.594224
channel-72,516424,30300897,30300947,50,2025-02-25 03:45:22.167515,2025-02-25 03:46:28.585181,66.417666
channel-326,538007,30300901,30300906,5,2025-02-25 03:45:27.295098,2025-02-25 03:45:34.137808,6.84271
channel-326,538008,30300902,30300906,4,2025-02-25 03:45:28.448702,2025-02-25 03:45:34.137808,5.689106
channel-0,4038623,30300905,30300922,17,2025-02-25 03:45:32.949719,2025-02-25 03:45:53.258456,20.308737
channel-0,4038624,30300907,30300922,15,2025-02-25 03:45:35.220062,2025-02-25 03:45:53.258456,18.038394
channel-767,14369,30300907,30300920,13,2025-02-25 03:45:35.220062,2025-02-25 03:45:49.754103,14.534041
channel-6994,1324658,30300908,30300923,15,2025-02-25 03:45:36.261261,2025-02-25 03:45:54.328108,18.066847
channel-326,538009,30300914,30300920,6,2025-02-25 03:45:42.911175,2025-02-25 03:45:49.754103,6.842928
channel-6994,1324659,30300924,30300937,13,2025-02-25 03:45:55.471905,2025-02-25 03:46:13.147911,17.676006
channel-6994,1324660,30300932,30300965,33,2025-02-25 03:46:05.089461,2025-02-25 03:46:53.160570,48.071109
channel-0,4038625,30300932,30300940,8,2025-02-25 03:46:05.089461,2025-02-25 03:46:16.419278,11.329817
channel-0,4038626,30300939,30300947,8,2025-02-25 03:46:15.313482,2025-02-25 03:46:28.585181,13.271699
channel-750,682871,30300954,30300958,4,2025-02-25 03:46:36.468077,2025-02-25 03:46:41.173901,4.705824
channel-0,4038627,30300958,30300967,9,2025-02-25 03:46:41.173901,2025-02-25 03:46:55.407983,14.234082
channel-38946,124192,30300967,30301006,39,2025-02-25 03:46:55.407983,2025-02-25 03:47:43.243646,47.835663
channel-750,682872,30300970,30300975,5,2025-02-25 03:46:59.843205,2025-02-25 03:47:06.863953,7.020748
channel-6994,1324661,30300992,30301035,43,2025-02-25 03:47:26.649291,2025-02-25 03:48:21.138125,54.488834
channel-76971,12242,30300992,30301022,30,2025-02-25 03:47:26.649291,2025-02-25 03:48:04.235456,37.586165
channel-89298,18665,30300996,30301006,10,2025-02-25 03:47:31.443522,2025-02-25 03:47:43.243646,11.800124
channel-85077,60218,30301006,30301018,12,2025-02-25 03:47:43.243646,2025-02-25 03:47:58.356759,15.113113
channel-326,538010,30301009,30301015,6,2025-02-25 03:47:47.521684,2025-02-25 03:47:54.835077,7.313393
channel-326,538011,30301027,30301040,13,2025-02-25 03:48:11.083839,2025-02-25 03:48:28.283198,17.199359
channel-1,408396,30301028,30301036,8,2025-02-25 03:48:12.318915,2025-02-25 03:48:22.294775,9.97586
channel-0,4038628,30301030,30301039,9,2025-02-25 03:48:14.683941,2025-02-25 03:48:26.781561,12.09762
channel-688,33510,30301036,30301044,8,2025-02-25 03:48:22.294775,2025-02-25 03:48:34.052968,11.758193
channel-2188,43687,30301038,30301041,3,2025-02-25 03:48:25.628715,2025-02-25 03:48:30.488086,4.859371
channel-232,49199,30301039,30301061,22,2025-02-25 03:48:26.781561,2025-02-25 03:48:55.026481,28.24492
channel-42,1490014,30301042,30301048,6,2025-02-25 03:48:31.606440,2025-02-25 03:48:40.129646,8.523206
channel-75,845026,30301047,30301056,9,2025-02-25 03:48:37.452977,2025-02-25 03:48:49.075017,11.62204
channel-326,538012,30301057,30301063,6,2025-02-25 03:48:50.213135,2025-02-25 03:48:57.650805,7.43767
channel-1429,140727,30301076,30301089,13,2025-02-25 03:49:18.721163,2025-02-25 03:49:34.130159,15.408996
channel-122,668037,30301086,30301090,4,2025-02-25 03:49:30.486042,2025-02-25 03:49:35.433261,4.947219
channel-2,130634,30301088,30301097,9,2025-02-25 03:49:33.040510,2025-02-25 03:49:44.075285,11.034775
channel-326,538013,30301099,30301102,3,2025-02-25 03:49:47.569931,2025-02-25 03:49:54.276589,6.706658
channel-326,538014,30301108,30301118,10,2025-02-25 03:50:00.912900,2025-02-25 03:50:13.898616,12.985716
channel-75,845027,30301116,30301123,7,2025-02-25 03:50:11.708627,2025-02-25 03:50:19.444381,7.735754
channel-208,1490253,30301128,30301138,10,2025-02-25 03:50:26.298357,2025-02-25 03:50:40.994779,14.696422
channel-326,538015,30301142,30301147,5,2025-02-25 03:50:45.503337,2025-02-25 03:50:51.182172,5.678835
channel-2186,40784,30301171,30301184,13,2025-02-25 03:51:23.678490,2025-02-25 03:51:38.807561,15.129071
channel-326,538016,30301178,30301183,5,2025-02-25 03:51:31.924514,2025-02-25 03:51:37.571508,5.646994
channel-874,293124,30301189,30301197,8,2025-02-25 03:51:44.425300,2025-02-25 03:51:56.073668,11.648368
channel-208,1490254,30301192,30301204,12,2025-02-25 03:51:48.827619,2025-02-25 03:52:04.338005,15.510386
channel-326,538017,30301196,30301205,9,2025-02-25 03:51:54.467423,2025-02-25 03:52:05.618470,11.151047
channel-216,94234,30301204,30301362,158,2025-02-25 03:52:04.338005,2025-02-25 03:55:28.834586,204.496581
channel-75,845028,30301206,30301214,8,2025-02-25 03:52:06.784885,2025-02-25 03:52:16.834535,10.04965
channel-6994,1324662,30301211,30301224,13,2025-02-25 03:52:12.413335,2025-02-25 03:52:30.314209,17.900874
channel-750,682873,30301223,30301233,10,2025-02-25 03:52:29.253561,2025-02-25 03:52:41.350141,12.09658
channel-1,408397,30301228,30301239,11,2025-02-25 03:52:34.796434,2025-02-25 03:52:48.540465,13.744031
channel-2,130635,30301232,30301248,16,2025-02-25 03:52:40.093129,2025-02-25 03:52:59.114664,19.021535
channel-115,20404,30301238,30301250,12,2025-02-25 03:52:47.402913,2025-02-25 03:53:01.501256,14.098343
channel-750,682874,30301239,30301252,13,2025-02-25 03:52:48.540465,2025-02-25 03:53:03.709892,15.169427
channel-326,538018,30301239,30301247,8,2025-02-25 03:52:48.540465,2025-02-25 03:52:57.733931,9.193466
channel-89298,18666,30301240,30301248,8,2025-02-25 03:52:49.698343,2025-02-25 03:52:59.114664,9.416321
channel-6994,1324663,30301244,30301253,9,2025-02-25 03:52:54.395478,2025-02-25 03:53:04.936571,10.541093
channel-88,467123,30301256,30301267,11,2025-02-25 03:53:08.272399,2025-02-25 03:53:26.577746,18.305347
channel-0,4038629,30301257,30301285,28,2025-02-25 03:53:09.631671,2025-02-25 03:53:49.251944,39.620273
channel-6787,166709,30301259,30301263,4,2025-02-25 03:53:13.815919,2025-02-25 03:53:20.472549,6.65663
channel-326,538019,30301289,30301296,7,2025-02-25 03:53:54.527454,2025-02-25 03:54:02.873596,8.346142
channel-2,130636,30301295,30301309,14,2025-02-25 03:54:01.154150,2025-02-25 03:54:19.179188,18.025038
channel-85077,60219,30301313,30301336,23,2025-02-25 03:54:24.811797,2025-02-25 03:54:57.289783,32.477986
channel-326,538020,30301329,30301338,9,2025-02-25 03:54:47.602043,2025-02-25 03:54:59.608233,12.00619
channel-85077,60220,30301336,30301346,10,2025-02-25 03:54:57.289783,2025-02-25 03:55:08.684794,11.395011
channel-750,682875,30301345,30301362,17,2025-02-25 03:55:07.563107,2025-02-25 03:55:28.834586,21.271479
channel-6787,166710,30301350,30301354,4,2025-02-25 03:55:13.195056,2025-02-25 03:55:17.965092,4.770036
channel-874,293125,30301356,30301361,5,2025-02-25 03:55:21.367292,2025-02-25 03:55:27.682217,6.314925
channel-122,668038,30301359,30301362,3,2025-02-25 03:55:24.749825,2025-02-25 03:55:28.834586,4.084761
channel-326,538021,30301372,30301378,6,2025-02-25 03:55:42.285848,2025-02-25 03:55:49.187102,6.901254
channel-326,538022,30301387,30301393,6,2025-02-25 03:56:00.765714,2025-02-25 03:56:09.549602,8.783888
channel-750,682876,30301387,30301392,5,2025-02-25 03:56:00.765714,2025-02-25 03:56:07.921159,7.155445
channel-208,1490255,30301392,30301404,12,2025-02-25 03:56:07.921159,2025-02-25 03:56:22.398201,14.477042
channel-2,130637,30301401,30301414,13,2025-02-25 03:56:18.909777,2025-02-25 03:56:35.116226,16.206449
channel-6994,1324664,30301406,30301419,13,2025-02-25 03:56:25.865129,2025-02-25 03:56:40.777825,14.912696
channel-122,668039,30301408,30301412,4,2025-02-25 03:56:28.240253,2025-02-25 03:56:32.820507,4.580254
channel-326,538023,30301425,30301431,6,2025-02-25 03:56:47.896797,2025-02-25 03:56:55.725397,7.8286
channel-320,119202,30301425,30301434,9,2025-02-25 03:56:47.896797,2025-02-25 03:56:59.639975,11.743178
channel-0,4038630,30301432,30301441,9,2025-02-25 03:56:57.446878,2025-02-25 03:57:07.819406,10.372528
channel-412,64582,30301444,30301455,11,2025-02-25 03:57:12.275590,2025-02-25 03:57:27.903310,15.62772
channel-750,682877,30301447,30301463,16,2025-02-25 03:57:16.470411,2025-02-25 03:57:37.336929,20.866518
channel-6994,1324665,30301449,30301476,27,2025-02-25 03:57:19.791976,2025-02-25 03:57:54.125473,34.333497
channel-2188,43688,30301451,30301455,4,2025-02-25 03:57:22.132689,2025-02-25 03:57:27.903310,5.770621
channel-412,64583,30301460,30301470,10,2025-02-25 03:57:33.439909,2025-02-25 03:57:45.285296,11.845387
channel-6994,1324666,30301460,30301495,35,2025-02-25 03:57:33.439909,2025-02-25 03:58:22.707931,49.268022
channel-326,538024,30301470,30301476,6,2025-02-25 03:57:45.285296,2025-02-25 03:57:54.125473,8.840177
channel-6994,1324667,30301477,30301491,14,2025-02-25 03:57:59.427560,2025-02-25 03:58:16.644013,17.216453
channel-6994,1324668,30301482,30301495,13,2025-02-25 03:58:06.463195,2025-02-25 03:58:22.707931,16.244736
channel-98130,83,30301485,30301498,13,2025-02-25 03:58:09.924463,2025-02-25 03:58:26.182175,16.257712
channel-0,4038631,30301505,30301518,13,2025-02-25 03:58:35.602657,2025-02-25 03:58:51.629325,16.026668
channel-326,538025,30301513,30301521,8,2025-02-25 03:58:45.577853,2025-02-25 03:58:55.676568,10.098715
channel-89298,18667,30301519,30301526,7,2025-02-25 03:58:53.220371,2025-02-25 03:59:05.231411,12.01104
channel-6994,1324669,30301521,30301531,10,2025-02-25 03:58:55.676568,2025-02-25 03:59:11.295121,15.618553
channel-0,4038632,30301521,30301554,33,2025-02-25 03:58:55.676568,2025-02-25 03:59:37.748060,42.071492
channel-750,682878,30301527,30301532,5,2025-02-25 03:59:06.345094,2025-02-25 03:59:12.419500,6.074406
channel-6994,1324670,30301532,30301579,47,2025-02-25 03:59:12.419500,2025-02-25 04:00:12.298633,59.879133
channel-0,4038633,30301542,30301554,12,2025-02-25 03:59:23.777620,2025-02-25 03:59:37.748060,13.97044
channel-0,4038634,30301546,30301570,24,2025-02-25 03:59:28.457074,2025-02-25 04:00:00.067770,31.610696
channel-326,538026,30301549,30301554,5,2025-02-25 03:59:31.738324,2025-02-25 03:59:37.748060,6.009736
channel-6994,1324671,30301551,30301570,19,2025-02-25 03:59:34.282649,2025-02-25 04:00:00.067770,25.785121
channel-85077,60221,30301553,30301562,9,2025-02-25 03:59:36.466524,2025-02-25 03:59:48.406474,11.93995
channel-143,128370,30301553,30301565,12,2025-02-25 03:59:36.466524,2025-02-25 03:59:52.600513,16.133989
channel-6994,1324672,30301556,30301566,10,2025-02-25 03:59:41.215468,2025-02-25 03:59:53.750385,12.534917
channel-2,130638,30301556,30301568,12,2025-02-25 03:59:41.215468,2025-02-25 03:59:57.696496,16.481028
channel-326,538027,30301566,30301571,5,2025-02-25 03:59:53.750385,2025-02-25 04:00:02.194059,8.443674
channel-412,64584,30301576,30301590,14,2025-02-25 04:00:07.901750,2025-02-25 04:00:26.898996,18.997246
channel-750,682879,30301580,30301585,5,2025-02-25 04:00:14.455784,2025-02-25 04:00:20.131538,5.675754
channel-2,130639,30301584,30301593,9,2025-02-25 04:00:18.922960,2025-02-25 04:00:30.663339,11.740379
channel-6994,1324673,30301585,30301598,13,2025-02-25 04:00:20.131538,2025-02-25 04:00:36.545563,16.414025
channel-6994,1324674,30301587,30301598,11,2025-02-25 04:00:22.282159,2025-02-25 04:00:36.545563,14.263404
channel-326,538028,30301588,30301594,6,2025-02-25 04:00:24.493508,2025-02-25 04:00:31.889020,7.395512
channel-750,682880,30301595,30301606,11,2025-02-25 04:00:33.048102,2025-02-25 04:00:46.723560,13.675458
channel-6994,1324675,30301601,30301628,27,2025-02-25 04:00:40.987578,2025-02-25 04:01:13.556953,32.569375
channel-326,538029,30301609,30301614,5,2025-02-25 04:00:50.018841,2025-02-25 04:00:56.117851,6.09901
channel-6994,1324676,30301616,30301670,54,2025-02-25 04:00:58.554842,2025-02-25 04:02:06.095146,67.540304
channel-171,7591,30301619,30301627,8,2025-02-25 04:01:02.026597,2025-02-25 04:01:12.419546,10.392949
channel-0,4038635,30301625,30301635,10,2025-02-25 04:01:09.279105,2025-02-25 04:01:22.396282,13.117177
channel-75,845029,30301626,30301638,12,2025-02-25 04:01:10.472797,2025-02-25 04:01:25.838150,15.365353
channel-6994,1324677,30301635,30301656,21,2025-02-25 04:01:22.396282,2025-02-25 04:01:49.096102,26.69982
channel-2188,43689,30301639,30301644,5,2025-02-25 04:01:27.033452,2025-02-25 04:01:32.907918,5.874466
channel-216,94235,30301639,30301708,69,2025-02-25 04:01:27.033452,2025-02-25 04:02:56.422900,89.389448
channel-326,538030,30301643,30301650,7,2025-02-25 04:01:31.853563,2025-02-25 04:01:40.907494,9.053931
channel-89298,18668,30301648,30301655,7,2025-02-25 04:01:37.410388,2025-02-25 04:01:47.968952,10.558564
channel-122,668040,30301651,30301656,5,2025-02-25 04:01:42.087457,2025-02-25 04:01:49.096102,7.008645
channel-88,467124,30301653,30301670,17,2025-02-25 04:01:45.925423,2025-02-25 04:02:06.095146,20.169723
channel-750,682881,30301656,30301660,4,2025-02-25 04:01:49.096102,2025-02-25 04:01:54.331427,5.235325
channel-0,4038636,30301658,30301668,10,2025-02-25 04:01:51.457255,2025-02-25 04:02:03.664539,12.207284
channel-91017,2850,30301663,30301678,15,2025-02-25 04:01:57.854975,2025-02-25 04:02:15.269659,17.414684
channel-0,4038637,30301664,30301683,19,2025-02-25 04:01:59.118607,2025-02-25 04:02:20.890686,21.772079
channel-0,4038638,30301664,30301690,26,2025-02-25 04:01:59.118607,2025-02-25 04:02:31.253739,32.135132
channel-6994,1324678,30301665,30301676,11,2025-02-25 04:02:00.218958,2025-02-25 04:02:12.977326,12.758368
channel-6994,1324679,30301677,30301703,26,2025-02-25 04:02:14.090590,2025-02-25 04:02:48.936984,34.846394
channel-750,682882,30301679,30301683,4,2025-02-25 04:02:16.372986,2025-02-25 04:02:20.890686,4.5177
channel-6994,1324680,30301684,30301717,33,2025-02-25 04:02:23.005883,2025-02-25 04:03:06.920215,43.914332
channel-0,4038639,30301685,30301694,9,2025-02-25 04:02:24.278548,2025-02-25 04:02:36.651074,12.372526
channel-2188,43690,30301686,30301691,5,2025-02-25 04:02:25.387111,2025-02-25 04:02:32.950796,7.563685
channel-642,126510,30301686,30301713,27,2025-02-25 04:02:25.387111,2025-02-25 04:03:02.233489,36.846378
channel-259,314317,30301688,30301693,5,2025-02-25 04:02:28.816483,2025-02-25 04:02:35.236825,6.420342
channel-208,1490256,30301690,30301696,6,2025-02-25 04:02:31.253739,2025-02-25 04:02:41.017632,9.763893
channel-6994,1324681,30301691,30301742,51,2025-02-25 04:02:32.950796,2025-02-25 04:03:43.262529,70.311733
channel-4,166966,30301694,30301743,49,2025-02-25 04:02:36.651074,2025-02-25 04:03:45.595542,68.944468
channel-750,682883,30301694,30301703,9,2025-02-25 04:02:36.651074,2025-02-25 04:02:48.936984,12.28591
channel-750,682884,30301695,30301710,15,2025-02-25 04:02:38.745424,2025-02-25 04:02:58.714191,19.968767
channel-412,64585,30301698,30301709,11,2025-02-25 04:02:43.334192,2025-02-25 04:02:57.471951,14.137759
channel-75,845030,30301700,30301708,8,2025-02-25 04:02:45.620493,2025-02-25 04:02:56.422900,10.802407
channel-0,4038640,30301708,30301728,20,2025-02-25 04:02:56.422900,2025-02-25 04:03:20.200644,23.777744
channel-199,132740,30301713,30301723,10,2025-02-25 04:03:02.233489,2025-02-25 04:03:13.886533,11.653044
channel-259,314318,30301717,30301727,10,2025-02-25 04:03:06.920215,2025-02-25 04:03:18.823827,11.903612
channel-2188,43691,30301719,30301723,4,2025-02-25 04:03:09.453583,2025-02-25 04:03:13.886533,4.43295
channel-88,467125,30301723,30301739,16,2025-02-25 04:03:13.886533,2025-02-25 04:03:38.900706,25.014173
channel-6994,1324682,30301723,30301734,11,2025-02-25 04:03:13.886533,2025-02-25 04:03:31.668576,17.782043
channel-6994,1324683,30301725,30341221,39496,2025-02-25 04:03:16.667539,2025-02-25 18:28:58.757156,51942.089617
channel-19774,345973,30301729,30301738,9,2025-02-25 04:03:22.475448,2025-02-25 04:03:36.254144,13.778696
channel-0,4038641,30301737,30301748,11,2025-02-25 04:03:35.046742,2025-02-25 04:03:51.159237,16.112495
channel-259,314319,30301740,30301745,5,2025-02-25 04:03:40.031662,2025-02-25 04:03:47.746486,7.714824
channel-6994,1324684,30301743,30301773,30,2025-02-25 04:03:45.595542,2025-02-25 04:04:21.306924,35.711382
channel-122,668041,30301743,30301748,5,2025-02-25 04:03:45.595542,2025-02-25 04:03:51.159237,5.563695
channel-2188,43692,30301754,30301759,5,2025-02-25 04:03:58.047492,2025-02-25 04:04:05.339197,7.291705
channel-75,845031,30301754,30301762,8,2025-02-25 04:03:58.047492,2025-02-25 04:04:08.643494,10.596002
channel-6994,1324685,30301754,30301812,58,2025-02-25 04:03:58.047492,2025-02-25 04:05:09.388242,71.34075
channel-89298,18669,30301754,30301768,14,2025-02-25 04:03:58.047492,2025-02-25 04:04:15.605131,17.557639
channel-783,104248,30301761,30301768,7,2025-02-25 04:04:07.562024,2025-02-25 04:04:15.605131,8.043107
channel-326,538031,30301783,30301790,7,2025-02-25 04:04:32.766875,2025-02-25 04:04:41.242307,8.475432
channel-326,538032,30301796,30301802,6,2025-02-25 04:04:49.274428,2025-02-25 04:04:58.285586,9.011158
channel-6994,1324686,30301820,30301877,57,2025-02-25 04:05:20.960824,2025-02-25 04:06:32.094098,71.133274
channel-75,845032,30301833,30301841,8,2025-02-25 04:05:38.156395,2025-02-25 04:05:47.545902,9.389507
channel-0,4038642,30301833,30301841,8,2025-02-25 04:05:38.156395,2025-02-25 04:05:47.545902,9.389507
channel-326,538033,30301840,30301846,6,2025-02-25 04:05:46.305892,2025-02-25 04:05:54.606052,8.30016
channel-6994,1324687,30301842,30301852,10,2025-02-25 04:05:49.803877,2025-02-25 04:06:01.362158,11.558281
channel-94814,3767,30301869,30301880,11,2025-02-25 04:06:23.102900,2025-02-25 04:06:35.516154,12.413254
channel-1429,140728,30301874,30301883,9,2025-02-25 04:06:28.849689,2025-02-25 04:06:39.874746,11.025057
channel-6994,1324688,30301889,30301945,56,2025-02-25 04:06:47.312640,2025-02-25 04:08:01.390931,74.078291
channel-326,538034,30301889,30301894,5,2025-02-25 04:06:47.312640,2025-02-25 04:06:54.416403,7.103763
channel-6994,1324689,30301896,30301909,13,2025-02-25 04:06:56.488970,2025-02-25 04:07:14.447226,17.958256
channel-72,516425,30301896,30301942,46,2025-02-25 04:06:56.488970,2025-02-25 04:07:58.083661,61.594691
channel-0,4038643,30301897,30301904,7,2025-02-25 04:06:57.706068,2025-02-25 04:07:07.646611,9.940543
channel-88,467126,30301906,30301914,8,2025-02-25 04:07:10.931641,2025-02-25 04:07:23.812937,12.881296
channel-1,408398,30301911,30301926,15,2025-02-25 04:07:16.990995,2025-02-25 04:07:37.815823,20.824828
channel-326,538035,30301939,30301945,6,2025-02-25 04:07:54.508080,2025-02-25 04:08:01.390931,6.882851
channel-750,682885,30301940,30301951,11,2025-02-25 04:07:55.722117,2025-02-25 04:08:12.561425,16.839308
channel-0,4038644,30301943,30301953,10,2025-02-25 04:07:59.170815,2025-02-25 04:08:14.991949,15.821134
channel-2494,31936,30301945,30301957,12,2025-02-25 04:08:01.390931,2025-02-25 04:08:19.926787,18.535856
channel-412,64586,30301948,30301958,10,2025-02-25 04:08:08.894421,2025-02-25 04:08:21.090689,12.196268
channel-6994,1324690,30301948,30302003,55,2025-02-25 04:08:08.894421,2025-02-25 04:09:16.644110,67.749689
channel-208,1490257,30301953,30301966,13,2025-02-25 04:08:14.991949,2025-02-25 04:08:30.109091,15.117142
channel-165,71444,30301953,30301964,11,2025-02-25 04:08:14.991949,2025-02-25 04:08:27.931039,12.93909
channel-15464,2657,30301958,30301970,12,2025-02-25 04:08:21.090689,2025-02-25 04:08:34.971664,13.880975
channel-115,20405,30301959,30301972,13,2025-02-25 04:08:22.261130,2025-02-25 04:08:37.066921,14.805791
channel-42,1490015,30301961,30301968,7,2025-02-25 04:08:24.485748,2025-02-25 04:08:32.527196,8.041448
channel-326,538036,30301980,30301986,6,2025-02-25 04:08:46.019188,2025-02-25 04:08:52.701705,6.682517
channel-0,4038645,30301983,30301994,11,2025-02-25 04:08:49.365336,2025-02-25 04:09:03.677149,14.311813
channel-412,64587,30301985,30301997,12,2025-02-25 04:08:51.569744,2025-02-25 04:09:07.160145,15.590401
channel-1575,15193,30301988,30301997,9,2025-02-25 04:08:56.120469,2025-02-25 04:09:07.160145,11.039676
channel-19774,345974,30302002,30302010,8,2025-02-25 04:09:15.616311,2025-02-25 04:09:25.481586,9.865275
channel-6994,1324691,30302009,30302031,22,2025-02-25 04:09:24.375761,2025-02-25 04:09:53.945493,29.569732
channel-0,4038646,30302009,30302034,25,2025-02-25 04:09:24.375761,2025-02-25 04:09:58.712476,34.336715
channel-6994,1324692,30302013,30302056,43,2025-02-25 04:09:29.879323,2025-02-25 04:10:24.099559,54.220236
channel-72,516426,30302014,30302059,45,2025-02-25 04:09:31.205312,2025-02-25 04:10:28.455291,57.249979
channel-2,130640,30302015,30302026,11,2025-02-25 04:09:33.319842,2025-02-25 04:09:47.808363,14.488521
channel-21113,25333,30302016,30302022,6,2025-02-25 04:09:34.408983,2025-02-25 04:09:42.581460,8.172477
channel-326,538037,30302022,30302028,6,2025-02-25 04:09:42.581460,2025-02-25 04:09:50.247188,7.665728
channel-2188,43693,30302025,30302030,5,2025-02-25 04:09:46.626532,2025-02-25 04:09:52.475788,5.849256
channel-326,538038,30302033,30302039,6,2025-02-25 04:09:57.469083,2025-02-25 04:10:04.696776,7.227693
channel-750,682886,30302039,30302044,5,2025-02-25 04:10:04.696776,2025-02-25 04:10:10.243545,5.546769
channel-6994,1324693,30302048,30302060,12,2025-02-25 04:10:14.698197,2025-02-25 04:10:29.627867,14.92967
channel-750,682887,30302053,30302064,11,2025-02-25 04:10:20.307675,2025-02-25 04:10:34.529979,14.222304
channel-75,845033,30302055,30302072,17,2025-02-25 04:10:23.038349,2025-02-25 04:10:44.682733,21.644384
channel-326,538039,30302062,30302082,20,2025-02-25 04:10:32.010005,2025-02-25 04:10:56.357627,24.347622
channel-6994,1324694,30302065,30302085,20,2025-02-25 04:10:35.776132,2025-02-25 04:11:01.072004,25.295872
channel-0,4038647,30302068,30302117,49,2025-02-25 04:10:39.362885,2025-02-25 04:11:40.933797,61.570912
channel-326,538040,30302070,30302080,10,2025-02-25 04:10:42.448949,2025-02-25 04:10:54.112527,11.663578
channel-0,4038648,30302074,30302084,10,2025-02-25 04:10:47.287535,2025-02-25 04:10:58.784403,11.496868
channel-750,682888,30302075,30302087,12,2025-02-25 04:10:48.417824,2025-02-25 04:11:04.847837,16.430013
channel-750,682889,30302078,30302089,11,2025-02-25 04:10:51.764601,2025-02-25 04:11:07.650840,15.886239
channel-0,4038649,30302084,30302092,8,2025-02-25 04:10:58.784403,2025-02-25 04:11:11.155267,12.370864
channel-874,293126,30302086,30302092,6,2025-02-25 04:11:02.191244,2025-02-25 04:11:11.155267,8.964023
channel-0,4038650,30302089,30302117,28,2025-02-25 04:11:07.650840,2025-02-25 04:11:40.933797,33.282957
channel-6994,1324695,30302090,30302104,14,2025-02-25 04:11:08.746071,2025-02-25 04:11:24.787245,16.041174
channel-0,4038651,30302093,30302121,28,2025-02-25 04:11:12.267450,2025-02-25 04:11:47.178853,34.911403
channel-0,4038652,30302095,30302121,26,2025-02-25 04:11:14.548964,2025-02-25 04:11:47.178853,32.629889
channel-0,4038653,30302098,30302107,9,2025-02-25 04:11:17.978394,2025-02-25 04:11:28.480074,10.50168
channel-0,4038654,30302102,30302113,11,2025-02-25 04:11:22.465100,2025-02-25 04:11:35.457675,12.992575
channel-122,668042,30302109,30302114,5,2025-02-25 04:11:30.722454,2025-02-25 04:11:36.585714,5.86326
channel-6994,1324696,30302112,30302122,10,2025-02-25 04:11:34.304782,2025-02-25 04:11:48.341499,14.036717
channel-750,682890,30302115,30302128,13,2025-02-25 04:11:37.696255,2025-02-25 04:11:55.140004,17.443749
channel-874,293127,30302115,30302121,6,2025-02-25 04:11:37.696255,2025-02-25 04:11:47.178853,9.482598
channel-0,4038655,30302117,30302127,10,2025-02-25 04:11:40.933797,2025-02-25 04:11:54.027914,13.094117
channel-6994,1324697,30302118,30302139,21,2025-02-25 04:11:42.085468,2025-02-25 04:12:13.554551,31.469083
channel-750,682891,30302118,30302122,4,2025-02-25 04:11:42.085468,2025-02-25 04:11:48.341499,6.256031
channel-6994,1324698,30302119,30302148,29,2025-02-25 04:11:43.328774,2025-02-25 04:12:23.832565,40.503791
channel-326,538041,30302119,30302125,6,2025-02-25 04:11:43.328774,2025-02-25 04:11:51.750142,8.421368
channel-6994,1324699,30302120,30302190,70,2025-02-25 04:11:45.066491,2025-02-25 04:13:17.668277,92.601786
channel-0,4038656,30302127,30302147,20,2025-02-25 04:11:54.027914,2025-02-25 04:12:22.725621,28.697707
channel-4,166967,30302133,30302162,29,2025-02-25 04:12:03.186387,2025-02-25 04:12:41.400502,38.214115
channel-0,4038657,30302133,30302156,23,2025-02-25 04:12:03.186387,2025-02-25 04:12:33.434816,30.248429
channel-0,4038658,30302137,30302156,19,2025-02-25 04:12:07.911664,2025-02-25 04:12:33.434816,25.523152
channel-181,13591,30302137,30302154,17,2025-02-25 04:12:07.911664,2025-02-25 04:12:31.308269,23.396605
channel-0,4038659,30302138,30302154,16,2025-02-25 04:12:12.354187,2025-02-25 04:12:31.308269,18.954082
channel-0,4038660,30302139,30302154,15,2025-02-25 04:12:13.554551,2025-02-25 04:12:31.308269,17.753718
channel-0,4038661,30302143,30302170,27,2025-02-25 04:12:18.209824,2025-02-25 04:12:52.290292,34.080468
channel-88,467127,30302148,30302179,31,2025-02-25 04:12:23.832565,2025-02-25 04:13:02.732067,38.899502
channel-0,4038662,30302151,30302161,10,2025-02-25 04:12:27.317714,2025-02-25 04:12:40.315419,12.997705
channel-0,4038663,30302152,30302170,18,2025-02-25 04:12:28.460339,2025-02-25 04:12:52.290292,23.829953
channel-750,682892,30302155,30302168,13,2025-02-25 04:12:32.404131,2025-02-25 04:12:48.399545,15.995414
channel-0,4038664,30302157,30302180,23,2025-02-25 04:12:35.681073,2025-02-25 04:13:05.019744,29.338671
channel-6994,1324700,30302164,30302190,26,2025-02-25 04:12:43.597541,2025-02-25 04:13:17.668277,34.070736
channel-0,4038665,30302165,30302182,17,2025-02-25 04:12:44.818727,2025-02-25 04:13:07.517785,22.699058
channel-326,538042,30302166,30302171,5,2025-02-25 04:12:45.943014,2025-02-25 04:12:53.419112,7.476098
channel-0,4038666,30302168,30302180,12,2025-02-25 04:12:48.399545,2025-02-25 04:13:05.019744,16.620199
channel-750,682893,30302169,30302179,10,2025-02-25 04:12:49.629245,2025-02-25 04:13:02.732067,13.102822
channel-6994,1324701,30302172,30302220,48,2025-02-25 04:12:54.695823,2025-02-25 04:13:55.820057,61.124234
channel-122,668043,30302180,30302184,4,2025-02-25 04:13:05.019744,2025-02-25 04:13:09.743147,4.723403
channel-750,682894,30302180,30302192,12,2025-02-25 04:13:05.019744,2025-02-25 04:13:19.981332,14.961588
channel-750,682895,30302181,30302186,5,2025-02-25 04:13:06.230876,2025-02-25 04:13:12.046122,5.815246
channel-412,64588,30302188,30302200,12,2025-02-25 04:13:15.416353,2025-02-25 04:13:30.336160,14.919807
channel-85077,60222,30302188,30302200,12,2025-02-25 04:13:15.416353,2025-02-25 04:13:30.336160,14.919807
channel-259,314320,30302189,30302195,6,2025-02-25 04:13:16.478023,2025-02-25 04:13:23.760252,7.282229
channel-750,682896,30302196,30302201,5,2025-02-25 04:13:24.930591,2025-02-25 04:13:31.455109,6.524518
channel-750,682897,30302201,30302214,13,2025-02-25 04:13:31.455109,2025-02-25 04:13:48.256613,16.801504
channel-15464,2658,30302209,30302222,13,2025-02-25 04:13:41.259247,2025-02-25 04:13:58.129864,16.870617
channel-216,94236,30302210,30302274,64,2025-02-25 04:13:43.546220,2025-02-25 04:15:04.897200,81.35098
channel-750,682898,30302212,30302218,6,2025-02-25 04:13:45.758931,2025-02-25 04:13:52.983625,7.224694
channel-326,538043,30302218,30302223,5,2025-02-25 04:13:52.983625,2025-02-25 04:14:00.284410,7.300785
channel-204,670805,30302218,30302232,14,2025-02-25 04:13:52.983625,2025-02-25 04:14:12.674352,19.690727
channel-4,166968,30302223,30302275,52,2025-02-25 04:14:00.284410,2025-02-25 04:15:06.070731,65.786321
channel-6994,1324702,30302226,30302266,40,2025-02-25 04:14:04.515356,2025-02-25 04:14:55.560126,51.04477
channel-750,682899,30302226,30302240,14,2025-02-25 04:14:04.515356,2025-02-25 04:14:21.853329,17.337973
channel-6994,1324703,30302230,30302349,119,2025-02-25 04:14:10.007402,2025-02-25 04:16:41.436245,151.428843
channel-750,682900,30302231,30302243,12,2025-02-25 04:14:11.138930,2025-02-25 04:14:25.230012,14.091082
channel-0,4038667,30302233,30302244,11,2025-02-25 04:14:13.892255,2025-02-25 04:14:26.450539,12.558284
channel-72,516427,30302239,30302285,46,2025-02-25 04:14:20.766547,2025-02-25 04:15:19.457980,58.691433
channel-874,293128,30302242,30302252,10,2025-02-25 04:14:24.054473,2025-02-25 04:14:35.862492,11.808019
channel-326,538044,30302248,30302257,9,2025-02-25 04:14:31.001070,2025-02-25 04:14:42.957304,11.956234
channel-750,682901,30302250,30302261,11,2025-02-25 04:14:33.172453,2025-02-25 04:14:48.807468,15.635015
channel-4,166969,30302255,30302316,61,2025-02-25 04:14:39.243132,2025-02-25 04:15:56.998367,77.755235
channel-0,4038668,30302256,30302268,12,2025-02-25 04:14:40.334226,2025-02-25 04:14:57.833959,17.499733
channel-0,4038669,30302261,30302273,12,2025-02-25 04:14:48.807468,2025-02-25 04:15:03.571557,14.764089
channel-326,538045,30302266,30302272,6,2025-02-25 04:14:55.560126,2025-02-25 04:15:02.439213,6.879087
channel-750,682902,30302273,30302285,12,2025-02-25 04:15:03.571557,2025-02-25 04:15:19.457980,15.886423
channel-76971,12243,30302275,30302296,21,2025-02-25 04:15:06.070731,2025-02-25 04:15:32.487028,26.416297
channel-750,682903,30302279,30302312,33,2025-02-25 04:15:11.617105,2025-02-25 04:15:50.772951,39.155846
channel-19774,345975,30302281,30302294,13,2025-02-25 04:15:14.214383,2025-02-25 04:15:30.225890,16.011507
channel-4,166970,30302281,30302342,61,2025-02-25 04:15:14.214383,2025-02-25 04:16:33.453422,79.239039
channel-326,538046,30302283,30302289,6,2025-02-25 04:15:16.609730,2025-02-25 04:15:24.346793,7.737063
channel-750,682904,30302283,30302289,6,2025-02-25 04:15:16.609730,2025-02-25 04:15:24.346793,7.737063
channel-204,670806,30302283,30302291,8,2025-02-25 04:15:16.609730,2025-02-25 04:15:26.858033,10.248303
channel-0,4038670,30302289,30302303,14,2025-02-25 04:15:24.346793,2025-02-25 04:15:40.546023,16.19923
channel-750,682905,30302296,30302309,13,2025-02-25 04:15:32.487028,2025-02-25 04:15:47.527145,15.040117
channel-0,4038671,30302305,30302317,12,2025-02-25 04:15:42.822624,2025-02-25 04:15:58.109581,15.286957
channel-326,538047,30302308,30302314,6,2025-02-25 04:15:46.446589,2025-02-25 04:15:54.516377,8.069788
channel-0,4038672,30302331,30302339,8,2025-02-25 04:16:18.069179,2025-02-25 04:16:28.316389,10.24721
channel-750,682906,30302335,30302356,21,2025-02-25 04:16:22.632510,2025-02-25 04:16:50.026899,27.394389
channel-115,20406,30302335,30302347,12,2025-02-25 04:16:22.632510,2025-02-25 04:16:39.076580,16.44407
channel-184,137417,30302338,30302346,8,2025-02-25 04:16:27.012009,2025-02-25 04:16:37.917480,10.905471
channel-143,128371,30302340,30302352,12,2025-02-25 04:16:29.534933,2025-02-25 04:16:45.403919,15.868986
channel-1,408399,30302340,30302393,53,2025-02-25 04:16:29.534933,2025-02-25 04:17:40.629029,71.094096
channel-208,1490258,30302343,30302356,13,2025-02-25 04:16:34.583433,2025-02-25 04:16:50.026899,15.443466
channel-0,4038673,30302345,30302355,10,2025-02-25 04:16:36.807020,2025-02-25 04:16:48.900372,12.093352
channel-326,538048,30302348,30302355,7,2025-02-25 04:16:40.207748,2025-02-25 04:16:48.900372,8.692624
channel-750,682907,30302351,30302359,8,2025-02-25 04:16:44.316506,2025-02-25 04:16:56.460431,12.143925
channel-750,682908,30302351,30302363,12,2025-02-25 04:16:44.316506,2025-02-25 04:17:01.911263,17.594757
channel-782,310202,30302355,30302363,8,2025-02-25 04:16:48.900372,2025-02-25 04:17:01.911263,13.010891
channel-6994,1324705,30302361,30302409,48,2025-02-25 04:16:59.787066,2025-02-25 04:17:59.568827,59.781761
channel-143,128372,30302370,30302392,22,2025-02-25 04:17:10.087197,2025-02-25 04:17:39.383085,29.295888
channel-0,4038674,30302376,30302384,8,2025-02-25 04:17:18.547633,2025-02-25 04:17:29.068693,10.52106
channel-122,668044,30302378,30302382,4,2025-02-25 04:17:20.738537,2025-02-25 04:17:25.280880,4.542343
channel-0,4038675,30302387,30302409,22,2025-02-25 04:17:32.583087,2025-02-25 04:17:59.568827,26.98574
channel-208,1490259,30302388,30302400,12,2025-02-25 04:17:33.705216,2025-02-25 04:17:49.238403,15.533187
channel-184,137418,30302390,30302400,10,2025-02-25 04:17:35.918864,2025-02-25 04:17:49.238403,13.319539
channel-79703,4448,30302396,30302409,13,2025-02-25 04:17:44.230227,2025-02-25 04:17:59.568827,15.3386
channel-6994,1324706,30302400,30302414,14,2025-02-25 04:17:49.238403,2025-02-25 04:18:05.495837,16.257434
channel-143,128373,30302409,30302437,28,2025-02-25 04:17:59.568827,2025-02-25 04:18:35.185621,35.616794
channel-326,538049,30302413,30302423,10,2025-02-25 04:18:04.211042,2025-02-25 04:18:17.540681,13.329639
channel-184,137419,30302413,30302429,16,2025-02-25 04:18:04.211042,2025-02-25 04:18:24.151766,19.940724
channel-208,1490260,30302417,30302428,11,2025-02-25 04:18:09.474410,2025-02-25 04:18:23.094666,13.620256
channel-750,682909,30302420,30302444,24,2025-02-25 04:18:13.053386,2025-02-25 04:18:44.089932,31.036546
channel-6994,1324707,30302423,30302471,48,2025-02-25 04:18:17.540681,2025-02-25 04:19:18.130998,60.590317
channel-0,4038676,30302423,30302433,10,2025-02-25 04:18:17.540681,2025-02-25 04:18:30.303301,12.76262
channel-72,516428,30302429,30302480,51,2025-02-25 04:18:24.151766,2025-02-25 04:19:28.688536,64.53677
channel-750,682910,30302443,30302454,11,2025-02-25 04:18:42.928414,2025-02-25 04:18:57.830437,14.902023
channel-0,4038677,30302444,30302478,34,2025-02-25 04:18:44.089932,2025-02-25 04:19:26.110513,42.020581
channel-143,128374,30302445,30302521,76,2025-02-25 04:18:46.241602,2025-02-25 04:20:23.251222,97.00962
channel-0,4038678,30302478,30302490,12,2025-02-25 04:19:26.110513,2025-02-25 04:19:41.085447,14.974934
channel-750,682911,30302479,30302494,15,2025-02-25 04:19:27.557379,2025-02-25 04:19:46.311900,18.754521
channel-208,1490261,30302482,30302493,11,2025-02-25 04:19:31.029630,2025-02-25 04:19:45.221401,14.191771
channel-6994,1324708,30302484,30302527,43,2025-02-25 04:19:34.064612,2025-02-25 04:20:30.060458,55.995846
channel-208,1490262,30302485,30302498,13,2025-02-25 04:19:35.234099,2025-02-25 04:19:50.995286,15.761187
channel-143,128375,30302487,30302521,34,2025-02-25 04:19:37.528541,2025-02-25 04:20:23.251222,45.722681
channel-208,1490263,30302488,30302498,10,2025-02-25 04:19:38.793266,2025-02-25 04:19:50.995286,12.20202
channel-0,4038679,30302490,30302497,7,2025-02-25 04:19:41.085447,2025-02-25 04:19:49.783493,8.698046
channel-750,682912,30302491,30302496,5,2025-02-25 04:19:42.938960,2025-02-25 04:19:48.627512,5.688552
channel-208,1490264,30302491,30302503,12,2025-02-25 04:19:42.938960,2025-02-25 04:19:56.732130,13.79317
channel-98451,41,30302503,30302517,14,2025-02-25 04:19:56.732130,2025-02-25 04:20:17.519598,20.787468
channel-232,49200,30302511,30302517,6,2025-02-25 04:20:07.271776,2025-02-25 04:20:17.519598,10.247822
channel-750,682913,30302513,30302525,12,2025-02-25 04:20:09.652444,2025-02-25 04:20:27.738312,18.085868
channel-143,128376,30302517,30302540,23,2025-02-25 04:20:17.519598,2025-02-25 04:20:47.107278,29.58768
channel-6994,1324709,30302518,30302531,13,2025-02-25 04:20:19.855532,2025-02-25 04:20:35.037409,15.181877
channel-0,4038680,30302533,30302545,12,2025-02-25 04:20:37.410099,2025-02-25 04:20:53.007722,15.597623
channel-326,538050,30302539,30302545,6,2025-02-25 04:20:45.888011,2025-02-25 04:20:53.007722,7.119711
channel-204,670807,30302541,30305009,2468,2025-02-25 04:20:48.239340,2025-02-25 05:13:58.568241,3190.328901
channel-6994,1324710,30302541,30302600,59,2025-02-25 04:20:48.239340,2025-02-25 04:22:05.377665,77.138325
channel-85077,60223,30302551,30302561,10,2025-02-25 04:21:01.508675,2025-02-25 04:21:13.547322,12.038647
channel-412,64589,30302556,30302566,10,2025-02-25 04:21:08.054407,2025-02-25 04:21:19.575283,11.520876
channel-0,4038681,30302558,30302580,22,2025-02-25 04:21:10.234583,2025-02-25 04:21:42.076419,31.841836
channel-21113,25334,30302560,30302567,7,2025-02-25 04:21:12.490785,2025-02-25 04:21:21.695391,9.204606
channel-0,4038682,30302566,30302574,8,2025-02-25 04:21:19.575283,2025-02-25 04:21:35.193558,15.618275
channel-251,85235,30302568,30302581,13,2025-02-25 04:21:24.137156,2025-02-25 04:21:43.150886,19.01373
channel-0,4038683,30302585,30302593,8,2025-02-25 04:21:48.403598,2025-02-25 04:21:57.356357,8.952759
channel-6994,1324711,30302591,30302606,15,2025-02-25 04:21:55.031450,2025-02-25 04:22:11.994920,16.96347
channel-6994,1324712,30302606,30302616,10,2025-02-25 04:22:11.994920,2025-02-25 04:22:31.634210,19.63929
channel-0,4038684,30302612,30302622,10,2025-02-25 04:22:24.250911,2025-02-25 04:22:38.409264,14.158353
channel-6994,1324713,30302623,30302636,13,2025-02-25 04:22:39.613502,2025-02-25 04:22:55.586011,15.972509
channel-750,682914,30302624,30302629,5,2025-02-25 04:22:40.908199,2025-02-25 04:22:46.796388,5.888189
channel-0,4038685,30302635,30302664,29,2025-02-25 04:22:53.493820,2025-02-25 04:23:29.983819,36.489999
channel-208,1490265,30302638,30302651,13,2025-02-25 04:22:58.004488,2025-02-25 04:23:13.813626,15.809138
channel-0,4038686,30302650,30302659,9,2025-02-25 04:23:12.729884,2025-02-25 04:23:23.234788,10.504904
channel-412,64590,30302650,30302661,11,2025-02-25 04:23:12.729884,2025-02-25 04:23:25.579209,12.849325
channel-6994,1324714,30302657,30302666,9,2025-02-25 04:23:20.680673,2025-02-25 04:23:32.666477,11.985804
channel-208,1490266,30302667,30302678,11,2025-02-25 04:23:35.008135,2025-02-25 04:23:48.706942,13.698807
channel-0,4038687,30302667,30302677,10,2025-02-25 04:23:35.008135,2025-02-25 04:23:47.535005,12.52687
channel-0,4038688,30302667,30302677,10,2025-02-25 04:23:35.008135,2025-02-25 04:23:47.535005,12.52687
channel-750,682915,30302675,30302679,4,2025-02-25 04:23:45.180484,2025-02-25 04:23:49.834287,4.653803
channel-750,682916,30302676,30302692,16,2025-02-25 04:23:46.366610,2025-02-25 04:24:06.236672,19.870062
channel-0,4038689,30302686,30302713,27,2025-02-25 04:23:59.420117,2025-02-25 04:24:34.955596,35.535479
channel-85077,60224,30302692,30302703,11,2025-02-25 04:24:06.236672,2025-02-25 04:24:21.556470,15.319798
channel-208,1490267,30302694,30302704,10,2025-02-25 04:24:10.102666,2025-02-25 04:24:22.742142,12.639476
channel-1,408400,30302696,30302712,16,2025-02-25 04:24:12.228768,2025-02-25 04:24:33.222684,20.993916
channel-0,4038690,30302697,30302710,13,2025-02-25 04:24:13.342954,2025-02-25 04:24:29.644914,16.30196
channel-208,1490268,30302703,30302713,10,2025-02-25 04:24:21.556470,2025-02-25 04:24:34.955596,13.399126
channel-750,682917,30302707,30302712,5,2025-02-25 04:24:26.116041,2025-02-25 04:24:33.222684,7.106643
channel-1,408401,30302712,30302723,11,2025-02-25 04:24:33.222684,2025-02-25 04:24:46.037404,12.81472
channel-0,4038691,30302738,30302763,25,2025-02-25 04:25:03.280287,2025-02-25 04:25:35.544686,32.264399
channel-208,1490269,30302741,30302754,13,2025-02-25 04:25:06.570945,2025-02-25 04:25:21.864575,15.29363
channel-1429,140729,30302754,30302762,8,2025-02-25 04:25:21.864575,2025-02-25 04:25:34.365713,12.501138
channel-216,94237,30302755,30302841,86,2025-02-25 04:25:23.117462,2025-02-25 04:27:20.805946,117.688484
channel-75,845034,30302767,30302774,7,2025-02-25 04:25:41.286158,2025-02-25 04:25:53.295087,12.008929
channel-122,668045,30302787,30302791,4,2025-02-25 04:26:10.325808,2025-02-25 04:26:15.074238,4.74843
channel-85077,60225,30302795,30302807,12,2025-02-25 04:26:21.338982,2025-02-25 04:26:35.183028,13.844046
channel-0,4038692,30302796,30302804,8,2025-02-25 04:26:22.404358,2025-02-25 04:26:31.797432,9.393074
channel-113,301333,30302805,30302840,35,2025-02-25 04:26:32.927466,2025-02-25 04:27:19.540636,46.61317
channel-122,668046,30302810,30302814,4,2025-02-25 04:26:40.812034,2025-02-25 04:26:46.076356,5.264322
channel-19774,345976,30302811,30302821,10,2025-02-25 04:26:42.112646,2025-02-25 04:26:53.967614,11.854968
channel-85077,60226,30302812,30302821,9,2025-02-25 04:26:43.745683,2025-02-25 04:26:53.967614,10.221931
channel-85077,60227,30302819,30302829,10,2025-02-25 04:26:51.682675,2025-02-25 04:27:05.221310,13.538635
channel-0,4038693,30302819,30302827,8,2025-02-25 04:26:51.682675,2025-02-25 04:27:02.795951,11.113276
channel-259,314321,30302823,30302829,6,2025-02-25 04:26:57.154195,2025-02-25 04:27:05.221310,8.067115
channel-85077,60228,30302830,30302836,6,2025-02-25 04:27:06.735706,2025-02-25 04:27:14.037020,7.301314
channel-750,682918,30302832,30302851,19,2025-02-25 04:27:09.189720,2025-02-25 04:27:32.896236,23.706516
channel-259,314322,30302838,30302844,6,2025-02-25 04:27:17.323163,2025-02-25 04:27:24.225819,6.902656
channel-750,682919,30302843,30302847,4,2025-02-25 04:27:23.143987,2025-02-25 04:27:28.224223,5.080236
channel-0,4038694,30302844,30302856,12,2025-02-25 04:27:24.225819,2025-02-25 04:27:38.455751,14.229932
channel-4,166971,30302855,30302876,21,2025-02-25 04:27:37.354380,2025-02-25 04:28:05.093084,27.738704
channel-4,166972,30302855,30302876,21,2025-02-25 04:27:37.354380,2025-02-25 04:28:05.093084,27.738704
channel-1,408402,30302888,30302934,46,2025-02-25 04:28:21.504456,2025-02-25 04:29:17.098717,55.594261
channel-6994,1324715,30302906,30302920,14,2025-02-25 04:28:44.688420,2025-02-25 04:29:00.968153,16.279733
channel-6994,1324716,30302908,30302920,12,2025-02-25 04:28:46.838682,2025-02-25 04:29:00.968153,14.129471
channel-750,682920,30302917,30302934,17,2025-02-25 04:28:57.685725,2025-02-25 04:29:17.098717,19.412992
channel-113,301334,30302950,30302979,29,2025-02-25 04:29:38.476898,2025-02-25 04:30:18.382881,39.905983
channel-6994,1324717,30302953,30302964,11,2025-02-25 04:29:43.028080,2025-02-25 04:29:55.733474,12.705394
channel-251,85236,30302971,30302977,6,2025-02-25 04:30:03.804345,2025-02-25 04:30:12.489630,8.685285
channel-326,538051,30302987,30302996,9,2025-02-25 04:30:29.841105,2025-02-25 04:30:40.198411,10.357306
channel-89298,18670,30303004,30303011,7,2025-02-25 04:30:50.492813,2025-02-25 04:30:59.857753,9.36494
channel-6994,1324718,30303008,30303044,36,2025-02-25 04:30:55.035601,2025-02-25 04:31:44.013822,48.978221
channel-0,4038695,30303032,30303054,22,2025-02-25 04:31:25.222982,2025-02-25 04:31:56.664427,31.441445
channel-115,20407,30303044,30303053,9,2025-02-25 04:31:44.013822,2025-02-25 04:31:55.482050,11.468228
channel-2188,43694,30303044,30303049,5,2025-02-25 04:31:44.013822,2025-02-25 04:31:49.528194,5.514372
channel-2188,43695,30303046,30303050,4,2025-02-25 04:31:46.252695,2025-02-25 04:31:50.638097,4.385402
channel-1,408403,30303054,30303066,12,2025-02-25 04:31:56.664427,2025-02-25 04:32:10.210704,13.546277
channel-259,314323,30303062,30303068,6,2025-02-25 04:32:05.573597,2025-02-25 04:32:12.483330,6.909733
channel-6994,1324719,30303068,30303092,24,2025-02-25 04:32:12.483330,2025-02-25 04:32:45.748983,33.265653
channel-6994,1324720,30303070,30303114,44,2025-02-25 04:32:15.838986,2025-02-25 04:33:12.966939,57.127953
channel-2188,43696,30303071,30303076,5,2025-02-25 04:32:17.957819,2025-02-25 04:32:23.771197,5.813378
channel-750,682921,30303074,30303078,4,2025-02-25 04:32:21.280379,2025-02-25 04:32:26.598550,5.318171
channel-251,85237,30303086,30303096,10,2025-02-25 04:32:36.784873,2025-02-25 04:32:51.527938,14.743065
channel-122,668047,30303088,30303091,3,2025-02-25 04:32:40.154195,2025-02-25 04:32:43.558794,3.404599
channel-1429,140730,30303092,30303104,12,2025-02-25 04:32:45.748983,2025-02-25 04:33:01.083230,15.334247
channel-6994,1324721,30303103,30303114,11,2025-02-25 04:32:59.938742,2025-02-25 04:33:12.966939,13.028197
channel-4,166973,30303121,30303148,27,2025-02-25 04:33:20.742314,2025-02-25 04:33:57.771835,37.029521
channel-0,4038696,30303122,30303133,11,2025-02-25 04:33:22.155367,2025-02-25 04:33:36.452102,14.296735
channel-0,4038697,30303122,30303144,22,2025-02-25 04:33:22.155367,2025-02-25 04:33:51.790593,29.635226
channel-6994,1324722,30303134,30303193,59,2025-02-25 04:33:37.602615,2025-02-25 04:34:54.133609,76.530994
channel-326,538052,30303145,30303156,11,2025-02-25 04:33:53.065104,2025-02-25 04:34:06.879035,13.813931
channel-0,4038698,30303149,30303173,24,2025-02-25 04:33:59.025530,2025-02-25 04:34:27.084710,28.05918
channel-0,4038699,30303155,30303165,10,2025-02-25 04:34:05.767415,2025-02-25 04:34:17.014622,11.247207
channel-6994,1324723,30303160,30303172,12,2025-02-25 04:34:11.380145,2025-02-25 04:34:25.316702,13.936557
channel-47,198640,30303175,30303189,14,2025-02-25 04:34:32.579909,2025-02-25 04:34:48.501427,15.921518
channel-750,682922,30303177,30303188,11,2025-02-25 04:34:34.890460,2025-02-25 04:34:47.256831,12.366371
channel-6994,1324724,30303198,30303241,43,2025-02-25 04:35:02.034115,2025-02-25 04:35:55.906086,53.871971
channel-19774,345977,30303201,30303222,21,2025-02-25 04:35:06.396485,2025-02-25 04:35:32.775977,26.379492
channel-38946,124193,30303204,30303214,10,2025-02-25 04:35:09.963927,2025-02-25 04:35:23.663956,13.700029
channel-73755,5834,30303204,30303211,7,2025-02-25 04:35:09.963927,2025-02-25 04:35:20.040788,10.076861
channel-750,682923,30303215,30303223,8,2025-02-25 04:35:24.816558,2025-02-25 04:35:33.969788,9.15323
channel-122,668048,30303217,30303221,4,2025-02-25 04:35:27.061045,2025-02-25 04:35:31.662642,4.601597
channel-6994,1324725,30303218,30303231,13,2025-02-25 04:35:28.120155,2025-02-25 04:35:43.597304,15.477149
channel-326,538053,30303222,30303229,7,2025-02-25 04:35:32.775977,2025-02-25 04:35:41.141022,8.365045
channel-75,845035,30303224,30303233,9,2025-02-25 04:35:35.080939,2025-02-25 04:35:46.140248,11.059309
channel-208,1490270,30303225,30303234,9,2025-02-25 04:35:36.481038,2025-02-25 04:35:47.280050,10.799012
channel-199,132741,30303244,30303256,12,2025-02-25 04:36:00.443376,2025-02-25 04:36:14.352014,13.908638
channel-6994,1324726,30303267,30303313,46,2025-02-25 04:36:27.587989,2025-02-25 04:37:28.496224,60.908235
channel-208,1490271,30303273,30303286,13,2025-02-25 04:36:35.184219,2025-02-25 04:36:51.057954,15.873735
channel-208,1490272,30303277,30303290,13,2025-02-25 04:36:40.176014,2025-02-25 04:36:55.699509,15.523495
channel-21113,25335,30303299,30303306,7,2025-02-25 04:37:09.205937,2025-02-25 04:37:20.215844,11.009907
channel-85077,60229,30303309,30303318,9,2025-02-25 04:37:23.612787,2025-02-25 04:37:35.048814,11.436027
channel-2494,31937,30303312,30303321,9,2025-02-25 04:37:27.409005,2025-02-25 04:37:38.629947,11.220942
channel-6994,1324727,30303315,30303326,11,2025-02-25 04:37:30.744410,2025-02-25 04:37:45.457343,14.712933
channel-6994,1324728,30303325,30303336,11,2025-02-25 04:37:44.279393,2025-02-25 04:37:58.135919,13.856526
channel-6994,1324729,30303328,30303351,23,2025-02-25 04:37:47.798988,2025-02-25 04:38:18.239312,30.440324
channel-6994,1324730,30303339,30303380,41,2025-02-25 04:38:01.442692,2025-02-25 04:38:53.186940,51.744248
channel-6994,1324731,30303365,30303374,9,2025-02-25 04:38:35.653612,2025-02-25 04:38:46.641962,10.98835
channel-75,845036,30303369,30303377,8,2025-02-25 04:38:40.382492,2025-02-25 04:38:49.922872,9.54038
channel-85077,60230,30303371,30303381,10,2025-02-25 04:38:42.595810,2025-02-25 04:38:55.919773,13.323963
channel-874,293129,30303372,30303378,6,2025-02-25 04:38:43.824502,2025-02-25 04:38:51.012307,7.187805
channel-750,682924,30303378,30303385,7,2025-02-25 04:38:51.012307,2025-02-25 04:39:01.438661,10.426354
channel-144,86690,30303385,30303394,9,2025-02-25 04:39:01.438661,2025-02-25 04:39:16.149525,14.710864
channel-1429,140731,30303388,30303394,6,2025-02-25 04:39:05.978223,2025-02-25 04:39:16.149525,10.171302
channel-326,538054,30303392,30303398,6,2025-02-25 04:39:10.630355,2025-02-25 04:39:20.835629,10.205274
channel-85077,60231,30303399,30303408,9,2025-02-25 04:39:21.978092,2025-02-25 04:39:33.942574,11.964482
channel-79703,4449,30303401,30303415,14,2025-02-25 04:39:24.138583,2025-02-25 04:39:41.993789,17.855206
channel-6994,1324732,30303406,30303453,47,2025-02-25 04:39:31.513323,2025-02-25 04:40:29.860969,58.347646
channel-0,4038700,30303406,30303418,12,2025-02-25 04:39:31.513323,2025-02-25 04:39:46.439203,14.92588
channel-143,128377,30303431,30303444,13,2025-02-25 04:40:01.048388,2025-02-25 04:40:18.176441,17.128053
channel-15464,2659,30303440,30303453,13,2025-02-25 04:40:13.218589,2025-02-25 04:40:29.860969,16.64238
channel-75,845037,30303443,30303450,7,2025-02-25 04:40:16.645667,2025-02-25 04:40:25.964486,9.318819
channel-165,71445,30303450,30303458,8,2025-02-25 04:40:25.964486,2025-02-25 04:40:35.772370,9.807884
channel-750,682925,30303465,30303484,19,2025-02-25 04:40:44.756937,2025-02-25 04:41:10.445987,25.68905
channel-6994,1324733,30303475,30303518,43,2025-02-25 04:40:58.584066,2025-02-25 04:41:53.728868,55.144802
channel-98451,42,30303481,30303497,16,2025-02-25 04:41:05.733699,2025-02-25 04:41:26.283898,20.550199
channel-229,55028,30303507,30303519,12,2025-02-25 04:41:38.416580,2025-02-25 04:41:54.905494,16.488914
channel-208,1490273,30303509,30303519,10,2025-02-25 04:41:41.599379,2025-02-25 04:41:54.905494,13.306115
channel-165,71446,30303510,30303519,9,2025-02-25 04:41:42.660785,2025-02-25 04:41:54.905494,12.244709
channel-143,128378,30303511,30303523,12,2025-02-25 04:41:43.795509,2025-02-25 04:41:59.623786,15.828277
channel-750,682926,30303513,30303526,13,2025-02-25 04:41:46.026245,2025-02-25 04:42:04.132066,18.105821
channel-750,682927,30303525,30303530,5,2025-02-25 04:42:02.932382,2025-02-25 04:42:08.778901,5.846519
channel-6994,1324734,30303535,30303573,38,2025-02-25 04:42:16.014703,2025-02-25 04:43:03.393099,47.378396
channel-6994,1324735,30303536,30303550,14,2025-02-25 04:42:17.203139,2025-02-25 04:42:34.029958,16.826819
channel-6994,1324736,30303538,30303550,12,2025-02-25 04:42:20.004114,2025-02-25 04:42:34.029958,14.025844
channel-750,682928,30303538,30303543,5,2025-02-25 04:42:20.004114,2025-02-25 04:42:25.820263,5.816149
channel-165,71447,30303544,30303555,11,2025-02-25 04:42:26.989784,2025-02-25 04:42:39.673189,12.683405
channel-0,4038701,30303550,30303563,13,2025-02-25 04:42:34.029958,2025-02-25 04:42:50.174192,16.144234
channel-1,408404,30303556,30303570,14,2025-02-25 04:42:40.711961,2025-02-25 04:42:58.561430,17.849469
channel-2494,31938,30303557,30303565,8,2025-02-25 04:42:43.352765,2025-02-25 04:42:52.665253,9.312488
channel-326,538055,30303560,30303565,5,2025-02-25 04:42:46.672125,2025-02-25 04:42:52.665253,5.993128
channel-85077,60232,30303563,30303571,8,2025-02-25 04:42:50.174192,2025-02-25 04:43:00.177560,10.003368
channel-750,682929,30303565,30303585,20,2025-02-25 04:42:52.665253,2025-02-25 04:43:18.628033,25.96278
channel-320,119203,30303570,30303598,28,2025-02-25 04:42:58.561430,2025-02-25 04:43:34.076488,35.515058
channel-1,408405,30303571,30303615,44,2025-02-25 04:43:00.177560,2025-02-25 04:43:59.197223,59.019663
channel-251,85238,30303573,30303585,12,2025-02-25 04:43:03.393099,2025-02-25 04:43:18.628033,15.234934
channel-0,4038702,30303573,30303581,8,2025-02-25 04:43:03.393099,2025-02-25 04:43:14.024559,10.63146
channel-259,314324,30303587,30303592,5,2025-02-25 04:43:21.098338,2025-02-25 04:43:26.988052,5.889714
channel-85077,60233,30303588,30303597,9,2025-02-25 04:43:22.246154,2025-02-25 04:43:32.992673,10.746519
channel-750,682930,30303592,30303598,6,2025-02-25 04:43:26.988052,2025-02-25 04:43:34.076488,7.088436
channel-91017,2851,30303596,30303603,7,2025-02-25 04:43:31.884306,2025-02-25 04:43:43.788966,11.90466
channel-0,4038703,30303607,30303616,9,2025-02-25 04:43:49.346115,2025-02-25 04:44:00.330104,10.983989
channel-0,4038704,30303632,30303644,12,2025-02-25 04:44:23.180827,2025-02-25 04:44:38.721670,15.540843
channel-122,668049,30303639,30303642,3,2025-02-25 04:44:32.962276,2025-02-25 04:44:36.454112,3.491836
channel-1,408406,30303647,30303676,29,2025-02-25 04:44:42.042396,2025-02-25 04:45:17.126963,35.084567
channel-1,408407,30303648,30303676,28,2025-02-25 04:44:44.764796,2025-02-25 04:45:17.126963,32.362167
channel-85077,60234,30303650,30303661,11,2025-02-25 04:44:47.135845,2025-02-25 04:44:59.653966,12.518121
channel-750,682931,30303674,30303687,13,2025-02-25 04:45:14.717062,2025-02-25 04:45:30.988046,16.270984
channel-6994,1324737,30303677,30303688,11,2025-02-25 04:45:18.471862,2025-02-25 04:45:32.288441,13.816579
channel-0,4038705,30303687,30303706,19,2025-02-25 04:45:30.988046,2025-02-25 04:45:54.411519,23.423473
channel-208,1490274,30303689,30303700,11,2025-02-25 04:45:33.471608,2025-02-25 04:45:46.888127,13.416519
channel-750,682932,30303696,30303714,18,2025-02-25 04:45:42.380307,2025-02-25 04:46:03.696578,21.316271
channel-165,71448,30303696,30303708,12,2025-02-25 04:45:42.380307,2025-02-25 04:45:56.605477,14.22517
channel-208,1490275,30303697,30303710,13,2025-02-25 04:45:43.612781,2025-02-25 04:45:58.860796,15.248015
channel-750,682933,30303714,30303727,13,2025-02-25 04:46:03.696578,2025-02-25 04:46:19.744889,16.048311
channel-6994,1324738,30303727,30303763,36,2025-02-25 04:46:19.744889,2025-02-25 04:47:08.507133,48.762244
channel-42,1490016,30303748,30303756,8,2025-02-25 04:46:49.156144,2025-02-25 04:46:58.308778,9.152634
channel-6994,1324739,30303776,30303787,11,2025-02-25 04:47:23.756748,2025-02-25 04:47:37.951379,14.194631
channel-0,4038706,30303777,30303804,27,2025-02-25 04:47:26.045905,2025-02-25 04:47:59.676340,33.630435
channel-6994,1324740,30303778,30303792,14,2025-02-25 04:47:27.295385,2025-02-25 04:47:43.747325,16.45194
channel-6994,1324741,30303793,30303836,43,2025-02-25 04:47:44.791354,2025-02-25 04:48:44.102082,59.310728
channel-6994,1324742,30303796,30303811,15,2025-02-25 04:47:48.503088,2025-02-25 04:48:07.748052,19.244964
channel-2188,43697,30303796,30303801,5,2025-02-25 04:47:48.503088,2025-02-25 04:47:56.180956,7.677868
channel-783,104249,30303805,30303814,9,2025-02-25 04:48:00.942454,2025-02-25 04:48:11.169519,10.227065
channel-0,4038707,30303821,30303829,8,2025-02-25 04:48:23.672047,2025-02-25 04:48:34.876134,11.204087
channel-89298,18671,30303826,30303834,8,2025-02-25 04:48:31.391624,2025-02-25 04:48:41.187023,9.795399
channel-0,4038708,30303833,30303843,10,2025-02-25 04:48:39.642919,2025-02-25 04:48:52.872040,13.229121
channel-412,64591,30303836,30303847,11,2025-02-25 04:48:44.102082,2025-02-25 04:48:57.478393,13.376311
channel-89298,18672,30303846,30303857,11,2025-02-25 04:48:56.385355,2025-02-25 04:49:09.884044,13.498689
channel-412,64592,30303846,30303857,11,2025-02-25 04:48:56.385355,2025-02-25 04:49:09.884044,13.498689
channel-42,1490017,30303848,30303861,13,2025-02-25 04:48:59.601544,2025-02-25 04:49:14.487857,14.886313
channel-6994,1324743,30303857,30303902,45,2025-02-25 04:49:09.884044,2025-02-25 04:50:07.506710,57.622666
channel-6787,166711,30303863,30303867,4,2025-02-25 04:49:16.874953,2025-02-25 04:49:21.386438,4.511485
channel-89321,19454,30303866,30303874,8,2025-02-25 04:49:20.262620,2025-02-25 04:49:31.143938,10.881318
channel-122,668050,30303870,30303873,3,2025-02-25 04:49:25.238148,2025-02-25 04:49:29.977910,4.739762
channel-94814,3768,30303874,30303885,11,2025-02-25 04:49:31.143938,2025-02-25 04:49:44.829914,13.685976
channel-5,184297,30303879,30303891,12,2025-02-25 04:49:37.044828,2025-02-25 04:49:51.726946,14.682118
channel-0,4038709,30303879,30303888,9,2025-02-25 04:49:37.044828,2025-02-25 04:49:48.121186,11.076358
channel-5485,1714,30303897,30303907,10,2025-02-25 04:49:59.986786,2025-02-25 04:50:13.357777,13.370991
channel-326,538056,30303899,30303905,6,2025-02-25 04:50:02.737200,2025-02-25 04:50:10.884245,8.147045
channel-1,408408,30303907,30303937,30,2025-02-25 04:50:13.357777,2025-02-25 04:50:50.972168,37.614391
channel-22172,2618,30303913,30303928,15,2025-02-25 04:50:21.291810,2025-02-25 04:50:40.056723,18.764913
channel-0,4038710,30303919,30303931,12,2025-02-25 04:50:29.661055,2025-02-25 04:50:43.988466,14.327411
channel-5,184298,30303927,30303937,10,2025-02-25 04:50:38.936282,2025-02-25 04:50:50.972168,12.035886
channel-208,1490276,30303937,30303947,10,2025-02-25 04:50:50.972168,2025-02-25 04:51:05.168681,14.196513
channel-0,4038711,30303962,30303972,10,2025-02-25 04:51:24.147649,2025-02-25 04:51:38.840645,14.692996
channel-6994,1324744,30303968,30303982,14,2025-02-25 04:51:33.115986,2025-02-25 04:51:50.626769,17.510783
channel-89298,18673,30303982,30303992,10,2025-02-25 04:51:50.626769,2025-02-25 04:52:03.872038,13.245269
channel-6994,1324745,30303982,30303991,9,2025-02-25 04:51:50.626769,2025-02-25 04:52:01.173185,10.546416
channel-42,1490018,30304003,30304011,8,2025-02-25 04:52:16.488793,2025-02-25 04:52:26.863121,10.374328
channel-750,682934,30304010,30304030,20,2025-02-25 04:52:24.769022,2025-02-25 04:52:53.180272,28.41125
channel-89298,18674,30304016,30304021,5,2025-02-25 04:52:33.798615,2025-02-25 04:52:42.988301,9.189686
channel-750,682935,30304022,30304030,8,2025-02-25 04:52:44.031825,2025-02-25 04:52:53.180272,9.148447
channel-2,130641,30304030,30304044,14,2025-02-25 04:52:53.180272,2025-02-25 04:53:10.012181,16.831909
channel-340,3180,30304032,30304046,14,2025-02-25 04:52:55.906201,2025-02-25 04:53:12.459923,16.553722
channel-143,128379,30304038,30304049,11,2025-02-25 04:53:02.923661,2025-02-25 04:53:17.242386,14.318725
channel-85077,60235,30304041,30304049,8,2025-02-25 04:53:06.282338,2025-02-25 04:53:17.242386,10.960048
channel-85077,60236,30304073,30304080,7,2025-02-25 04:53:47.791004,2025-02-25 04:53:58.148560,10.357556
channel-0,4038712,30304078,30304088,10,2025-02-25 04:53:55.790003,2025-02-25 04:54:09.040923,13.25092
channel-326,538057,30304079,30304094,15,2025-02-25 04:53:57.009600,2025-02-25 04:54:16.820638,19.811038
channel-326,538058,30304079,30304094,15,2025-02-25 04:53:57.009600,2025-02-25 04:54:16.820638,19.811038
channel-326,538059,30304079,30304094,15,2025-02-25 04:53:57.009600,2025-02-25 04:54:16.820638,19.811038
channel-326,538060,30304079,30304094,15,2025-02-25 04:53:57.009600,2025-02-25 04:54:16.820638,19.811038
channel-750,682936,30304081,30304099,18,2025-02-25 04:54:00.834503,2025-02-25 04:54:23.705658,22.871155
channel-750,682937,30304103,30304109,6,2025-02-25 04:54:28.667524,2025-02-25 04:54:35.848893,7.181369
channel-0,4038713,30304108,30304119,11,2025-02-25 04:54:34.639208,2025-02-25 04:54:48.342736,13.703528
channel-6994,1324746,30304119,30304135,16,2025-02-25 04:54:48.342736,2025-02-25 04:55:06.975550,18.632814
channel-6994,1324747,30304149,30304159,10,2025-02-25 04:55:24.250902,2025-02-25 04:55:37.829017,13.578115
channel-208,1490277,30304150,30304160,10,2025-02-25 04:55:25.333742,2025-02-25 04:55:39.007881,13.674139
channel-2188,43698,30304158,30304162,4,2025-02-25 04:55:36.634625,2025-02-25 04:55:42.440634,5.806009
channel-0,4038714,30304164,30304173,9,2025-02-25 04:55:45.351744,2025-02-25 04:55:58.185057,12.833313
channel-85077,60237,30304164,30304172,8,2025-02-25 04:55:45.351744,2025-02-25 04:55:57.016397,11.664653
channel-97998,54,30304165,30304170,5,2025-02-25 04:55:46.438104,2025-02-25 04:55:52.167320,5.729216
channel-0,4038715,30304165,30304173,8,2025-02-25 04:55:46.438104,2025-02-25 04:55:58.185057,11.746953
channel-6994,1324748,30304174,30304188,14,2025-02-25 04:55:59.430355,2025-02-25 04:56:15.256066,15.825711
channel-85077,60238,30304175,30304184,9,2025-02-25 04:56:00.559838,2025-02-25 04:56:10.807595,10.247757
channel-75030,1173,30304182,30304193,11,2025-02-25 04:56:08.460675,2025-02-25 04:56:20.605605,12.14493
channel-122,668051,30304190,30304194,4,2025-02-25 04:56:17.430208,2025-02-25 04:56:21.663604,4.233396
channel-6994,1324749,30304193,30304204,11,2025-02-25 04:56:20.605605,2025-02-25 04:56:34.977569,14.371964
channel-6994,1324750,30304211,30304225,14,2025-02-25 04:56:43.063094,2025-02-25 04:57:01.212329,18.149235
channel-782,310203,30304212,30304220,8,2025-02-25 04:56:44.172860,2025-02-25 04:56:55.706275,11.533415
channel-19774,345978,30304230,30304249,19,2025-02-25 04:57:08.207464,2025-02-25 04:57:33.863681,25.656217
channel-85077,60239,30304234,30304244,10,2025-02-25 04:57:16.587216,2025-02-25 04:57:28.032452,11.445236
channel-85077,60240,30304237,30304249,12,2025-02-25 04:57:19.940133,2025-02-25 04:57:33.863681,13.923548
channel-874,293130,30304248,30304254,6,2025-02-25 04:57:32.485478,2025-02-25 04:57:39.720359,7.234881
channel-73,51338,30304248,30304258,10,2025-02-25 04:57:32.485478,2025-02-25 04:57:45.931369,13.445891
channel-85077,60241,30304280,30304289,9,2025-02-25 04:58:16.103177,2025-02-25 04:58:26.651959,10.548782
channel-6994,1324751,30304290,30304322,32,2025-02-25 04:58:27.764185,2025-02-25 04:59:09.888905,42.12472
channel-6994,1324752,30304290,30304303,13,2025-02-25 04:58:27.764185,2025-02-25 04:58:45.473102,17.708917
channel-0,4038716,30304331,30304341,10,2025-02-25 04:59:21.601453,2025-02-25 04:59:33.129985,11.528532
channel-320,119204,30304342,30304356,14,2025-02-25 04:59:34.259778,2025-02-25 04:59:53.081295,18.821517
channel-0,4038717,30304345,30304355,10,2025-02-25 04:59:39.127101,2025-02-25 04:59:50.694253,11.567152
channel-874,293131,30304348,30304354,6,2025-02-25 04:59:42.503373,2025-02-25 04:59:49.575272,7.071899
channel-6994,1324753,30304358,30304383,25,2025-02-25 04:59:55.410727,2025-02-25 05:00:28.168030,32.757303
channel-320,119205,30304364,30304372,8,2025-02-25 05:00:02.933505,2025-02-25 05:00:13.332139,10.398634
channel-6994,1324754,30304373,30304411,38,2025-02-25 05:00:15.574477,2025-02-25 05:01:04.763424,49.188947
channel-750,682938,30304374,30304378,4,2025-02-25 05:00:16.803635,2025-02-25 05:00:22.304779,5.501144
channel-85077,60242,30304377,30304399,22,2025-02-25 05:00:20.156565,2025-02-25 05:00:48.305922,28.149357
channel-229,55029,30304380,30304391,11,2025-02-25 05:00:24.509571,2025-02-25 05:00:38.683890,14.174319
channel-6994,1324755,30304418,30304428,10,2025-02-25 05:01:12.894564,2025-02-25 05:01:30.167245,17.272681
channel-75,845038,30304427,30304434,7,2025-02-25 05:01:28.800026,2025-02-25 05:01:36.965097,8.165071
channel-6994,1324756,30304430,30304472,42,2025-02-25 05:01:32.442834,2025-02-25 05:02:24.507862,52.065028
channel-5485,1715,30304431,30304444,13,2025-02-25 05:01:33.591924,2025-02-25 05:01:50.184039,16.592115
channel-75,845039,30304464,30304472,8,2025-02-25 05:02:15.570012,2025-02-25 05:02:24.507862,8.93785
channel-0,4038718,30304482,30304494,12,2025-02-25 05:02:36.068494,2025-02-25 05:02:51.296138,15.227644
channel-0,4038719,30304486,30304498,12,2025-02-25 05:02:41.523585,2025-02-25 05:02:57.069174,15.545589
channel-6994,1324757,30304493,30304530,37,2025-02-25 05:02:49.724049,2025-02-25 05:03:41.715915,51.991866
channel-75,845040,30304498,30304505,7,2025-02-25 05:02:57.069174,2025-02-25 05:03:06.241600,9.172426
channel-75,845041,30304506,30304511,5,2025-02-25 05:03:07.418813,2025-02-25 05:03:14.219644,6.800831
channel-326,538061,30304521,30304528,7,2025-02-25 05:03:29.846865,2025-02-25 05:03:39.469054,9.622189
channel-75,845042,30304532,30304541,9,2025-02-25 05:03:44.028774,2025-02-25 05:03:55.187764,11.15899
channel-91017,2852,30304532,30304547,15,2025-02-25 05:03:44.028774,2025-02-25 05:04:03.155850,19.127076
channel-6994,1324758,30304553,30304598,45,2025-02-25 05:04:10.152082,2025-02-25 05:05:06.212814,56.060732
channel-6994,1324759,30304574,30304589,15,2025-02-25 05:04:35.799318,2025-02-25 05:04:54.233454,18.434136
channel-6994,1324760,30304582,30304594,12,2025-02-25 05:04:45.283859,2025-02-25 05:05:00.579323,15.295464
channel-0,4038720,30304600,30304609,9,2025-02-25 05:05:10.019892,2025-02-25 05:05:21.403138,11.383246
channel-85077,60243,30304602,30304621,19,2025-02-25 05:05:12.220413,2025-02-25 05:05:34.940031,22.719618
channel-89298,18675,30304603,30304614,11,2025-02-25 05:05:13.281751,2025-02-25 05:05:27.203597,13.921846
channel-0,4038721,30304613,30304623,10,2025-02-25 05:05:26.073733,2025-02-25 05:05:37.306269,11.232536
channel-6994,1324761,30304624,30304634,10,2025-02-25 05:05:38.419656,2025-02-25 05:05:51.004375,12.584719
channel-208,1490278,30304627,30304637,10,2025-02-25 05:05:43.007089,2025-02-25 05:05:55.452893,12.445804
channel-0,4038722,30304643,30304653,10,2025-02-25 05:06:06.110646,2025-02-25 05:06:19.899137,13.788491
channel-6994,1324762,30304645,30304654,9,2025-02-25 05:06:09.621942,2025-02-25 05:06:21.116828,11.494886
channel-75,845043,30304656,30304671,15,2025-02-25 05:06:23.351137,2025-02-25 05:06:41.746272,18.395135
channel-750,682939,30304657,30304674,17,2025-02-25 05:06:24.430270,2025-02-25 05:06:44.966197,20.535927
channel-1,408409,30304661,30304688,27,2025-02-25 05:06:29.546740,2025-02-25 05:07:02.842314,33.295574
channel-2,130642,30304675,30304689,14,2025-02-25 05:06:46.011638,2025-02-25 05:07:04.024361,18.012723
channel-19774,345979,30304704,30304715,11,2025-02-25 05:07:25.467721,2025-02-25 05:07:39.659471,14.19175
channel-0,4038723,30304707,30304718,11,2025-02-25 05:07:29.790006,2025-02-25 05:07:44.323552,14.533546
channel-6994,1324763,30304707,30304717,10,2025-02-25 05:07:29.790006,2025-02-25 05:07:42.078449,12.288443
channel-6994,1324764,30304713,30304726,13,2025-02-25 05:07:36.421086,2025-02-25 05:07:53.994838,17.573752
channel-2,130643,30304733,30304746,13,2025-02-25 05:08:01.837528,2025-02-25 05:08:17.898006,16.060478
channel-750,682940,30304745,30304750,5,2025-02-25 05:08:16.808239,2025-02-25 05:08:22.507496,5.699257
channel-19774,345980,30304757,30304769,12,2025-02-25 05:08:31.034976,2025-02-25 05:08:45.885067,14.850091
channel-85077,60244,30304773,30304784,11,2025-02-25 05:08:52.212054,2025-02-25 05:09:04.831814,12.61976
channel-208,1490279,30304776,30304785,9,2025-02-25 05:08:55.495438,2025-02-25 05:09:07.446043,11.950605
channel-85077,60245,30304784,30304793,9,2025-02-25 05:09:04.831814,2025-02-25 05:09:18.423486,13.591672
channel-85077,60246,30304789,30304800,11,2025-02-25 05:09:13.286801,2025-02-25 05:09:27.512302,14.225501
channel-0,4038724,30304793,30304803,10,2025-02-25 05:09:18.423486,2025-02-25 05:09:32.557688,14.134202
channel-6994,1324765,30304807,30304819,12,2025-02-25 05:09:37.119617,2025-02-25 05:09:52.112594,14.992977
channel-874,293132,30304811,30304818,7,2025-02-25 05:09:41.764246,2025-02-25 05:09:50.985499,9.221253
channel-2188,43699,30304817,30304822,5,2025-02-25 05:09:49.744739,2025-02-25 05:09:55.570302,5.825563
channel-38946,124194,30304818,30304842,24,2025-02-25 05:09:50.985499,2025-02-25 05:10:21.451498,30.465999
channel-6994,1324766,30304842,30304852,10,2025-02-25 05:10:21.451498,2025-02-25 05:10:37.002634,15.551136
channel-85077,60247,30304868,30304877,9,2025-02-25 05:10:57.168244,2025-02-25 05:11:07.599233,10.430989
channel-6994,1324767,30304892,30304902,10,2025-02-25 05:11:28.801286,2025-02-25 05:11:40.820903,12.019617
channel-122,668052,30304895,30304899,4,2025-02-25 05:11:32.377853,2025-02-25 05:11:37.211862,4.834009
channel-72,516429,30304908,30304961,53,2025-02-25 05:11:47.775353,2025-02-25 05:12:59.047363,71.27201
channel-0,4038725,30304921,30304931,10,2025-02-25 05:12:04.038863,2025-02-25 05:12:15.890193,11.85133
channel-326,538062,30304926,30304934,8,2025-02-25 05:12:10.332988,2025-02-25 05:12:20.409714,10.076726
channel-326,538063,30304926,30304934,8,2025-02-25 05:12:10.332988,2025-02-25 05:12:20.409714,10.076726
channel-0,4038726,30304933,30304945,12,2025-02-25 05:12:19.258162,2025-02-25 05:12:34.498207,15.240045
channel-89298,18676,30304937,30304946,9,2025-02-25 05:12:23.890611,2025-02-25 05:12:35.696884,11.806273
channel-42,1490019,30304946,30304955,9,2025-02-25 05:12:35.696884,2025-02-25 05:12:50.971641,15.274757
channel-522,40438,30304978,30304986,8,2025-02-25 05:13:18.468317,2025-02-25 05:13:30.289144,11.820827
channel-0,4038727,30304985,30304997,12,2025-02-25 05:13:28.045951,2025-02-25 05:13:43.543583,15.497632
channel-522,40439,30304997,30305006,9,2025-02-25 05:13:43.543583,2025-02-25 05:13:53.761445,10.217862
channel-6994,1324768,30305004,30305011,7,2025-02-25 05:13:51.583582,2025-02-25 05:14:01.753868,10.170286
channel-0,4038728,30305020,30305029,9,2025-02-25 05:14:14.961774,2025-02-25 05:14:25.555697,10.593923
channel-750,682941,30305039,30305047,8,2025-02-25 05:14:40.349432,2025-02-25 05:14:49.889615,9.540183
channel-642,126511,30305046,30305077,31,2025-02-25 05:14:48.779596,2025-02-25 05:15:34.156776,45.37718
channel-326,538064,30305055,30305061,6,2025-02-25 05:15:03.704170,2025-02-25 05:15:10.491833,6.787663
channel-326,538065,30305055,30305061,6,2025-02-25 05:15:03.704170,2025-02-25 05:15:10.491833,6.787663
channel-0,4038729,30305058,30305066,8,2025-02-25 05:15:07.087310,2025-02-25 05:15:16.061593,8.974283
channel-750,682942,30305064,30305079,15,2025-02-25 05:15:13.793435,2025-02-25 05:15:36.564275,22.77084
channel-783,104250,30305064,30305075,11,2025-02-25 05:15:13.793435,2025-02-25 05:15:31.819986,18.026551
channel-85077,60248,30305077,30305087,10,2025-02-25 05:15:34.156776,2025-02-25 05:15:46.940535,12.783759
channel-42,1490020,30305077,30305091,14,2025-02-25 05:15:34.156776,2025-02-25 05:15:52.373535,18.216759
channel-42,1490021,30305079,30305091,12,2025-02-25 05:15:36.564275,2025-02-25 05:15:52.373535,15.80926
channel-85077,60249,30305081,30305096,15,2025-02-25 05:15:39.963941,2025-02-25 05:15:58.121424,18.157483
channel-0,4038730,30305081,30305091,10,2025-02-25 05:15:39.963941,2025-02-25 05:15:52.373535,12.409594
channel-0,4038731,30305089,30305101,12,2025-02-25 05:15:50.025632,2025-02-25 05:16:05.207116,15.181484
channel-0,4038732,30305096,30305120,24,2025-02-25 05:15:58.121424,2025-02-25 05:16:30.179152,32.057728
channel-750,682943,30305102,30305116,14,2025-02-25 05:16:06.315929,2025-02-25 05:16:23.460013,17.144084
channel-259,314325,30305103,30305110,7,2025-02-25 05:16:07.709272,2025-02-25 05:16:16.097538,8.388266
channel-874,293133,30305114,30305121,7,2025-02-25 05:16:20.987930,2025-02-25 05:16:32.420376,11.432446
channel-85077,60250,30305127,30305150,23,2025-02-25 05:16:40.093791,2025-02-25 05:17:08.272639,28.178848
channel-750,682944,30305142,30305159,17,2025-02-25 05:16:59.101303,2025-02-25 05:17:20.324929,21.223626
channel-0,4038733,30305146,30305154,8,2025-02-25 05:17:03.800328,2025-02-25 05:17:14.437140,10.636812
channel-6994,1324769,30305147,30305157,10,2025-02-25 05:17:04.901277,2025-02-25 05:17:17.904912,13.003635
channel-750,682945,30305153,30305170,17,2025-02-25 05:17:13.323819,2025-02-25 05:17:32.686949,19.36313
channel-0,4038734,30305157,30305168,11,2025-02-25 05:17:17.904912,2025-02-25 05:17:30.313682,12.40877
channel-750,682946,30305158,30305173,15,2025-02-25 05:17:19.180663,2025-02-25 05:17:35.927098,16.746435
channel-0,4038735,30305163,30305173,10,2025-02-25 05:17:24.785837,2025-02-25 05:17:35.927098,11.141261
channel-750,682947,30305163,30305168,5,2025-02-25 05:17:24.785837,2025-02-25 05:17:30.313682,5.527845
channel-412,64593,30305168,30305180,12,2025-02-25 05:17:30.313682,2025-02-25 05:17:45.524265,15.210583
channel-1,408410,30305175,30305187,12,2025-02-25 05:17:39.568945,2025-02-25 05:17:54.363696,14.794751
channel-750,682948,30305176,30305189,13,2025-02-25 05:17:40.696739,2025-02-25 05:17:56.544606,15.847867
channel-6994,1324770,30305177,30305187,10,2025-02-25 05:17:41.896240,2025-02-25 05:17:54.363696,12.467456
channel-320,119206,30305181,30305221,40,2025-02-25 05:17:46.691235,2025-02-25 05:18:37.532175,50.84094
channel-85077,60251,30305186,30305197,11,2025-02-25 05:17:53.131997,2025-02-25 05:18:06.113077,12.98108
channel-750,682949,30305201,30305213,12,2025-02-25 05:18:11.686259,2025-02-25 05:18:27.326462,15.640203
channel-88,467128,30305206,30305222,16,2025-02-25 05:18:17.520181,2025-02-25 05:18:38.751362,21.231181
channel-362,86681,30305218,30305228,10,2025-02-25 05:18:33.256607,2025-02-25 05:18:46.848034,13.591427
channel-89298,18677,30305257,30305264,7,2025-02-25 05:19:23.926098,2025-02-25 05:19:32.940945,9.014847
channel-6787,166712,30305259,30305263,4,2025-02-25 05:19:26.120261,2025-02-25 05:19:31.799795,5.679534
channel-0,4038736,30305265,30305275,10,2025-02-25 05:19:37.324918,2025-02-25 05:19:51.264952,13.940034
channel-75,845044,30305271,30305277,6,2025-02-25 05:19:44.138890,2025-02-25 05:19:53.749111,9.610221
channel-6787,166713,30305276,30305280,4,2025-02-25 05:19:52.602208,2025-02-25 05:19:57.165289,4.563081
channel-208,1490280,30305276,30305288,12,2025-02-25 05:19:52.602208,2025-02-25 05:20:06.740833,14.138625
channel-113,301335,30305277,30305324,47,2025-02-25 05:19:53.749111,2025-02-25 05:20:56.647046,62.897935
channel-6994,1324771,30305277,30305288,11,2025-02-25 05:19:53.749111,2025-02-25 05:20:06.740833,12.991722
channel-2188,43700,30305288,30305292,4,2025-02-25 05:20:06.740833,2025-02-25 05:20:16.227015,9.486182
channel-783,104251,30305288,30305296,8,2025-02-25 05:20:06.740833,2025-02-25 05:20:20.838642,14.097809
channel-85077,60252,30305288,30305304,16,2025-02-25 05:20:06.740833,2025-02-25 05:20:29.980105,23.239272
channel-750,682950,30305309,30305319,10,2025-02-25 05:20:35.831108,2025-02-25 05:20:49.040783,13.209675
channel-85077,60253,30305328,30305338,10,2025-02-25 05:21:02.155421,2025-02-25 05:21:14.938279,12.782858
channel-0,4038737,30305347,30305356,9,2025-02-25 05:21:25.965027,2025-02-25 05:21:36.994102,11.029075
channel-750,682951,30305347,30305361,14,2025-02-25 05:21:25.965027,2025-02-25 05:21:43.998716,18.033689
channel-750,682952,30305350,30305354,4,2025-02-25 05:21:29.262772,2025-02-25 05:21:34.487893,5.225121
channel-1429,140732,30305360,30305369,9,2025-02-25 05:21:42.881696,2025-02-25 05:21:53.185947,10.304251
channel-6994,1324772,30305361,30305373,12,2025-02-25 05:21:43.998716,2025-02-25 05:21:59.925993,15.927277
channel-208,1490281,30305363,30305373,10,2025-02-25 05:21:46.271728,2025-02-25 05:21:59.925993,13.654265
channel-232,49201,30305366,30305375,9,2025-02-25 05:21:49.756651,2025-02-25 05:22:02.934140,13.177489
channel-750,682953,30305367,30305377,10,2025-02-25 05:21:50.866995,2025-02-25 05:22:06.837165,15.97017
channel-0,4038738,30305373,30305381,8,2025-02-25 05:21:59.925993,2025-02-25 05:22:11.559243,11.63325
channel-750,682954,30305379,30305385,6,2025-02-25 05:22:09.131123,2025-02-25 05:22:16.508808,7.377685
channel-0,4038739,30305385,30305396,11,2025-02-25 05:22:16.508808,2025-02-25 05:22:29.838674,13.329866
channel-750,682955,30305407,30305419,12,2025-02-25 05:22:43.491678,2025-02-25 05:22:59.060793,15.569115
channel-19774,345981,30305408,30305420,12,2025-02-25 05:22:44.673451,2025-02-25 05:23:00.076070,15.402619
channel-94814,3769,30305418,30305427,9,2025-02-25 05:22:57.962550,2025-02-25 05:23:08.088894,10.126344
channel-0,4038740,30305425,30305452,27,2025-02-25 05:23:05.899651,2025-02-25 05:23:39.588555,33.688904
channel-0,4038741,30305436,30305447,11,2025-02-25 05:23:18.419725,2025-02-25 05:23:32.507762,14.088037
channel-6787,166714,30305448,30305452,4,2025-02-25 05:23:34.641376,2025-02-25 05:23:39.588555,4.947179
channel-0,4038742,30305450,30305462,12,2025-02-25 05:23:36.896861,2025-02-25 05:23:51.067333,14.170472
channel-85077,60254,30305451,30305462,11,2025-02-25 05:23:38.519272,2025-02-25 05:23:51.067333,12.548061
channel-0,4038743,30305452,30305462,10,2025-02-25 05:23:39.588555,2025-02-25 05:23:51.067333,11.478778
channel-750,682956,30305456,30305461,5,2025-02-25 05:23:44.211541,2025-02-25 05:23:49.955846,5.744305
channel-38946,124195,30305457,30305475,18,2025-02-25 05:23:45.361153,2025-02-25 05:24:10.950409,25.589256
channel-750,682957,30305465,30305475,10,2025-02-25 05:23:57.226909,2025-02-25 05:24:10.950409,13.7235
channel-750,682958,30305474,30305486,12,2025-02-25 05:24:09.712652,2025-02-25 05:24:27.714388,18.001736
channel-750,682959,30305477,30305482,5,2025-02-25 05:24:13.175930,2025-02-25 05:24:22.449091,9.273161
channel-750,682960,30305478,30305492,14,2025-02-25 05:24:14.283434,2025-02-25 05:24:34.637861,20.354427
channel-85077,60255,30305488,30305498,10,2025-02-25 05:24:29.951573,2025-02-25 05:24:41.702117,11.750544
channel-89298,18678,30305503,30305514,11,2025-02-25 05:24:47.255633,2025-02-25 05:25:01.293378,14.037745
channel-85077,60256,30305505,30305512,7,2025-02-25 05:24:49.537242,2025-02-25 05:24:58.972830,9.435588
channel-122,668053,30305508,30305511,3,2025-02-25 05:24:52.993539,2025-02-25 05:24:57.574522,4.580983
channel-0,4038744,30305537,30305549,12,2025-02-25 05:25:31.296099,2025-02-25 05:25:45.841429,14.54533
channel-750,682961,30305540,30305549,9,2025-02-25 05:25:34.990541,2025-02-25 05:25:45.841429,10.850888
channel-6994,1324773,30305554,30305567,13,2025-02-25 05:25:53.086169,2025-02-25 05:26:11.880186,18.794017
channel-91017,2853,30305559,30305571,12,2025-02-25 05:26:00.941305,2025-02-25 05:26:16.529830,15.588525
channel-85077,60257,30305566,30305576,10,2025-02-25 05:26:10.808529,2025-02-25 05:26:22.564329,11.7558
channel-85077,60258,30305568,30305590,22,2025-02-25 05:26:13.044532,2025-02-25 05:26:41.066361,28.021829
channel-750,682962,30305572,30305581,9,2025-02-25 05:26:17.666927,2025-02-25 05:26:30.233528,12.566601
channel-75,845045,30305577,30305584,7,2025-02-25 05:26:24.633496,2025-02-25 05:26:34.223049,9.589553
channel-216,94239,30305582,30305679,97,2025-02-25 05:26:31.394313,2025-02-25 05:28:32.342246,120.947933
channel-750,682963,30305596,30305603,7,2025-02-25 05:26:48.313929,2025-02-25 05:26:56.500060,8.186131
channel-750,682964,30305600,30305614,14,2025-02-25 05:26:53.079364,2025-02-25 05:27:10.359966,17.280602
channel-750,682965,30305601,30305612,11,2025-02-25 05:26:54.267008,2025-02-25 05:27:08.111564,13.844556
channel-750,682966,30305603,30305609,6,2025-02-25 05:26:56.500060,2025-02-25 05:27:03.567759,7.067699
channel-750,682967,30305604,30305609,5,2025-02-25 05:26:57.666681,2025-02-25 05:27:03.567759,5.901078
channel-6994,1324774,30305612,30305626,14,2025-02-25 05:27:08.111564,2025-02-25 05:27:25.889775,17.778211
channel-208,1490282,30305614,30305623,9,2025-02-25 05:27:10.359966,2025-02-25 05:27:22.270828,11.910862
channel-522,40440,30305616,30305624,8,2025-02-25 05:27:13.194090,2025-02-25 05:27:23.510340,10.31625
channel-0,4038745,30305622,30305634,12,2025-02-25 05:27:21.027078,2025-02-25 05:27:35.542741,14.515663
channel-95,331596,30305625,30305639,14,2025-02-25 05:27:24.784291,2025-02-25 05:27:43.681231,18.89694
channel-750,682968,30305636,30305654,18,2025-02-25 05:27:37.838482,2025-02-25 05:28:01.328770,23.490288
channel-89298,18679,30305639,30305651,12,2025-02-25 05:27:43.681231,2025-02-25 05:27:57.569147,13.887916
channel-2188,43701,30305652,30305656,4,2025-02-25 05:27:58.756497,2025-02-25 05:28:03.711007,4.95451
channel-2,130644,30305667,30305679,12,2025-02-25 05:28:18.563598,2025-02-25 05:28:32.342246,13.778648
channel-326,538066,30305673,30305679,6,2025-02-25 05:28:25.288487,2025-02-25 05:28:32.342246,7.053759
channel-326,538067,30305682,30305687,5,2025-02-25 05:28:36.264685,2025-02-25 05:28:46.353963,10.089278
channel-522,40441,30305689,30305701,12,2025-02-25 05:28:48.512743,2025-02-25 05:29:02.206558,13.693815
channel-0,4038746,30305694,30305706,12,2025-02-25 05:28:54.293162,2025-02-25 05:29:08.766895,14.473733
channel-251,85239,30305698,30305708,10,2025-02-25 05:28:58.907194,2025-02-25 05:29:11.667098,12.759904
channel-184,137420,30305699,30305710,11,2025-02-25 05:29:00.081898,2025-02-25 05:29:14.088988,14.00709
channel-6994,1324775,30305699,30305712,13,2025-02-25 05:29:00.081898,2025-02-25 05:29:17.530207,17.448309
channel-251,85240,30305700,30305712,12,2025-02-25 05:29:01.103040,2025-02-25 05:29:17.530207,16.427167
channel-251,85241,30305709,30305722,13,2025-02-25 05:29:12.996924,2025-02-25 05:29:29.584295,16.587371
channel-750,682969,30305720,30305726,6,2025-02-25 05:29:27.189567,2025-02-25 05:29:35.802102,8.612535
channel-2494,31939,30305720,30305731,11,2025-02-25 05:29:27.189567,2025-02-25 05:29:41.479295,14.289728
channel-88,467129,30305721,30305734,13,2025-02-25 05:29:28.417913,2025-02-25 05:29:44.948312,16.530399
channel-0,4038747,30305722,30305732,10,2025-02-25 05:29:29.584295,2025-02-25 05:29:42.618695,13.0344
channel-0,4038748,30305726,30305737,11,2025-02-25 05:29:35.802102,2025-02-25 05:29:48.425648,12.623546
channel-6994,1324776,30305739,30305749,10,2025-02-25 05:29:51.644974,2025-02-25 05:30:03.353541,11.708567
channel-0,4038749,30305743,30305752,9,2025-02-25 05:29:56.246390,2025-02-25 05:30:07.125269,10.878879
channel-750,682970,30305748,30305761,13,2025-02-25 05:30:02.274551,2025-02-25 05:30:18.822497,16.547946
channel-115,20408,30305757,30305766,9,2025-02-25 05:30:12.991499,2025-02-25 05:30:27.230063,14.238564
channel-85077,60259,30305758,30305767,9,2025-02-25 05:30:15.281209,2025-02-25 05:30:28.355237,13.074028
channel-0,4038750,30305760,30305769,9,2025-02-25 05:30:17.661506,2025-02-25 05:30:31.615061,13.953555
channel-750,682971,30305761,30305764,3,2025-02-25 05:30:18.822497,2025-02-25 05:30:24.876394,6.053897
channel-6994,1324777,30305763,30305773,10,2025-02-25 05:30:22.239171,2025-02-25 05:30:37.149822,14.910651
channel-2494,31940,30305763,30305774,11,2025-02-25 05:30:22.239171,2025-02-25 05:30:38.259362,16.020191
channel-122,668054,30305765,30305768,3,2025-02-25 05:30:26.081697,2025-02-25 05:30:30.522146,4.440449
channel-75,845046,30305766,30305773,7,2025-02-25 05:30:27.230063,2025-02-25 05:30:37.149822,9.919759
channel-0,4038751,30305776,30305788,12,2025-02-25 05:30:40.599617,2025-02-25 05:30:55.849229,15.249612
channel-1,408411,30305783,30305825,42,2025-02-25 05:30:49.187252,2025-02-25 05:31:43.828494,54.641242
channel-2,130645,30305787,30305798,11,2025-02-25 05:30:54.700077,2025-02-25 05:31:09.221836,14.521759
channel-2494,31941,30305792,30305801,9,2025-02-25 05:31:02.746493,2025-02-25 05:31:12.897384,10.150891
channel-6994,1324778,30305798,30305807,9,2025-02-25 05:31:09.221836,2025-02-25 05:31:20.993254,11.771418
channel-0,4038752,30305802,30305812,10,2025-02-25 05:31:14.060523,2025-02-25 05:31:26.905868,12.845345
channel-208,1490283,30305802,30305812,10,2025-02-25 05:31:14.060523,2025-02-25 05:31:26.905868,12.845345
channel-0,4038753,30305805,30305816,11,2025-02-25 05:31:17.504989,2025-02-25 05:31:33.358578,15.853589
channel-0,4038754,30305805,30305816,11,2025-02-25 05:31:17.504989,2025-02-25 05:31:33.358578,15.853589
channel-146,20033,30305808,30305825,17,2025-02-25 05:31:22.132408,2025-02-25 05:31:43.828494,21.696086
channel-2494,31942,30305808,30305820,12,2025-02-25 05:31:22.132408,2025-02-25 05:31:37.897538,15.76513
channel-0,4038755,30305808,30305822,14,2025-02-25 05:31:22.132408,2025-02-25 05:31:40.283213,18.150805
channel-208,1490284,30305809,30305820,11,2025-02-25 05:31:23.428964,2025-02-25 05:31:37.897538,14.468574
channel-122,668055,30305822,30305826,4,2025-02-25 05:31:40.283213,2025-02-25 05:31:44.922098,4.638885
channel-2494,31943,30305824,30305833,9,2025-02-25 05:31:42.593479,2025-02-25 05:31:54.469007,11.875528
channel-750,682972,30305834,30305846,12,2025-02-25 05:31:55.685635,2025-02-25 05:32:10.262455,14.57682
channel-251,85242,30305838,30305847,9,2025-02-25 05:32:01.025041,2025-02-25 05:32:11.493376,10.468335
channel-208,1490285,30305849,30305861,12,2025-02-25 05:32:14.219125,2025-02-25 05:32:29.585262,15.366137
channel-750,682973,30305849,30305861,12,2025-02-25 05:32:14.219125,2025-02-25 05:32:29.585262,15.366137
channel-2494,31944,30305857,30305870,13,2025-02-25 05:32:24.989583,2025-02-25 05:32:40.024710,15.035127
channel-6994,1324779,30305865,30305878,13,2025-02-25 05:32:34.287488,2025-02-25 05:32:49.185002,14.897514
channel-750,682974,30305881,30305894,13,2025-02-25 05:32:54.027661,2025-02-25 05:33:16.567761,22.5401
channel-0,4038756,30305887,30305898,11,2025-02-25 05:33:05.996680,2025-02-25 05:33:22.262811,16.266131
channel-0,4038757,30305895,30305903,8,2025-02-25 05:33:17.654862,2025-02-25 05:33:28.490794,10.835932
channel-94814,3770,30305901,30305912,11,2025-02-25 05:33:26.198691,2025-02-25 05:33:39.436104,13.237413
channel-232,49202,30305932,30305944,12,2025-02-25 05:34:02.967555,2025-02-25 05:34:17.084985,14.11743
channel-143,128380,30305933,30305956,23,2025-02-25 05:34:04.194736,2025-02-25 05:34:33.385576,29.19084
channel-75,845047,30305968,30305976,8,2025-02-25 05:34:47.187129,2025-02-25 05:34:56.777407,9.590278
channel-750,682975,30305976,30305990,14,2025-02-25 05:34:56.777407,2025-02-25 05:35:16.124122,19.346715
channel-0,4038758,30305993,30306005,12,2025-02-25 05:35:19.386215,2025-02-25 05:35:36.345793,16.959578
channel-0,4038759,30305996,30306005,9,2025-02-25 05:35:23.884343,2025-02-25 05:35:36.345793,12.46145
channel-208,1490286,30306001,30306009,8,2025-02-25 05:35:29.735845,2025-02-25 05:35:41.064978,11.329133
channel-75,845048,30306020,30306029,9,2025-02-25 05:35:55.399565,2025-02-25 05:36:05.541294,10.141729
channel-208,1490287,30306031,30306043,12,2025-02-25 05:36:07.989573,2025-02-25 05:36:22.299157,14.309584
channel-783,104252,30306051,30306058,7,2025-02-25 05:36:33.949104,2025-02-25 05:36:41.909708,7.960604
channel-0,4038760,30306057,30306068,11,2025-02-25 05:36:40.575952,2025-02-25 05:36:53.561062,12.98511
channel-20082,9881,30306067,30306075,8,2025-02-25 05:36:52.334455,2025-02-25 05:37:04.069229,11.734774
channel-783,104253,30306074,30306081,7,2025-02-25 05:37:03.062339,2025-02-25 05:37:12.436870,9.374531
channel-6994,1324780,30306090,30306098,8,2025-02-25 05:37:22.808923,2025-02-25 05:37:34.312939,11.504016
channel-750,682976,30306097,30306111,14,2025-02-25 05:37:31.961911,2025-02-25 05:37:53.501402,21.539491
channel-232,49203,30306099,30306107,8,2025-02-25 05:37:36.472688,2025-02-25 05:37:48.745193,12.272505
channel-750,682977,30306103,30306117,14,2025-02-25 05:37:40.944246,2025-02-25 05:38:01.825247,20.881001
channel-783,104254,30306104,30306113,9,2025-02-25 05:37:42.141725,2025-02-25 05:37:56.239053,14.097328
channel-1279,67131,30306108,30306118,10,2025-02-25 05:37:50.158981,2025-02-25 05:38:03.064096,12.905115
channel-115,20409,30306108,30306116,8,2025-02-25 05:37:50.158981,2025-02-25 05:38:00.673466,10.514485
channel-85077,60260,30306121,30306131,10,2025-02-25 05:38:06.745887,2025-02-25 05:38:17.856185,11.110298
channel-6994,1324781,30306130,30306140,10,2025-02-25 05:38:16.676342,2025-02-25 05:38:28.850753,12.174411
channel-874,293134,30306136,30306141,5,2025-02-25 05:38:23.416099,2025-02-25 05:38:30.067335,6.651236
channel-750,682978,30306136,30306152,16,2025-02-25 05:38:23.416099,2025-02-25 05:38:44.557627,21.141528
channel-208,1490288,30306142,30306154,12,2025-02-25 05:38:32.481162,2025-02-25 05:38:46.962811,14.481649
channel-6787,166715,30306155,30306161,6,2025-02-25 05:38:48.132325,2025-02-25 05:38:56.524917,8.392592
channel-750,682979,30306155,30306161,6,2025-02-25 05:38:48.132325,2025-02-25 05:38:56.524917,8.392592
channel-750,682980,30306164,30306168,4,2025-02-25 05:39:00.010128,2025-02-25 05:39:04.496395,4.486267
channel-89321,19455,30306205,30306218,13,2025-02-25 05:39:50.583376,2025-02-25 05:40:06.398364,15.814988
channel-6994,1324782,30306232,30306243,11,2025-02-25 05:40:23.564665,2025-02-25 05:40:38.041503,14.476838
channel-783,104255,30306234,30306241,7,2025-02-25 05:40:25.799699,2025-02-25 05:40:35.080740,9.281041
channel-85077,60261,30306248,30306258,10,2025-02-25 05:40:47.695065,2025-02-25 05:40:59.040296,11.345231
channel-6994,1324783,30306249,30306261,12,2025-02-25 05:40:48.831190,2025-02-25 05:41:02.314331,13.483141
channel-522,40442,30306252,30306261,9,2025-02-25 05:40:52.428682,2025-02-25 05:41:02.314331,9.885649
channel-412,64594,30306277,30306286,9,2025-02-25 05:41:24.817474,2025-02-25 05:41:35.449009,10.631535
channel-89298,18680,30306285,30306296,11,2025-02-25 05:41:34.185440,2025-02-25 05:41:48.249295,14.063855
channel-91017,2854,30306288,30306301,13,2025-02-25 05:41:39.114621,2025-02-25 05:41:54.124818,15.010197
channel-0,4038761,30306303,30306311,8,2025-02-25 05:41:56.519311,2025-02-25 05:42:09.248545,12.729234
channel-85077,60262,30306329,30306338,9,2025-02-25 05:42:32.106293,2025-02-25 05:42:46.386039,14.279746
channel-326,538068,30306336,30306343,7,2025-02-25 05:42:42.926512,2025-02-25 05:42:52.396694,9.470182
channel-0,4038762,30306349,30306362,13,2025-02-25 05:43:00.247915,2025-02-25 05:43:15.307671,15.059756
channel-208,1490289,30306377,30306389,12,2025-02-25 05:43:33.100439,2025-02-25 05:43:48.780278,15.679839
channel-42,1490022,30306383,30306390,7,2025-02-25 05:43:40.007606,2025-02-25 05:43:50.921451,10.913845
channel-208,1490290,30306394,30306408,14,2025-02-25 05:43:56.750934,2025-02-25 05:44:13.522295,16.771361
channel-85077,60263,30306394,30306403,9,2025-02-25 05:43:56.750934,2025-02-25 05:44:07.157445,10.406511
channel-85077,60264,30306403,30306412,9,2025-02-25 05:44:07.157445,2025-02-25 05:44:18.214803,11.057358
channel-782,310204,30306405,30306412,7,2025-02-25 05:44:09.441015,2025-02-25 05:44:18.214803,8.773788
channel-208,1490291,30306405,30306415,10,2025-02-25 05:44:09.441015,2025-02-25 05:44:24.277972,14.836957
channel-0,4038763,30306409,30306433,24,2025-02-25 05:44:14.694754,2025-02-25 05:44:46.433938,31.739184
channel-1,408412,30306410,30306423,13,2025-02-25 05:44:15.841007,2025-02-25 05:44:34.062960,18.221953
channel-750,682981,30306413,30306418,5,2025-02-25 05:44:20.494073,2025-02-25 05:44:27.812751,7.318678
channel-19774,345982,30306422,30306432,10,2025-02-25 05:44:32.523997,2025-02-25 05:44:44.244121,11.720124
channel-750,682982,30306422,30306428,6,2025-02-25 05:44:32.523997,2025-02-25 05:44:39.769270,7.245273
channel-0,4038764,30306429,30306437,8,2025-02-25 05:44:40.869957,2025-02-25 05:44:52.134630,11.264673
channel-783,104256,30306431,30306437,6,2025-02-25 05:44:43.069043,2025-02-25 05:44:52.134630,9.065587
channel-6994,1324784,30306432,30306442,10,2025-02-25 05:44:44.244121,2025-02-25 05:44:59.740590,15.496469
channel-208,1490292,30306454,30306465,11,2025-02-25 05:45:14.369785,2025-02-25 05:45:27.309045,12.93926
channel-1,408413,30306458,30306470,12,2025-02-25 05:45:18.856637,2025-02-25 05:45:34.189694,15.333057
channel-85077,60265,30306466,30306476,10,2025-02-25 05:45:29.509858,2025-02-25 05:45:41.418738,11.90888
channel-1,408414,30306473,30306496,23,2025-02-25 05:45:38.102021,2025-02-25 05:46:05.695937,27.593916
channel-6994,1324785,30306475,30306485,10,2025-02-25 05:45:40.293381,2025-02-25 05:45:53.007101,12.71372
channel-0,4038765,30306504,30306514,10,2025-02-25 05:46:18.941907,2025-02-25 05:46:34.020120,15.078213
channel-97998,55,30306506,30306513,7,2025-02-25 05:46:21.835778,2025-02-25 05:46:33.019872,11.184094
channel-6994,1324786,30306522,30306532,10,2025-02-25 05:46:43.859288,2025-02-25 05:46:57.282865,13.423577
channel-412,64595,30306527,30306538,11,2025-02-25 05:46:50.381053,2025-02-25 05:47:04.058132,13.677079
channel-6994,1324787,30306528,30306541,13,2025-02-25 05:46:51.549602,2025-02-25 05:47:08.029470,16.479868
channel-85186,859,30306547,30306558,11,2025-02-25 05:47:15.839181,2025-02-25 05:47:30.350969,14.511788
channel-85077,60266,30306550,30306557,7,2025-02-25 05:47:19.138236,2025-02-25 05:47:29.146962,10.008726
channel-89298,18681,30306557,30306568,11,2025-02-25 05:47:29.146962,2025-02-25 05:47:41.808964,12.662002
channel-750,682983,30306561,30306579,18,2025-02-25 05:47:33.894251,2025-02-25 05:47:54.890702,20.996451
channel-0,4038766,30306572,30306583,11,2025-02-25 05:47:46.306676,2025-02-25 05:48:02.153468,15.846792
channel-19774,345983,30306578,30306583,5,2025-02-25 05:47:53.680696,2025-02-25 05:48:02.153468,8.472772
channel-85791,3768,30306592,30306602,10,2025-02-25 05:48:15.048013,2025-02-25 05:48:26.375785,11.327772
channel-1,408415,30306604,30306620,16,2025-02-25 05:48:29.141695,2025-02-25 05:48:47.533036,18.391341
channel-85077,60267,30306604,30306615,11,2025-02-25 05:48:29.141695,2025-02-25 05:48:41.755910,12.614215
channel-6994,1324788,30306618,30306627,9,2025-02-25 05:48:45.197270,2025-02-25 05:48:57.273391,12.076121
channel-184,137421,30306630,30306640,10,2025-02-25 05:49:00.939207,2025-02-25 05:49:14.101676,13.162469
channel-113,301336,30306634,30306686,52,2025-02-25 05:49:06.786588,2025-02-25 05:50:12.478674,65.692086
channel-6994,1324789,30306647,30306661,14,2025-02-25 05:49:23.460134,2025-02-25 05:49:40.796437,17.336303
channel-750,682984,30306654,30306678,24,2025-02-25 05:49:31.663174,2025-02-25 05:50:01.936153,30.272979
channel-750,682985,30306678,30306683,5,2025-02-25 05:50:01.936153,2025-02-25 05:50:09.037048,7.100895
channel-0,4038767,30306679,30306691,12,2025-02-25 05:50:04.621826,2025-02-25 05:50:18.220144,13.598318
channel-75,845049,30306687,30306694,7,2025-02-25 05:50:13.665078,2025-02-25 05:50:22.679668,9.01459
channel-750,682986,30306703,30306728,25,2025-02-25 05:50:34.786677,2025-02-25 05:51:09.517185,34.730508
channel-85077,60268,30306715,30306723,8,2025-02-25 05:50:50.116488,2025-02-25 05:51:03.735637,13.619149
channel-208,1490293,30306716,30306723,7,2025-02-25 05:50:51.225929,2025-02-25 05:51:03.735637,12.509708
channel-874,293135,30306719,30306728,9,2025-02-25 05:50:54.525041,2025-02-25 05:51:09.517185,14.992144
channel-184,137422,30306722,30306731,9,2025-02-25 05:51:01.332660,2025-02-25 05:51:12.904971,11.572311
channel-874,293136,30306725,30306731,6,2025-02-25 05:51:06.010905,2025-02-25 05:51:12.904971,6.894066
channel-750,682987,30306725,30306729,4,2025-02-25 05:51:06.010905,2025-02-25 05:51:10.662102,4.651197
channel-2494,31945,30306731,30306743,12,2025-02-25 05:51:12.904971,2025-02-25 05:51:27.905751,15.00078
channel-0,4038768,30306743,30306754,11,2025-02-25 05:51:27.905751,2025-02-25 05:51:44.259825,16.354074
channel-750,682988,30306743,30306758,15,2025-02-25 05:51:27.905751,2025-02-25 05:51:50.448671,22.54292
channel-6994,1324790,30306750,30306763,13,2025-02-25 05:51:38.774639,2025-02-25 05:51:57.379749,18.60511
channel-143,128381,30306754,30306794,40,2025-02-25 05:51:44.259825,2025-02-25 05:52:35.659352,51.399527
channel-85077,60269,30306768,30306777,9,2025-02-25 05:52:03.153557,2025-02-25 05:52:15.796738,12.643181
channel-750,682989,30306770,30306789,19,2025-02-25 05:52:06.002176,2025-02-25 05:52:29.823097,23.820921
channel-1,408416,30306772,30306783,11,2025-02-25 05:52:09.590407,2025-02-25 05:52:22.706932,13.116525
channel-89298,18682,30306778,30306787,9,2025-02-25 05:52:16.969799,2025-02-25 05:52:27.575979,10.60618
channel-750,682990,30306782,30306789,7,2025-02-25 05:52:21.296922,2025-02-25 05:52:29.823097,8.526175
channel-783,104257,30306787,30306796,9,2025-02-25 05:52:27.575979,2025-02-25 05:52:37.922849,10.34687
channel-783,104258,30306795,30306802,7,2025-02-25 05:52:36.793575,2025-02-25 05:52:45.332665,8.53909
channel-0,4038769,30306807,30306817,10,2025-02-25 05:52:51.129453,2025-02-25 05:53:03.466530,12.337077
channel-0,4038770,30306811,30306822,11,2025-02-25 05:52:56.094408,2025-02-25 05:53:10.223562,14.129154
channel-750,682991,30306821,30306827,6,2025-02-25 05:53:09.149956,2025-02-25 05:53:16.985257,7.835301
channel-783,104259,30306824,30306830,6,2025-02-25 05:53:12.623211,2025-02-25 05:53:20.480771,7.85756
channel-94814,3771,30306825,30306834,9,2025-02-25 05:53:14.764569,2025-02-25 05:53:25.388606,10.624037
channel-750,682992,30306826,30306834,8,2025-02-25 05:53:15.880316,2025-02-25 05:53:25.388606,9.50829
channel-750,682993,30306827,30306844,17,2025-02-25 05:53:16.985257,2025-02-25 05:53:37.610510,20.625253
channel-0,4038771,30306836,30306846,10,2025-02-25 05:53:28.384317,2025-02-25 05:53:39.792372,11.408055
channel-750,682994,30306861,30306870,9,2025-02-25 05:54:01.284313,2025-02-25 05:54:14.026188,12.741875
channel-0,4038772,30306866,30306872,6,2025-02-25 05:54:06.828153,2025-02-25 05:54:17.433008,10.604855
channel-75,845050,30306868,30306874,6,2025-02-25 05:54:10.782550,2025-02-25 05:54:19.696190,8.91364
channel-75,845051,30306872,30306880,8,2025-02-25 05:54:17.433008,2025-02-25 05:54:26.980250,9.547242
channel-0,4038773,30306872,30306882,10,2025-02-25 05:54:17.433008,2025-02-25 05:54:29.253140,11.820132
channel-85077,60270,30306874,30306883,9,2025-02-25 05:54:19.696190,2025-02-25 05:54:30.349236,10.653046
channel-208,1490294,30306874,30306884,10,2025-02-25 05:54:19.696190,2025-02-25 05:54:31.723138,12.026948
channel-6994,1324791,30306903,30306913,10,2025-02-25 05:54:54.688931,2025-02-25 05:55:06.726379,12.037448
channel-0,4038774,30306906,30306916,10,2025-02-25 05:54:58.401234,2025-02-25 05:55:10.169346,11.768112
channel-750,682995,30306920,30306935,15,2025-02-25 05:55:15.803784,2025-02-25 05:55:38.522401,22.718617
channel-750,682996,30306923,30306933,10,2025-02-25 05:55:19.283225,2025-02-25 05:55:31.998162,12.714937
channel-85077,60271,30306932,30306942,10,2025-02-25 05:55:30.947675,2025-02-25 05:55:47.791391,16.843716
channel-89298,18683,30306933,30306944,11,2025-02-25 05:55:31.998162,2025-02-25 05:55:50.083229,18.085067
channel-85077,60272,30306933,30306942,9,2025-02-25 05:55:31.998162,2025-02-25 05:55:47.791391,15.793229
channel-85077,60273,30306936,30306945,9,2025-02-25 05:55:39.678313,2025-02-25 05:55:51.297390,11.619077
channel-85077,60274,30306940,30306951,11,2025-02-25 05:55:45.665761,2025-02-25 05:55:58.389106,12.723345
channel-783,104260,30306943,30307009,66,2025-02-25 05:55:48.893295,2025-02-25 05:57:11.192646,82.299351
channel-85077,60275,30306947,30306956,9,2025-02-25 05:55:53.573261,2025-02-25 05:56:04.894310,11.321049
channel-85077,60276,30306957,30306965,8,2025-02-25 05:56:05.994892,2025-02-25 05:56:16.743362,10.74847
channel-0,4038775,30306958,30306969,11,2025-02-25 05:56:07.371387,2025-02-25 05:56:22.911032,15.539645
channel-750,682997,30306963,30306972,9,2025-02-25 05:56:14.158654,2025-02-25 05:56:26.380872,12.222218
channel-2188,43702,30306964,30307005,41,2025-02-25 05:56:15.420874,2025-02-25 05:57:06.866041,51.445167
channel-750,682998,30306967,30306980,13,2025-02-25 05:56:20.187545,2025-02-25 05:56:35.784090,15.596545
channel-20082,9882,30306979,30306991,12,2025-02-25 05:56:34.645017,2025-02-25 05:56:49.261657,14.61664
channel-0,4038776,30306980,30306994,14,2025-02-25 05:56:35.784090,2025-02-25 05:56:53.039437,17.255347
channel-0,4038777,30306995,30307003,8,2025-02-25 05:56:54.144205,2025-02-25 05:57:04.308946,10.164741
channel-20082,9883,30307017,30307026,9,2025-02-25 05:57:22.675876,2025-02-25 05:57:35.660350,12.984474
channel-75,845052,30307019,30307025,6,2025-02-25 05:57:25.029999,2025-02-25 05:57:32.773524,7.743525
channel-783,104261,30307028,30307034,6,2025-02-25 05:57:38.346428,2025-02-25 05:57:46.158445,7.812017
channel-259,314326,30307037,30307048,11,2025-02-25 05:57:52.991860,2025-02-25 05:58:06.125242,13.133382
channel-750,682999,30307040,30307051,11,2025-02-25 05:57:56.808379,2025-02-25 05:58:09.660211,12.851832
channel-259,314327,30307043,30307049,6,2025-02-25 05:58:00.241152,2025-02-25 05:58:07.238533,6.997381
channel-85077,60277,30307045,30307056,11,2025-02-25 05:58:02.646492,2025-02-25 05:58:15.521410,12.874918
channel-6994,1324792,30307047,30307058,11,2025-02-25 05:58:05.057776,2025-02-25 05:58:18.892542,13.834766
channel-6994,1324793,30307054,30307062,8,2025-02-25 05:58:13.218472,2025-02-25 05:58:24.894222,11.67575
channel-874,293137,30307063,30307066,3,2025-02-25 05:58:25.980713,2025-02-25 05:58:33.577887,7.597174
channel-750,683000,30307063,30307066,3,2025-02-25 05:58:25.980713,2025-02-25 05:58:33.577887,7.597174
channel-0,4038778,30307063,30307068,5,2025-02-25 05:58:25.980713,2025-02-25 05:58:36.061995,10.081282
channel-259,314328,30307064,30307104,40,2025-02-25 05:58:27.105393,2025-02-25 05:59:20.668631,53.563238
channel-259,314329,30307068,30307074,6,2025-02-25 05:58:36.061995,2025-02-25 05:58:42.911633,6.849638
channel-259,314331,30307072,30307078,6,2025-02-25 05:58:40.676448,2025-02-25 05:58:48.361305,7.684857
channel-85077,60278,30307075,30307085,10,2025-02-25 05:58:44.043084,2025-02-25 05:58:56.956574,12.91349
channel-0,4038779,30307085,30307097,12,2025-02-25 05:58:56.956574,2025-02-25 05:59:11.930615,14.974041
channel-0,4038780,30307088,30307102,14,2025-02-25 05:59:01.652175,2025-02-25 05:59:17.987248,16.335073
channel-20082,9884,30307089,30307101,12,2025-02-25 05:59:02.781391,2025-02-25 05:59:16.856894,14.075503
channel-783,104262,30307095,30307105,10,2025-02-25 05:59:09.762952,2025-02-25 05:59:21.769027,12.006075
channel-783,104263,30307095,30307105,10,2025-02-25 05:59:09.762952,2025-02-25 05:59:21.769027,12.006075
channel-259,314332,30307098,30307104,6,2025-02-25 05:59:13.079655,2025-02-25 05:59:20.668631,7.588976
channel-1279,67132,30307111,30307121,10,2025-02-25 05:59:31.287304,2025-02-25 05:59:43.200491,11.913187
channel-259,314333,30307120,30307125,5,2025-02-25 05:59:42.126213,2025-02-25 05:59:47.920555,5.794342
channel-750,683001,30307122,30307139,17,2025-02-25 05:59:44.392957,2025-02-25 06:00:05.340486,20.947529
channel-6994,1324794,30307124,30307134,10,2025-02-25 05:59:46.760578,2025-02-25 05:59:58.825875,12.065297
channel-0,4038781,30307125,30307136,11,2025-02-25 05:59:47.920555,2025-02-25 06:00:02.170190,14.249635
channel-85077,60279,30307132,30307139,7,2025-02-25 05:59:55.964945,2025-02-25 06:00:05.340486,9.375541
channel-750,683002,30307135,30307144,9,2025-02-25 06:00:00.012873,2025-02-25 06:00:15.079022,15.066149
channel-6994,1324795,30307136,30307145,9,2025-02-25 06:00:02.170190,2025-02-25 06:00:17.310505,15.140315
channel-0,4038782,30307142,30307154,12,2025-02-25 06:00:12.866689,2025-02-25 06:00:28.864344,15.997655
channel-750,683003,30307144,30307149,5,2025-02-25 06:00:15.079022,2025-02-25 06:00:23.026995,7.947973
channel-642,126512,30307148,30307185,37,2025-02-25 06:00:21.966860,2025-02-25 06:01:08.581261,46.614401
channel-85077,60280,30307157,30307165,8,2025-02-25 06:00:33.457844,2025-02-25 06:00:43.105764,9.64792
channel-199,132742,30307170,30307182,12,2025-02-25 06:00:49.759977,2025-02-25 06:01:05.064923,15.304946
channel-0,4038783,30307192,30307201,9,2025-02-25 06:01:17.477887,2025-02-25 06:01:30.684787,13.2069
channel-2188,43703,30307201,30307205,4,2025-02-25 06:01:30.684787,2025-02-25 06:01:36.168831,5.484044
channel-6994,1324796,30307201,30307216,15,2025-02-25 06:01:30.684787,2025-02-25 06:01:49.991074,19.306287
channel-204,670810,30307206,30307216,10,2025-02-25 06:01:38.393287,2025-02-25 06:01:49.991074,11.597787
channel-85791,3769,30307208,30307215,7,2025-02-25 06:01:40.645059,2025-02-25 06:01:48.913848,8.268789
channel-85077,60281,30307214,30307225,11,2025-02-25 06:01:47.514898,2025-02-25 06:02:01.517283,14.002385
channel-6994,1324797,30307219,30307229,10,2025-02-25 06:01:53.572361,2025-02-25 06:02:06.423666,12.851305
channel-20082,9885,30307222,30307231,9,2025-02-25 06:01:57.586770,2025-02-25 06:02:09.410455,11.823685
channel-208,1490295,30307234,30307247,13,2025-02-25 06:02:12.621902,2025-02-25 06:02:27.910077,15.288175
channel-0,4038784,30307236,30307248,12,2025-02-25 06:02:14.892506,2025-02-25 06:02:30.540024,15.647518
channel-874,293138,30307253,30307262,9,2025-02-25 06:02:37.403719,2025-02-25 06:02:47.707406,10.303687
channel-75,845053,30307259,30307273,14,2025-02-25 06:02:44.363771,2025-02-25 06:03:01.898162,17.534391
channel-75,845054,30307266,30307273,7,2025-02-25 06:02:52.756637,2025-02-25 06:03:01.898162,9.141525
channel-750,683004,30307269,30307278,9,2025-02-25 06:02:57.293326,2025-02-25 06:03:08.541540,11.248214
channel-0,4038785,30307276,30307286,10,2025-02-25 06:03:06.243068,2025-02-25 06:03:19.375554,13.132486
channel-750,683005,30307288,30307293,5,2025-02-25 06:03:21.597612,2025-02-25 06:03:27.406702,5.80909
channel-0,4038786,30307297,30307304,7,2025-02-25 06:03:35.179565,2025-02-25 06:03:43.563623,8.384058
channel-6994,1324798,30307302,30307313,11,2025-02-25 06:03:41.410874,2025-02-25 06:03:56.180115,14.769241
channel-750,683006,30307310,30307326,16,2025-02-25 06:03:52.665248,2025-02-25 06:04:11.164457,18.499209
channel-340,3181,30307325,30307333,8,2025-02-25 06:04:09.938511,2025-02-25 06:04:21.620773,11.682262
channel-6994,1324799,30307326,30307337,11,2025-02-25 06:04:11.164457,2025-02-25 06:04:26.805593,15.641136
channel-750,683007,30307334,30307344,10,2025-02-25 06:04:22.726552,2025-02-25 06:04:38.005910,15.279358
channel-0,4038787,30307336,30307359,23,2025-02-25 06:04:25.400426,2025-02-25 06:04:57.221465,31.821039
channel-750,683008,30307343,30307347,4,2025-02-25 06:04:33.699499,2025-02-25 06:04:41.316852,7.617353
channel-750,683009,30307354,30307368,14,2025-02-25 06:04:51.234438,2025-02-25 06:05:08.664969,17.430531
channel-6994,1324800,30307364,30307373,9,2025-02-25 06:05:03.535014,2025-02-25 06:05:16.930143,13.395129
channel-72,516430,30307365,30307406,41,2025-02-25 06:05:04.873242,2025-02-25 06:05:59.716420,54.843178
channel-6994,1324801,30307368,30307378,10,2025-02-25 06:05:08.664969,2025-02-25 06:05:22.636723,13.971754
channel-750,683010,30307378,30307383,5,2025-02-25 06:05:22.636723,2025-02-25 06:05:29.434300,6.797577
channel-6994,1324802,30307381,30307392,11,2025-02-25 06:05:27.153136,2025-02-25 06:05:40.837117,13.683981
channel-85077,60282,30307394,30307404,10,2025-02-25 06:05:43.175794,2025-02-25 06:05:56.372515,13.196721
channel-874,293139,30307396,30307400,4,2025-02-25 06:05:45.932226,2025-02-25 06:05:51.913123,5.980897
channel-6994,1324803,30307400,30307416,16,2025-02-25 06:05:51.913123,2025-02-25 06:06:12.741962,20.828839
channel-6994,1324804,30307416,30307450,34,2025-02-25 06:06:12.741962,2025-02-25 06:06:53.129916,40.387954
channel-750,683011,30307428,30307433,5,2025-02-25 06:06:26.702331,2025-02-25 06:06:32.119821,5.41749
channel-750,683012,30307428,30307433,5,2025-02-25 06:06:26.702331,2025-02-25 06:06:32.119821,5.41749
channel-2188,43704,30307430,30307435,5,2025-02-25 06:06:28.855755,2025-02-25 06:06:34.649993,5.794238
channel-6994,1324805,30307430,30307442,12,2025-02-25 06:06:28.855755,2025-02-25 06:06:42.589952,13.734197
channel-122,668056,30307436,30307439,3,2025-02-25 06:06:35.819169,2025-02-25 06:06:39.165719,3.34655
channel-85077,60283,30307449,30307456,7,2025-02-25 06:06:52.012760,2025-02-25 06:07:02.402897,10.390137
channel-72,516431,30307452,30307478,26,2025-02-25 06:06:56.344240,2025-02-25 06:07:28.923802,32.579562
channel-874,293140,30307477,30307486,9,2025-02-25 06:07:27.832289,2025-02-25 06:07:37.983474,10.151185
channel-874,293141,30307480,30307486,6,2025-02-25 06:07:31.115041,2025-02-25 06:07:37.983474,6.868433
channel-874,293142,30307487,30307491,4,2025-02-25 06:07:40.295253,2025-02-25 06:07:45.073790,4.778537
channel-0,4038788,30307498,30307509,11,2025-02-25 06:07:55.325832,2025-02-25 06:08:09.446508,14.120676
channel-750,683013,30307501,30307506,5,2025-02-25 06:07:59.946748,2025-02-25 06:08:05.807316,5.860568
channel-85077,60284,30307517,30307526,9,2025-02-25 06:08:19.482922,2025-02-25 06:08:30.919951,11.437029
channel-259,314334,30307529,30307535,6,2025-02-25 06:08:34.887113,2025-02-25 06:08:41.713291,6.826178
channel-85077,60285,30307534,30307540,6,2025-02-25 06:08:40.693653,2025-02-25 06:08:50.104205,9.410552
channel-19774,345984,30307539,30307548,9,2025-02-25 06:08:47.371739,2025-02-25 06:09:00.336057,12.964318
channel-75,845055,30307550,30307557,7,2025-02-25 06:09:02.586188,2025-02-25 06:09:13.790425,11.204237
channel-122,668057,30307550,30307554,4,2025-02-25 06:09:02.586188,2025-02-25 06:09:10.335932,7.749744
channel-750,683014,30307560,30307575,15,2025-02-25 06:09:17.574626,2025-02-25 06:09:34.933000,17.358374
channel-6994,1324806,30307571,30307583,12,2025-02-25 06:09:30.566398,2025-02-25 06:09:45.779194,15.212796
channel-1575,15194,30307574,30307582,8,2025-02-25 06:09:33.835649,2025-02-25 06:09:44.633861,10.798212
channel-750,683015,30307586,30307591,5,2025-02-25 06:09:49.150048,2025-02-25 06:09:55.224141,6.074093
channel-6994,1324807,30307586,30307598,12,2025-02-25 06:09:49.150048,2025-02-25 06:10:06.110426,16.960378
channel-85077,60286,30307588,30307598,10,2025-02-25 06:09:51.519372,2025-02-25 06:10:06.110426,14.591054
channel-208,1490296,30307591,30307601,10,2025-02-25 06:09:55.224141,2025-02-25 06:10:10.483066,15.258925
channel-85077,60287,30307598,30307609,11,2025-02-25 06:10:06.110426,2025-02-25 06:10:19.783440,13.673014
channel-184,137423,30307599,30307620,21,2025-02-25 06:10:07.211299,2025-02-25 06:10:33.005646,25.794347
channel-20082,9886,30307601,30307613,12,2025-02-25 06:10:10.483066,2025-02-25 06:10:24.433862,13.950796
channel-4,166974,30307602,30307645,43,2025-02-25 06:10:11.701791,2025-02-25 06:11:07.690265,55.988474
channel-122,668058,30307615,30307619,4,2025-02-25 06:10:26.612357,2025-02-25 06:10:31.761796,5.149439
channel-874,293143,30307621,30307629,8,2025-02-25 06:10:34.137438,2025-02-25 06:10:44.671526,10.534088
channel-259,314335,30307626,30307631,5,2025-02-25 06:10:40.726501,2025-02-25 06:10:48.647315,7.920814
channel-75,845056,30307632,30307638,6,2025-02-25 06:10:49.752892,2025-02-25 06:10:58.454983,8.702091
channel-6787,166716,30307649,30307654,5,2025-02-25 06:11:12.346696,2025-02-25 06:11:18.080642,5.733946
channel-6994,1324808,30307650,30307702,52,2025-02-25 06:11:13.532195,2025-02-25 06:12:17.207313,63.675118
channel-326,538069,30307651,30307675,24,2025-02-25 06:11:14.689309,2025-02-25 06:11:42.497719,27.80841
channel-122,668059,30307652,30307656,4,2025-02-25 06:11:15.872859,2025-02-25 06:11:20.281874,4.409015
channel-2694,3300,30307657,30307695,38,2025-02-25 06:11:21.545869,2025-02-25 06:12:08.737413,47.191544
channel-0,4038789,30307662,30307673,11,2025-02-25 06:11:27.831093,2025-02-25 06:11:40.212737,12.381644
channel-259,314336,30307675,30307682,7,2025-02-25 06:11:42.497719,2025-02-25 06:11:50.550490,8.052771
channel-6994,1324809,30307678,30307689,11,2025-02-25 06:11:45.946702,2025-02-25 06:12:00.949237,15.002535
channel-1,408417,30307678,30307689,11,2025-02-25 06:11:45.946702,2025-02-25 06:12:00.949237,15.002535
channel-750,683016,30307683,30307699,16,2025-02-25 06:11:51.633100,2025-02-25 06:12:13.720072,22.086972
channel-204,670811,30307687,30307696,9,2025-02-25 06:11:57.369338,2025-02-25 06:12:10.169905,12.800567
channel-184,137424,30307690,30307702,12,2025-02-25 06:12:02.196665,2025-02-25 06:12:17.207313,15.010648
channel-19774,345985,30307698,30307707,9,2025-02-25 06:12:12.522304,2025-02-25 06:12:24.875872,12.353568
channel-874,293144,30307703,30307709,6,2025-02-25 06:12:19.284485,2025-02-25 06:12:27.367046,8.082561
channel-0,4038790,30307704,30307716,12,2025-02-25 06:12:20.420439,2025-02-25 06:12:35.200356,14.779917
channel-19774,345986,30307705,30307717,12,2025-02-25 06:12:21.619020,2025-02-25 06:12:36.296371,14.677351
channel-750,683017,30307706,30307711,5,2025-02-25 06:12:23.801696,2025-02-25 06:12:29.588217,5.786521
channel-874,293145,30307708,30307723,15,2025-02-25 06:12:26.263062,2025-02-25 06:12:47.964787,21.701725
channel-0,4038791,30307711,30307732,21,2025-02-25 06:12:29.588217,2025-02-25 06:13:00.194030,30.605813
channel-6994,1324810,30307722,30307761,39,2025-02-25 06:12:46.724658,2025-02-25 06:13:41.570643,54.845985
channel-750,683018,30307723,30307739,16,2025-02-25 06:12:47.964787,2025-02-25 06:13:10.352216,22.387429
channel-0,4038792,30307725,30307734,9,2025-02-25 06:12:50.818184,2025-02-25 06:13:03.626215,12.808031
channel-0,4038793,30307728,30307745,17,2025-02-25 06:12:54.273140,2025-02-25 06:13:17.982538,23.709398
channel-85077,60288,30307732,30307741,9,2025-02-25 06:13:00.194030,2025-02-25 06:13:12.723270,12.52924
channel-0,4038794,30307733,30307745,12,2025-02-25 06:13:01.352698,2025-02-25 06:13:17.982538,16.62984
channel-85077,60289,30307735,30307744,9,2025-02-25 06:13:04.754896,2025-02-25 06:13:16.711918,11.957022
channel-259,314337,30307739,30307744,5,2025-02-25 06:13:10.352216,2025-02-25 06:13:16.711918,6.359702
channel-259,314338,30307745,30307754,9,2025-02-25 06:13:17.982538,2025-02-25 06:13:29.409888,11.42735
channel-75,845057,30307748,30307757,9,2025-02-25 06:13:21.363222,2025-02-25 06:13:32.886297,11.523075
channel-85077,60290,30307753,30307758,5,2025-02-25 06:13:28.296752,2025-02-25 06:13:37.767568,9.470816
channel-199,132743,30307754,30307779,25,2025-02-25 06:13:29.409888,2025-02-25 06:14:03.080010,33.670122
channel-85077,60291,30307757,30307766,9,2025-02-25 06:13:32.886297,2025-02-25 06:13:48.326472,15.440175
channel-85077,60292,30307761,30307769,8,2025-02-25 06:13:41.570643,2025-02-25 06:13:51.740467,10.169824
channel-874,293146,30307762,30307771,9,2025-02-25 06:13:42.756766,2025-02-25 06:13:53.911676,11.15491
channel-259,314339,30307769,30307776,7,2025-02-25 06:13:51.740467,2025-02-25 06:13:59.633295,7.892828
channel-208,1490297,30307770,30307783,13,2025-02-25 06:13:52.746549,2025-02-25 06:14:07.580625,14.834076
channel-85077,60293,30307772,30307782,10,2025-02-25 06:13:55.042713,2025-02-25 06:14:06.461693,11.41898
channel-165,71449,30307797,30307806,9,2025-02-25 06:14:26.753549,2025-02-25 06:14:38.782622,12.029073
channel-85077,60294,30307800,30307810,10,2025-02-25 06:14:30.176062,2025-02-25 06:14:44.349394,14.173332
channel-85077,60295,30307803,30307813,10,2025-02-25 06:14:35.426509,2025-02-25 06:14:47.949230,12.522721
channel-259,314340,30307808,30307814,6,2025-02-25 06:14:41.036455,2025-02-25 06:14:49.095281,8.058826
channel-750,683019,30307815,30307828,13,2025-02-25 06:14:50.280599,2025-02-25 06:15:05.521833,15.241234
channel-208,1490298,30307826,30307836,10,2025-02-25 06:15:02.736375,2025-02-25 06:15:16.252320,13.515945
channel-85077,60296,30307831,30307838,7,2025-02-25 06:15:09.216795,2025-02-25 06:15:18.446790,9.229995
channel-874,293147,30307838,30307845,7,2025-02-25 06:15:18.446790,2025-02-25 06:15:29.400644,10.953854
channel-750,683020,30307851,30307856,5,2025-02-25 06:15:38.038480,2025-02-25 06:15:43.854916,5.816436
channel-750,683021,30307864,30307874,10,2025-02-25 06:15:53.669747,2025-02-25 06:16:06.009533,12.339786
channel-750,683022,30307869,30307891,22,2025-02-25 06:15:59.175836,2025-02-25 06:16:26.448777,27.272941
channel-6994,1324811,30307875,30307890,15,2025-02-25 06:16:07.107078,2025-02-25 06:16:25.238025,18.130947
channel-6994,1324812,30307882,30307924,42,2025-02-25 06:16:16.160314,2025-02-25 06:17:08.886140,52.725826
channel-0,4038795,30307885,30307895,10,2025-02-25 06:16:19.567676,2025-02-25 06:16:34.014587,14.446911
channel-750,683023,30307894,30307900,6,2025-02-25 06:16:31.329009,2025-02-25 06:16:39.772938,8.443929
channel-0,4038796,30307897,30307910,13,2025-02-25 06:16:36.267333,2025-02-25 06:16:51.485023,15.21769
channel-85077,60297,30307915,30307923,8,2025-02-25 06:16:56.986355,2025-02-25 06:17:07.711557,10.725202
channel-122,668060,30307939,30307944,5,2025-02-25 06:17:26.987707,2025-02-25 06:17:32.856736,5.869029
channel-750,683024,30307940,30307957,17,2025-02-25 06:17:28.024456,2025-02-25 06:17:51.466630,23.442174
channel-6994,1324813,30307949,30307985,36,2025-02-25 06:17:40.667231,2025-02-25 06:18:30.540378,49.873147
channel-750,683025,30307955,30307959,4,2025-02-25 06:17:48.467607,2025-02-25 06:17:54.753149,6.285542
channel-2,130646,30307968,30307977,9,2025-02-25 06:18:04.932105,2025-02-25 06:18:18.551999,13.619894
channel-750,683026,30307970,30307972,2,2025-02-25 06:18:07.179236,2025-02-25 06:18:09.605564,2.426328
channel-259,314341,30307972,30307978,6,2025-02-25 06:18:09.605564,2025-02-25 06:18:19.710170,10.104606
channel-85077,60298,30307975,30307983,8,2025-02-25 06:18:16.128011,2025-02-25 06:18:28.225738,12.097727
channel-85077,60299,30307977,30307985,8,2025-02-25 06:18:18.551999,2025-02-25 06:18:30.540378,11.988379
channel-85077,60300,30307977,30307985,8,2025-02-25 06:18:18.551999,2025-02-25 06:18:30.540378,11.988379
channel-6994,1324814,30307980,30307990,10,2025-02-25 06:18:23.511943,2025-02-25 06:18:36.344608,12.832665
channel-6994,1324815,30307981,30308011,30,2025-02-25 06:18:25.828307,2025-02-25 06:19:01.374702,35.546395
channel-874,293148,30307991,30307997,6,2025-02-25 06:18:37.397027,2025-02-25 06:18:44.970148,7.573121
channel-208,1490299,30308011,30308020,9,2025-02-25 06:19:01.374702,2025-02-25 06:19:12.844592,11.46989
channel-85077,60301,30308013,30308022,9,2025-02-25 06:19:03.591175,2025-02-25 06:19:15.222192,11.631017
channel-874,293149,30308019,30308038,19,2025-02-25 06:19:11.664380,2025-02-25 06:19:36.602284,24.937904
channel-85077,60302,30308032,30308040,8,2025-02-25 06:19:29.557711,2025-02-25 06:19:38.794220,9.236509
channel-6994,1324816,30308042,30308057,15,2025-02-25 06:19:41.063290,2025-02-25 06:19:59.625882,18.562592
channel-2,130647,30308042,30308056,14,2025-02-25 06:19:41.063290,2025-02-25 06:19:57.987647,16.924357
channel-750,683027,30308043,30308049,6,2025-02-25 06:19:42.207206,2025-02-25 06:19:48.972571,6.765365
channel-85077,60303,30308057,30308065,8,2025-02-25 06:19:59.625882,2025-02-25 06:20:11.601087,11.975205
channel-85077,60304,30308065,30308074,9,2025-02-25 06:20:11.601087,2025-02-25 06:20:21.604647,10.00356
channel-6994,1324817,30308074,30308085,11,2025-02-25 06:20:21.604647,2025-02-25 06:20:36.507642,14.902995
channel-874,293150,30308076,30308085,9,2025-02-25 06:20:26.028835,2025-02-25 06:20:36.507642,10.478807
channel-19774,345987,30308090,30308102,12,2025-02-25 06:20:42.965784,2025-02-25 06:20:57.285184,14.3194
channel-122,668061,30308092,30308096,4,2025-02-25 06:20:45.672648,2025-02-25 06:20:50.176043,4.503395
channel-85077,60305,30308104,30308113,9,2025-02-25 06:20:59.526754,2025-02-25 06:21:11.198355,11.671601
channel-6994,1324818,30308121,30308133,12,2025-02-25 06:21:20.532484,2025-02-25 06:21:36.287945,15.755461
channel-6994,1324819,30308127,30308137,10,2025-02-25 06:21:29.469181,2025-02-25 06:21:41.764315,12.295134
channel-0,4038797,30308129,30308138,9,2025-02-25 06:21:31.658961,2025-02-25 06:21:42.906627,11.247666
channel-750,683028,30308139,30308149,10,2025-02-25 06:21:44.080078,2025-02-25 06:21:56.614381,12.534303
channel-0,4038798,30308151,30308162,11,2025-02-25 06:22:00.419200,2025-02-25 06:22:13.193331,12.774131
channel-122,668062,30308152,30308156,4,2025-02-25 06:22:01.460445,2025-02-25 06:22:06.393864,4.933419
channel-85077,60306,30308154,30308163,9,2025-02-25 06:22:03.647843,2025-02-25 06:22:14.368760,10.720917
channel-0,4038799,30308165,30308175,10,2025-02-25 06:22:17.594532,2025-02-25 06:22:30.009253,12.414721
channel-2188,43705,30308166,30308171,5,2025-02-25 06:22:18.833533,2025-02-25 06:22:24.381470,5.547937
channel-750,683029,30308168,30308175,7,2025-02-25 06:22:21.008295,2025-02-25 06:22:30.009253,9.000958
channel-750,683030,30308172,30308182,10,2025-02-25 06:22:25.536792,2025-02-25 06:22:41.554957,16.018165
channel-6994,1324820,30308175,30308187,12,2025-02-25 06:22:30.009253,2025-02-25 06:22:48.787378,18.778125
channel-85077,60307,30308175,30308186,11,2025-02-25 06:22:30.009253,2025-02-25 06:22:47.096531,17.087278
channel-0,4038800,30308177,30308187,10,2025-02-25 06:22:35.852313,2025-02-25 06:22:48.787378,12.935065
channel-85077,60308,30308179,30308188,9,2025-02-25 06:22:38.052869,2025-02-25 06:22:50.038970,11.986101
channel-0,4038801,30308185,30308197,12,2025-02-25 06:22:45.873071,2025-02-25 06:23:00.567780,14.694709
channel-750,683031,30308186,30308199,13,2025-02-25 06:22:47.096531,2025-02-25 06:23:02.799856,15.703325
channel-2188,43706,30308192,30308196,4,2025-02-25 06:22:54.723077,2025-02-25 06:22:59.334316,4.611239
channel-75,845058,30308194,30308200,6,2025-02-25 06:22:56.910131,2025-02-25 06:23:04.891424,7.981293
channel-6994,1324821,30308197,30308209,12,2025-02-25 06:23:00.567780,2025-02-25 06:23:15.584494,15.016714
channel-750,683032,30308203,30308210,7,2025-02-25 06:23:08.078126,2025-02-25 06:23:16.725565,8.647439
channel-783,104264,30308221,30308230,9,2025-02-25 06:23:29.731450,2025-02-25 06:23:41.252208,11.520758
channel-229,55030,30308224,30308236,12,2025-02-25 06:23:34.295756,2025-02-25 06:23:48.341851,14.046095
channel-6994,1324822,30308227,30308238,11,2025-02-25 06:23:37.890838,2025-02-25 06:23:50.830962,12.940124
channel-208,1490300,30308229,30308239,10,2025-02-25 06:23:40.171779,2025-02-25 06:23:53.555441,13.383662
channel-19774,345988,30308229,30308237,8,2025-02-25 06:23:40.171779,2025-02-25 06:23:49.704426,9.532647
channel-2,130648,30308238,30308248,10,2025-02-25 06:23:50.830962,2025-02-25 06:24:07.037279,16.206317
channel-85077,60309,30308241,30308260,19,2025-02-25 06:23:56.832622,2025-02-25 06:24:22.813624,25.981002
channel-19774,345989,30308242,30308253,11,2025-02-25 06:23:58.932131,2025-02-25 06:24:13.594342,14.662211
channel-0,4038802,30308259,30308270,11,2025-02-25 06:24:21.697340,2025-02-25 06:24:35.160372,13.463032
channel-85077,60310,30308263,30308270,7,2025-02-25 06:24:26.185802,2025-02-25 06:24:35.160372,8.97457
channel-0,4038803,30308290,30308303,13,2025-02-25 06:25:01.834858,2025-02-25 06:25:16.954807,15.119949
channel-208,1490301,30308294,30308305,11,2025-02-25 06:25:06.586199,2025-02-25 06:25:19.193955,12.607756
channel-208,1490302,30308308,30308319,11,2025-02-25 06:25:23.370023,2025-02-25 06:25:37.507573,14.13755
channel-208,1490303,30308350,30308359,9,2025-02-25 06:26:16.859964,2025-02-25 06:26:27.713915,10.853951
channel-42,1490023,30308353,30308365,12,2025-02-25 06:26:20.269453,2025-02-25 06:26:34.698971,14.429518
channel-208,1490304,30308374,30308383,9,2025-02-25 06:26:46.142220,2025-02-25 06:26:57.378451,11.236231
channel-42,1490024,30308375,30308382,7,2025-02-25 06:26:47.234081,2025-02-25 06:26:56.237747,9.003666
channel-750,683033,30308377,30308381,4,2025-02-25 06:26:49.608319,2025-02-25 06:26:55.173984,5.565665
channel-6994,1324823,30308383,30308390,7,2025-02-25 06:26:57.378451,2025-02-25 06:27:09.504253,12.125802
channel-42,1490025,30308385,30308390,5,2025-02-25 06:26:59.843770,2025-02-25 06:27:09.504253,9.660483
channel-0,4038804,30308387,30308395,8,2025-02-25 06:27:02.605763,2025-02-25 06:27:16.047066,13.441303
channel-6994,1324824,30308395,30308445,50,2025-02-25 06:27:16.047066,2025-02-25 06:28:18.595533,62.548467
channel-750,683034,30308397,30308411,14,2025-02-25 06:27:18.418611,2025-02-25 06:27:36.311254,17.892643
channel-0,4038805,30308402,30308412,10,2025-02-25 06:27:24.585609,2025-02-25 06:27:37.469030,12.883421
channel-782,310205,30308403,30308410,7,2025-02-25 06:27:25.775254,2025-02-25 06:27:33.625452,7.850198
channel-122,668063,30308408,30308411,3,2025-02-25 06:27:31.253052,2025-02-25 06:27:36.311254,5.058202
channel-88,467130,30308416,30308429,13,2025-02-25 06:27:43.394170,2025-02-25 06:28:00.462480,17.06831
channel-259,314342,30308418,30308424,6,2025-02-25 06:27:46.776859,2025-02-25 06:27:54.202617,7.425758
channel-6994,1324825,30308425,30308445,20,2025-02-25 06:27:55.338842,2025-02-25 06:28:18.595533,23.256691
channel-6994,1324826,30308426,30308445,19,2025-02-25 06:27:56.571177,2025-02-25 06:28:18.595533,22.024356
channel-85077,60311,30308441,30308451,10,2025-02-25 06:28:14.160420,2025-02-25 06:28:25.338746,11.178326
channel-783,104265,30308445,30308454,9,2025-02-25 06:28:18.595533,2025-02-25 06:28:29.259148,10.663615
channel-1,408418,30308453,30308470,17,2025-02-25 06:28:28.011134,2025-02-25 06:28:51.390414,23.37928
channel-85077,60312,30308459,30308467,8,2025-02-25 06:28:36.400537,2025-02-25 06:28:46.551020,10.150483
channel-0,4038806,30308459,30308478,19,2025-02-25 06:28:36.400537,2025-02-25 06:29:00.625367,24.22483
channel-6994,1324827,30308460,30308500,40,2025-02-25 06:28:37.536751,2025-02-25 06:29:29.094198,51.557447
channel-0,4038807,30308461,30308472,11,2025-02-25 06:28:38.686882,2025-02-25 06:28:53.663792,14.97691
channel-750,683035,30308463,30308469,6,2025-02-25 06:28:41.814463,2025-02-25 06:28:50.206098,8.391635
channel-85077,60313,30308469,30308479,10,2025-02-25 06:28:50.206098,2025-02-25 06:29:01.954174,11.748076
channel-85077,60314,30308472,30308482,10,2025-02-25 06:28:53.663792,2025-02-25 06:29:05.397009,11.733217
channel-0,4038808,30308481,30308492,11,2025-02-25 06:29:04.268732,2025-02-25 06:29:17.435815,13.167083
channel-750,683036,30308481,30308495,14,2025-02-25 06:29:04.268732,2025-02-25 06:29:21.820948,17.552216
channel-750,683037,30308481,30308492,11,2025-02-25 06:29:04.268732,2025-02-25 06:29:17.435815,13.167083
channel-0,4038809,30308494,30308507,13,2025-02-25 06:29:20.645566,2025-02-25 06:29:38.378726,17.73316
channel-0,4038810,30308504,30308515,11,2025-02-25 06:29:35.032439,2025-02-25 06:29:49.711295,14.678856
channel-38946,124196,30308508,30308525,17,2025-02-25 06:29:39.477183,2025-02-25 06:30:04.276891,24.799708
channel-2,130649,30308511,30308521,10,2025-02-25 06:29:44.002667,2025-02-25 06:29:59.206582,15.203915
channel-783,104266,30308524,30308534,10,2025-02-25 06:30:02.491914,2025-02-25 06:30:15.729603,13.237689
channel-6994,1324828,30308549,30308591,42,2025-02-25 06:30:33.448835,2025-02-25 06:31:33.227409,59.778574
channel-89321,19456,30308554,30308560,6,2025-02-25 06:30:39.128866,2025-02-25 06:30:47.182569,8.053703
channel-216,94240,30308560,30308661,101,2025-02-25 06:30:47.182569,2025-02-25 06:33:00.091660,132.909091
channel-750,683038,30308577,30308588,11,2025-02-25 06:31:08.964902,2025-02-25 06:31:26.197827,17.232925
channel-85077,60315,30308579,30308588,9,2025-02-25 06:31:12.100594,2025-02-25 06:31:26.197827,14.097233
channel-874,293151,30308579,30308584,5,2025-02-25 06:31:12.100594,2025-02-25 06:31:21.486662,9.386068
channel-750,683039,30308580,30308594,14,2025-02-25 06:31:13.174292,2025-02-25 06:31:36.702261,23.527969
channel-2188,43707,30308582,30308587,5,2025-02-25 06:31:18.752231,2025-02-25 06:31:25.045644,6.293413
channel-874,293152,30308588,30308593,5,2025-02-25 06:31:26.197827,2025-02-25 06:31:35.558012,9.360185
channel-38946,124197,30308588,30308600,12,2025-02-25 06:31:26.197827,2025-02-25 06:31:44.911004,18.713177
channel-259,314343,30308591,30308597,6,2025-02-25 06:31:33.227409,2025-02-25 06:31:41.575733,8.348324
channel-143,128382,30308593,30308615,22,2025-02-25 06:31:35.558012,2025-02-25 06:32:03.196220,27.638208
channel-38946,124198,30308594,30308614,20,2025-02-25 06:31:36.702261,2025-02-25 06:32:02.060591,25.35833
channel-6994,1324829,30308595,30308608,13,2025-02-25 06:31:38.854324,2025-02-25 06:31:54.212731,15.358407
channel-2188,43708,30308596,30308601,5,2025-02-25 06:31:40.359498,2025-02-25 06:31:45.970725,5.611227
channel-85077,60316,30308597,30308605,8,2025-02-25 06:31:41.575733,2025-02-25 06:31:50.421969,8.846236
channel-85791,3770,30308598,30308604,6,2025-02-25 06:31:42.683036,2025-02-25 06:31:49.248911,6.565875
channel-783,104267,30308610,30308618,8,2025-02-25 06:31:57.631580,2025-02-25 06:32:07.156833,9.525253
channel-85077,60317,30308610,30308624,14,2025-02-25 06:31:57.631580,2025-02-25 06:32:14.583969,16.952389
channel-75,845059,30308610,30308619,9,2025-02-25 06:31:57.631580,2025-02-25 06:32:08.284313,10.652733
channel-750,683040,30308610,30308625,15,2025-02-25 06:31:57.631580,2025-02-25 06:32:15.697431,18.065851
channel-38946,124199,30308616,30308633,17,2025-02-25 06:32:04.348284,2025-02-25 06:32:24.960938,20.612654
channel-259,314344,30308619,30308626,7,2025-02-25 06:32:08.284313,2025-02-25 06:32:16.958655,8.674342
channel-750,683041,30308621,30308636,15,2025-02-25 06:32:11.025892,2025-02-25 06:32:28.523096,17.497204
channel-750,683042,30308622,30308636,14,2025-02-25 06:32:12.148589,2025-02-25 06:32:28.523096,16.374507
channel-0,4038811,30308628,30308654,26,2025-02-25 06:32:19.326954,2025-02-25 06:32:51.008706,31.681752
channel-750,683043,30308631,30308646,15,2025-02-25 06:32:22.773850,2025-02-25 06:32:41.162867,18.389017
channel-85077,60318,30308636,30308650,14,2025-02-25 06:32:28.523096,2025-02-25 06:32:45.938531,17.415435
channel-216,94241,30308636,30308706,70,2025-02-25 06:32:28.523096,2025-02-25 06:33:56.321027,87.797931
channel-38946,124200,30308638,30308651,13,2025-02-25 06:32:30.819025,2025-02-25 06:32:47.556694,16.737669
channel-6994,1324830,30308641,30308682,41,2025-02-25 06:32:34.180659,2025-02-25 06:33:27.156881,52.976222
channel-750,683044,30308652,30308663,11,2025-02-25 06:32:48.664869,2025-02-25 06:33:02.393430,13.728561
channel-6994,1324831,30308657,30308667,10,2025-02-25 06:32:55.450874,2025-02-25 06:33:08.437227,12.986353
channel-750,683045,30308664,30308668,4,2025-02-25 06:33:03.511261,2025-02-25 06:33:09.508941,5.99768
channel-750,683046,30308674,30308688,14,2025-02-25 06:33:17.366526,2025-02-25 06:33:34.256474,16.889948
channel-326,538070,30308680,30308686,6,2025-02-25 06:33:24.375956,2025-02-25 06:33:31.996207,7.620251
channel-0,4038812,30308689,30308698,9,2025-02-25 06:33:35.409133,2025-02-25 06:33:45.865495,10.456362
channel-750,683047,30308699,30308709,10,2025-02-25 06:33:47.000589,2025-02-25 06:34:00.778258,13.777669
channel-85077,60319,30308699,30308706,7,2025-02-25 06:33:47.000589,2025-02-25 06:33:56.321027,9.320438
channel-750,683048,30308701,30308712,11,2025-02-25 06:33:49.286227,2025-02-25 06:34:05.261405,15.975178
channel-6994,1324832,30308702,30308726,24,2025-02-25 06:33:50.461954,2025-02-25 06:34:22.221490,31.759536
channel-75,845060,30308703,30308710,7,2025-02-25 06:33:51.886964,2025-02-25 06:34:02.937417,11.050453
channel-38946,124201,30308703,30308717,14,2025-02-25 06:33:51.886964,2025-02-25 06:34:11.344232,19.457268
channel-6994,1324833,30308708,30308751,43,2025-02-25 06:33:59.689622,2025-02-25 06:34:53.305162,53.61554
channel-85077,60320,30308721,30308730,9,2025-02-25 06:34:16.490433,2025-02-25 06:34:28.988104,12.497671
channel-750,683049,30308727,30308750,23,2025-02-25 06:34:24.496457,2025-02-25 06:34:52.195574,27.699117
channel-750,683050,30308731,30308760,29,2025-02-25 06:34:30.313326,2025-02-25 06:35:07.687641,37.374315
channel-75,845061,30308733,30308749,16,2025-02-25 06:34:32.651737,2025-02-25 06:34:51.099680,18.447943
channel-6994,1324834,30308738,30308751,13,2025-02-25 06:34:38.406267,2025-02-25 06:34:53.305162,14.898895
channel-0,4038813,30308740,30308749,9,2025-02-25 06:34:40.554410,2025-02-25 06:34:51.099680,10.54527
channel-750,683051,30308756,30308760,4,2025-02-25 06:35:01.581218,2025-02-25 06:35:07.687641,6.106423
channel-6994,1324835,30308773,30308811,38,2025-02-25 06:35:23.805277,2025-02-25 06:36:15.125701,51.320424
channel-122,668064,30308774,30308777,3,2025-02-25 06:35:24.911801,2025-02-25 06:35:29.405976,4.494175
channel-6994,1324836,30308790,30308800,10,2025-02-25 06:35:46.147724,2025-02-25 06:35:57.417788,11.270064
channel-874,293153,30308797,30308803,6,2025-02-25 06:35:54.126174,2025-02-25 06:36:02.052671,7.926497
channel-6994,1324837,30308800,30308807,7,2025-02-25 06:35:57.417788,2025-02-25 06:36:09.809472,12.391684
channel-85077,60321,30308801,30308809,8,2025-02-25 06:35:58.613069,2025-02-25 06:36:12.799660,14.186591
channel-199,132744,30308803,30308808,5,2025-02-25 06:36:02.052671,2025-02-25 06:36:11.025091,8.97242
channel-122,668065,30308804,30308808,4,2025-02-25 06:36:03.153498,2025-02-25 06:36:11.025091,7.871593
channel-750,683052,30308805,30308821,16,2025-02-25 06:36:04.167493,2025-02-25 06:36:28.508789,24.341296
channel-750,683053,30308808,30308812,4,2025-02-25 06:36:11.025091,2025-02-25 06:36:16.294891,5.2698
channel-216,94242,30308808,30308933,125,2025-02-25 06:36:11.025091,2025-02-25 06:38:52.572000,161.546909
channel-874,293154,30308818,30308840,22,2025-02-25 06:36:24.592385,2025-02-25 06:36:51.082896,26.490511
channel-750,683054,30308824,30308846,22,2025-02-25 06:36:31.998034,2025-02-25 06:37:01.573822,29.575788
channel-6994,1324838,30308831,30308872,41,2025-02-25 06:36:40.000823,2025-02-25 06:37:33.335868,53.335045
channel-0,4038814,30308843,30308852,9,2025-02-25 06:36:57.677496,2025-02-25 06:37:10.064052,12.386556
channel-0,4038815,30308843,30308852,9,2025-02-25 06:36:57.677496,2025-02-25 06:37:10.064052,12.386556
channel-750,683055,30308843,30308858,15,2025-02-25 06:36:57.677496,2025-02-25 06:37:17.032330,19.354834
channel-89321,19457,30308852,30308878,26,2025-02-25 06:37:10.064052,2025-02-25 06:37:41.464002,31.39995
channel-208,1490305,30308853,30308865,12,2025-02-25 06:37:11.302023,2025-02-25 06:37:25.224881,13.922858
channel-85077,60322,30308854,30308866,12,2025-02-25 06:37:12.368363,2025-02-25 06:37:26.379629,14.011266
channel-750,683056,30308857,30308869,12,2025-02-25 06:37:15.964800,2025-02-25 06:37:29.813416,13.848616
channel-0,4038816,30308860,30308873,13,2025-02-25 06:37:19.523120,2025-02-25 06:37:34.499673,14.976553
channel-85077,60323,30308862,30308879,17,2025-02-25 06:37:21.760982,2025-02-25 06:37:42.525875,20.764893
channel-259,314345,30308865,30308869,4,2025-02-25 06:37:25.224881,2025-02-25 06:37:29.813416,4.588535
channel-85077,60324,30308870,30308879,9,2025-02-25 06:37:30.956470,2025-02-25 06:37:42.525875,11.569405
channel-6994,1324839,30308877,30308888,11,2025-02-25 06:37:40.118335,2025-02-25 06:37:54.367480,14.249145
channel-2188,43709,30308880,30308886,6,2025-02-25 06:37:44.235433,2025-02-25 06:37:51.129367,6.893934
channel-0,4038817,30308897,30308907,10,2025-02-25 06:38:06.946314,2025-02-25 06:38:19.471016,12.524702
channel-6994,1324840,30308898,30308950,52,2025-02-25 06:38:08.115704,2025-02-25 06:39:15.315737,67.200033
channel-208,1490306,30308899,30308910,11,2025-02-25 06:38:09.237430,2025-02-25 06:38:23.004355,13.766925
channel-85077,60325,30308901,30308913,12,2025-02-25 06:38:12.795465,2025-02-25 06:38:26.336642,13.541177
channel-6994,1324841,30308903,30308959,56,2025-02-25 06:38:14.913132,2025-02-25 06:39:26.592877,71.679745
channel-122,668066,30308915,30308920,5,2025-02-25 06:38:29.411756,2025-02-25 06:38:35.171294,5.759538
channel-8,43460,30308919,30308946,27,2025-02-25 06:38:34.018505,2025-02-25 06:39:10.631985,36.61348
channel-0,4038818,30308920,30308930,10,2025-02-25 06:38:35.171294,2025-02-25 06:38:47.517444,12.34615
channel-0,4038819,30308930,30308941,11,2025-02-25 06:38:47.517444,2025-02-25 06:39:01.812297,14.294853
channel-750,683057,30308934,30308947,13,2025-02-25 06:38:53.675118,2025-02-25 06:39:11.930120,18.255002
channel-1,408419,30308943,30308969,26,2025-02-25 06:39:04.107048,2025-02-25 06:39:38.150295,34.043247
channel-199,132745,30308946,30308964,18,2025-02-25 06:39:10.631985,2025-02-25 06:39:32.403650,21.771665
channel-143,128383,30308953,30308967,14,2025-02-25 06:39:19.775619,2025-02-25 06:39:35.850444,16.074825
channel-208,1490307,30308957,30308970,13,2025-02-25 06:39:24.289064,2025-02-25 06:39:39.381433,15.092369
channel-199,132746,30308998,30309007,9,2025-02-25 06:40:14.294988,2025-02-25 06:40:28.008448,13.71346
channel-85077,60326,30309002,30309022,20,2025-02-25 06:40:18.921172,2025-02-25 06:40:48.858994,29.937822
channel-750,683058,30309011,30309021,10,2025-02-25 06:40:33.494587,2025-02-25 06:40:47.824007,14.32942
channel-750,683059,30309012,30309027,15,2025-02-25 06:40:34.635562,2025-02-25 06:40:54.293158,19.657596
channel-0,4038820,30309023,30309035,12,2025-02-25 06:40:49.909981,2025-02-25 06:41:04.533878,14.623897
channel-85077,60327,30309035,30309047,12,2025-02-25 06:41:04.533878,2025-02-25 06:41:20.441739,15.907861
channel-85077,60328,30309036,30309047,11,2025-02-25 06:41:06.750366,2025-02-25 06:41:20.441739,13.691373
channel-229,55031,30309036,30309045,9,2025-02-25 06:41:06.750366,2025-02-25 06:41:18.195033,11.444667
channel-6994,1324842,30309037,30309062,25,2025-02-25 06:41:07.885791,2025-02-25 06:41:39.826420,31.940629
channel-783,104268,30309038,30309048,10,2025-02-25 06:41:09.019004,2025-02-25 06:41:22.068613,13.049609
channel-750,683060,30309040,30309053,13,2025-02-25 06:41:11.183685,2025-02-25 06:41:27.698283,16.514598
channel-199,132747,30309041,30309052,11,2025-02-25 06:41:12.338319,2025-02-25 06:41:26.608047,14.269728
channel-326,538071,30309045,30309054,9,2025-02-25 06:41:18.195033,2025-02-25 06:41:29.950334,11.755301
channel-0,4038821,30309059,30309071,12,2025-02-25 06:41:35.850791,2025-02-25 06:41:50.183669,14.332878
channel-19774,345990,30309071,30309085,14,2025-02-25 06:41:50.183669,2025-02-25 06:42:07.919514,17.735845
channel-85791,3771,30309077,30309091,14,2025-02-25 06:41:58.373707,2025-02-25 06:42:14.792735,16.419028
channel-750,683061,30309087,30309104,17,2025-02-25 06:42:10.150594,2025-02-25 06:42:36.330871,26.180277
channel-750,683062,30309097,30309102,5,2025-02-25 06:42:22.801531,2025-02-25 06:42:33.958878,11.157347
channel-85077,60329,30309099,30309107,8,2025-02-25 06:42:25.356779,2025-02-25 06:42:39.755502,14.398723
channel-2188,43710,30309099,30309105,6,2025-02-25 06:42:25.356779,2025-02-25 06:42:37.535198,12.178419
channel-2494,31946,30309104,30309114,10,2025-02-25 06:42:36.330871,2025-02-25 06:42:48.374627,12.043756
channel-85077,60330,30309118,30309125,7,2025-02-25 06:42:53.206064,2025-02-25 06:43:01.054374,7.84831
channel-2188,43711,30309120,30309125,5,2025-02-25 06:42:55.498462,2025-02-25 06:43:01.054374,5.555912
channel-1,408420,30309120,30309132,12,2025-02-25 06:42:55.498462,2025-02-25 06:43:09.159035,13.660573
channel-2494,31947,30309137,30309146,9,2025-02-25 06:43:14.893235,2025-02-25 06:43:28.796967,13.903732
channel-750,683063,30309145,30309155,10,2025-02-25 06:43:27.064206,2025-02-25 06:43:39.086657,12.022451
channel-5,184299,30309148,30309157,9,2025-02-25 06:43:31.026894,2025-02-25 06:43:41.445752,10.418858
channel-85077,60331,30309152,30309170,18,2025-02-25 06:43:35.592413,2025-02-25 06:43:56.513870,20.921457
channel-750,683064,30309166,30309177,11,2025-02-25 06:43:51.865139,2025-02-25 06:44:05.741696,13.876557
channel-1,408421,30309171,30309207,36,2025-02-25 06:43:57.714029,2025-02-25 06:44:45.352486,47.638457
channel-0,4038822,30309174,30309191,17,2025-02-25 06:44:01.369591,2025-02-25 06:44:24.769275,23.399684
channel-750,683065,30309178,30309183,5,2025-02-25 06:44:07.345688,2025-02-25 06:44:13.328262,5.982574
channel-85077,60332,30309181,30309191,10,2025-02-25 06:44:10.785996,2025-02-25 06:44:24.769275,13.983279
channel-6994,1324843,30309181,30309190,9,2025-02-25 06:44:10.785996,2025-02-25 06:44:23.715927,12.929931
channel-750,683066,30309187,30309197,10,2025-02-25 06:44:18.967685,2025-02-25 06:44:32.977996,14.010311
channel-750,683067,30309196,30309212,16,2025-02-25 06:44:31.878882,2025-02-25 06:44:52.556960,20.678078
channel-750,683068,30309196,30309210,14,2025-02-25 06:44:31.878882,2025-02-25 06:44:49.727937,17.849055
channel-2188,43712,30309199,30309204,5,2025-02-25 06:44:35.343443,2025-02-25 06:44:40.781999,5.438556
channel-85077,60333,30309202,30309210,8,2025-02-25 06:44:38.463499,2025-02-25 06:44:49.727937,11.264438
channel-122,668067,30309206,30309209,3,2025-02-25 06:44:44.103376,2025-02-25 06:44:47.590131,3.486755
channel-750,683069,30309210,30309231,21,2025-02-25 06:44:49.727937,2025-02-25 06:45:17.416460,27.688523
channel-21113,25336,30309211,30309221,10,2025-02-25 06:44:50.895533,2025-02-25 06:45:02.901114,12.005581
channel-85077,60334,30309222,30309231,9,2025-02-25 06:45:07.257579,2025-02-25 06:45:17.416460,10.158881
channel-750,683070,30309227,30309235,8,2025-02-25 06:45:12.745657,2025-02-25 06:45:23.328413,10.582756
channel-122,668068,30309232,30309236,4,2025-02-25 06:45:18.537502,2025-02-25 06:45:24.472633,5.935131
channel-6787,166717,30309233,30309237,4,2025-02-25 06:45:20.877801,2025-02-25 06:45:26.822976,5.945175
channel-0,4038823,30309234,30309242,8,2025-02-25 06:45:22.186323,2025-02-25 06:45:35.088693,12.90237
channel-85077,60335,30309239,30309248,9,2025-02-25 06:45:29.274880,2025-02-25 06:45:43.529592,14.254712
channel-122,668069,30309241,30309244,3,2025-02-25 06:45:32.501819,2025-02-25 06:45:38.089678,5.587859
channel-750,683071,30309249,30309260,11,2025-02-25 06:45:44.650930,2025-02-25 06:45:57.788940,13.13801
channel-122,668070,30309251,30309255,4,2025-02-25 06:45:47.093017,2025-02-25 06:45:52.003496,4.910479
channel-85077,60336,30309257,30309268,11,2025-02-25 06:45:54.380484,2025-02-25 06:46:07.228414,12.84793
channel-165,71450,30309268,30309279,11,2025-02-25 06:46:07.228414,2025-02-25 06:46:21.243989,14.015575
channel-75,845062,30309270,30309278,8,2025-02-25 06:46:10.434738,2025-02-25 06:46:20.151863,9.717125
channel-98451,44,30309270,30309283,13,2025-02-25 06:46:10.434738,2025-02-25 06:46:27.181280,16.746542
channel-6994,1324844,30309272,30309284,12,2025-02-25 06:46:12.722306,2025-02-25 06:46:28.329999,15.607693
channel-750,683072,30309272,30309284,12,2025-02-25 06:46:12.722306,2025-02-25 06:46:28.329999,15.607693
channel-85077,60337,30309274,30309288,14,2025-02-25 06:46:15.073440,2025-02-25 06:46:34.348640,19.2752
channel-0,4038824,30309277,30309295,18,2025-02-25 06:46:18.512581,2025-02-25 06:46:43.282352,24.769771
channel-122,668071,30309286,30309291,5,2025-02-25 06:46:31.901498,2025-02-25 06:46:38.004239,6.102741
channel-6994,1324845,30309291,30309301,10,2025-02-25 06:46:38.004239,2025-02-25 06:46:49.998733,11.994494
channel-0,4038825,30309294,30309304,10,2025-02-25 06:46:42.043668,2025-02-25 06:46:53.487682,11.444014
channel-0,4038826,30309301,30309314,13,2025-02-25 06:46:49.998733,2025-02-25 06:47:05.456910,15.458177
channel-2188,43713,30309303,30309308,5,2025-02-25 06:46:52.271595,2025-02-25 06:46:57.913023,5.641428
channel-0,4038827,30309314,30309325,11,2025-02-25 06:47:05.456910,2025-02-25 06:47:19.784823,14.327913
channel-750,683073,30309325,30309337,12,2025-02-25 06:47:19.784823,2025-02-25 06:47:37.142973,17.35815
channel-85077,60338,30309325,30309333,8,2025-02-25 06:47:19.784823,2025-02-25 06:47:30.995935,11.211112
channel-122,668072,30309329,30309332,3,2025-02-25 06:47:25.220389,2025-02-25 06:47:29.836795,4.616406
channel-874,293155,30309329,30309334,5,2025-02-25 06:47:25.220389,2025-02-25 06:47:32.359106,7.138717
channel-750,683074,30309330,30309341,11,2025-02-25 06:47:26.349089,2025-02-25 06:47:42.044383,15.695294
channel-6994,1324846,30309330,30309341,11,2025-02-25 06:47:26.349089,2025-02-25 06:47:42.044383,15.695294
channel-85077,60339,30309348,30309358,10,2025-02-25 06:47:49.987321,2025-02-25 06:48:03.223830,13.236509
channel-6994,1324847,30309350,30309362,12,2025-02-25 06:47:52.439640,2025-02-25 06:48:07.831243,15.391603
channel-122,668073,30309357,30309363,6,2025-02-25 06:48:02.103939,2025-02-25 06:48:08.994031,6.890092
channel-0,4038828,30309358,30309378,20,2025-02-25 06:48:03.223830,2025-02-25 06:48:28.057946,24.834116
channel-85077,60340,30309363,30309375,12,2025-02-25 06:48:08.994031,2025-02-25 06:48:24.118585,15.124554
channel-89321,19458,30309363,30309375,12,2025-02-25 06:48:08.994031,2025-02-25 06:48:24.118585,15.124554
channel-85077,60341,30309365,30309375,10,2025-02-25 06:48:12.820423,2025-02-25 06:48:24.118585,11.298162
channel-750,683075,30309366,30309371,5,2025-02-25 06:48:13.875161,2025-02-25 06:48:19.589581,5.71442
channel-750,683076,30309372,30309378,6,2025-02-25 06:48:20.752392,2025-02-25 06:48:28.057946,7.305554
channel-85077,60342,30309374,30309382,8,2025-02-25 06:48:22.968985,2025-02-25 06:48:35.768089,12.799104
channel-85077,60343,30309378,30309387,9,2025-02-25 06:48:28.057946,2025-02-25 06:48:41.555767,13.497821
channel-750,683077,30309381,30309392,11,2025-02-25 06:48:31.327042,2025-02-25 06:48:48.180705,16.853663
channel-750,683078,30309383,30309392,9,2025-02-25 06:48:37.016650,2025-02-25 06:48:48.180705,11.164055
channel-122,668074,30309383,30309388,5,2025-02-25 06:48:37.016650,2025-02-25 06:48:42.720477,5.703827
channel-2188,43714,30309387,30309391,4,2025-02-25 06:48:41.555767,2025-02-25 06:48:47.009731,5.453964
channel-750,683079,30309387,30309402,15,2025-02-25 06:48:41.555767,2025-02-25 06:48:59.742580,18.186813
channel-750,683080,30309397,30309406,9,2025-02-25 06:48:53.952937,2025-02-25 06:49:05.338301,11.385364
channel-0,4038829,30309401,30309407,6,2025-02-25 06:48:58.532185,2025-02-25 06:49:06.465659,7.933474
channel-85077,60344,30309404,30309412,8,2025-02-25 06:49:02.045394,2025-02-25 06:49:12.944390,10.898996
channel-750,683081,30309411,30309422,11,2025-02-25 06:49:11.367276,2025-02-25 06:49:24.094763,12.727487
channel-6994,1324848,30309416,30309425,9,2025-02-25 06:49:17.371870,2025-02-25 06:49:30.827314,13.455444
channel-85077,60345,30309416,30309425,9,2025-02-25 06:49:17.371870,2025-02-25 06:49:30.827314,13.455444
channel-750,683082,30309416,30309427,11,2025-02-25 06:49:17.371870,2025-02-25 06:49:34.241230,16.86936
channel-85077,60346,30309420,30309427,7,2025-02-25 06:49:21.913106,2025-02-25 06:49:34.241230,12.328124
channel-6994,1324849,30309420,30309429,9,2025-02-25 06:49:21.913106,2025-02-25 06:49:36.499365,14.586259
channel-326,538072,30309424,30309430,6,2025-02-25 06:49:26.410373,2025-02-25 06:49:37.634814,11.224441
channel-4,166975,30309426,30309464,38,2025-02-25 06:49:32.985064,2025-02-25 06:50:24.533951,51.548887
channel-750,683083,30309431,30309449,18,2025-02-25 06:49:39.963755,2025-02-25 06:50:00.816681,20.852926
channel-750,683084,30309435,30309446,11,2025-02-25 06:49:44.504129,2025-02-25 06:49:57.325333,12.821204
channel-2494,31948,30309437,30309449,12,2025-02-25 06:49:46.693986,2025-02-25 06:50:00.816681,14.122695
channel-750,683085,30309440,30309449,9,2025-02-25 06:49:50.011471,2025-02-25 06:50:00.816681,10.80521
channel-6994,1324850,30309441,30309456,15,2025-02-25 06:49:51.637292,2025-02-25 06:50:14.098532,22.46124
channel-89298,18684,30309446,30309452,6,2025-02-25 06:49:57.325333,2025-02-25 06:50:08.499606,11.174273
channel-0,4038830,30309446,30309454,8,2025-02-25 06:49:57.325333,2025-02-25 06:50:10.820703,13.49537
channel-6994,1324851,30309450,30309460,10,2025-02-25 06:50:06.145597,2025-02-25 06:50:18.808712,12.663115
channel-2716,2666,30309452,30309503,51,2025-02-25 06:50:08.499606,2025-02-25 06:51:11.740168,63.240562
channel-2188,43715,30309460,30309465,5,2025-02-25 06:50:18.808712,2025-02-25 06:50:25.839044,7.030332
channel-0,4038831,30309463,30309470,7,2025-02-25 06:50:23.162558,2025-02-25 06:50:31.599656,8.437098
channel-85077,60347,30309468,30309477,9,2025-02-25 06:50:29.290749,2025-02-25 06:50:40.227447,10.936698
channel-75,845063,30309471,30309477,6,2025-02-25 06:50:32.787879,2025-02-25 06:50:40.227447,7.439568
channel-750,683086,30309476,30309488,12,2025-02-25 06:50:39.040864,2025-02-25 06:50:53.927926,14.887062
channel-326,538073,30309482,30309508,26,2025-02-25 06:50:47.155484,2025-02-25 06:51:19.087474,31.93199
channel-2188,43716,30309487,30309497,10,2025-02-25 06:50:52.738890,2025-02-25 06:51:05.023505,12.284615
channel-85077,60348,30309487,30309498,11,2025-02-25 06:50:52.738890,2025-02-25 06:51:06.028625,13.289735
channel-750,683087,30309492,30309505,13,2025-02-25 06:50:59.173962,2025-02-25 06:51:15.171282,15.99732
channel-750,683088,30309508,30309524,16,2025-02-25 06:51:19.087474,2025-02-25 06:51:38.591958,19.504484
channel-6994,1324852,30309517,30309527,10,2025-02-25 06:51:30.586974,2025-02-25 06:51:43.068089,12.481115
channel-750,683089,30309531,30309548,17,2025-02-25 06:51:47.566873,2025-02-25 06:52:10.399206,22.832333
channel-874,293156,30309532,30309538,6,2025-02-25 06:51:48.660568,2025-02-25 06:51:56.598305,7.937737
channel-750,683090,30309539,30309554,15,2025-02-25 06:51:59.359196,2025-02-25 06:52:17.219003,17.859807
channel-85077,60349,30309541,30309559,18,2025-02-25 06:52:02.232808,2025-02-25 06:52:22.877916,20.645108
channel-85077,60350,30309545,30309559,14,2025-02-25 06:52:06.573275,2025-02-25 06:52:22.877916,16.304641
channel-85077,60351,30309546,30309559,13,2025-02-25 06:52:07.981975,2025-02-25 06:52:22.877916,14.895941
channel-750,683091,30309548,30309553,5,2025-02-25 06:52:10.399206,2025-02-25 06:52:16.111535,5.712329
channel-6994,1324853,30309548,30309562,14,2025-02-25 06:52:10.399206,2025-02-25 06:52:26.308362,15.909156
channel-750,683092,30309560,30309572,12,2025-02-25 06:52:24.029150,2025-02-25 06:52:38.701906,14.672756
channel-2716,2667,30309572,30309605,33,2025-02-25 06:52:38.701906,2025-02-25 06:53:22.083871,43.381965
channel-750,683093,30309572,30309581,9,2025-02-25 06:52:38.701906,2025-02-25 06:52:53.206219,14.504313
channel-75,845064,30309575,30309582,7,2025-02-25 06:52:43.973918,2025-02-25 06:52:54.301831,10.327913
channel-199,132748,30309582,30309593,11,2025-02-25 06:52:54.301831,2025-02-25 06:53:08.291953,13.990122
channel-750,683094,30309584,30309595,11,2025-02-25 06:52:56.833918,2025-02-25 06:53:10.586194,13.752276
channel-85077,60352,30309595,30309607,12,2025-02-25 06:53:10.586194,2025-02-25 06:53:24.782141,14.195947
channel-750,683095,30309595,30309600,5,2025-02-25 06:53:10.586194,2025-02-25 06:53:16.221179,5.634985
channel-6994,1324854,30309597,30309610,13,2025-02-25 06:53:12.834241,2025-02-25 06:53:28.245010,15.410769
channel-750,683096,30309601,30309616,15,2025-02-25 06:53:17.409762,2025-02-25 06:53:36.283152,18.87339
channel-750,683097,30309611,30309624,13,2025-02-25 06:53:29.342698,2025-02-25 06:53:46.452167,17.109469
channel-750,683098,30309614,30309627,13,2025-02-25 06:53:33.707111,2025-02-25 06:53:51.529896,17.822785
channel-750,683099,30309622,30309633,11,2025-02-25 06:53:43.109943,2025-02-25 06:53:58.157882,15.047939
channel-750,683100,30309627,30309639,12,2025-02-25 06:53:51.529896,2025-02-25 06:54:08.091822,16.561926
channel-88,467131,30309630,30309645,15,2025-02-25 06:53:54.871630,2025-02-25 06:54:18.489914,23.618284
channel-750,683101,30309633,30309639,6,2025-02-25 06:53:58.157882,2025-02-25 06:54:08.091822,9.93394
channel-85077,60353,30309636,30309644,8,2025-02-25 06:54:04.613809,2025-02-25 06:54:17.317474,12.703665
channel-85077,60354,30309636,30309644,8,2025-02-25 06:54:04.613809,2025-02-25 06:54:17.317474,12.703665
channel-750,683102,30309638,30309652,14,2025-02-25 06:54:06.771099,2025-02-25 06:54:26.573403,19.802304
channel-85077,60355,30309638,30309650,12,2025-02-25 06:54:06.771099,2025-02-25 06:54:24.174270,17.403171
channel-6994,1324855,30309639,30309648,9,2025-02-25 06:54:08.091822,2025-02-25 06:54:21.799129,13.707307
channel-75,845065,30309642,30309649,7,2025-02-25 06:54:13.081169,2025-02-25 06:54:23.060878,9.979709
channel-750,683103,30309643,30309655,12,2025-02-25 06:54:15.224660,2025-02-25 06:54:31.218608,15.993948
channel-5,184300,30309643,30309653,10,2025-02-25 06:54:15.224660,2025-02-25 06:54:27.818618,12.593958
channel-750,683104,30309644,30309657,13,2025-02-25 06:54:17.317474,2025-02-25 06:54:33.694251,16.376777
channel-750,683105,30309650,30309663,13,2025-02-25 06:54:24.174270,2025-02-25 06:54:40.494625,16.320355
channel-75,845066,30309651,30309657,6,2025-02-25 06:54:25.385148,2025-02-25 06:54:33.694251,8.309103
channel-85077,60356,30309651,30309661,10,2025-02-25 06:54:25.385148,2025-02-25 06:54:38.226332,12.841184
channel-750,683106,30309660,30309677,17,2025-02-25 06:54:37.159883,2025-02-25 06:54:59.662366,22.502483
channel-85077,60357,30309671,30309683,12,2025-02-25 06:54:51.863004,2025-02-25 06:55:06.472563,14.609559
channel-6994,1324856,30309671,30309681,10,2025-02-25 06:54:51.863004,2025-02-25 06:55:04.064523,12.201519
channel-89321,19459,30309676,30309687,11,2025-02-25 06:54:58.509202,2025-02-25 06:55:11.400407,12.891205
channel-85077,60358,30309680,30309692,12,2025-02-25 06:55:02.996619,2025-02-25 06:55:17.211545,14.214926
channel-750,683107,30309681,30309695,14,2025-02-25 06:55:04.064523,2025-02-25 06:55:20.410826,16.346303
channel-85077,60359,30309681,30309702,21,2025-02-25 06:55:04.064523,2025-02-25 06:55:28.304061,24.239538
channel-89321,19460,30309691,30309700,9,2025-02-25 06:55:16.059982,2025-02-25 06:55:26.113320,10.053338
channel-85077,60360,30309691,30309709,18,2025-02-25 06:55:16.059982,2025-02-25 06:55:37.812964,21.752982
channel-750,683108,30309694,30309699,5,2025-02-25 06:55:19.295649,2025-02-25 06:55:24.925850,5.630201
channel-85077,60361,30309695,30309709,14,2025-02-25 06:55:20.410826,2025-02-25 06:55:37.812964,17.402138
channel-85077,60362,30309702,30309720,18,2025-02-25 06:55:28.304061,2025-02-25 06:55:52.009003,23.704942
channel-750,683109,30309712,30309716,4,2025-02-25 06:55:41.403643,2025-02-25 06:55:47.557917,6.154274
channel-89321,19461,30309714,30309721,7,2025-02-25 06:55:45.186913,2025-02-25 06:55:54.308568,9.121655
channel-42,1490026,30309719,30309726,7,2025-02-25 06:55:50.873648,2025-02-25 06:55:59.802575,8.928927
channel-750,683110,30309721,30309735,14,2025-02-25 06:55:54.308568,2025-02-25 06:56:10.056141,15.747573
channel-750,683111,30309725,30309730,5,2025-02-25 06:55:58.674548,2025-02-25 06:56:04.362479,5.687931
channel-204,670812,30309728,30309738,10,2025-02-25 06:56:02.082203,2025-02-25 06:56:13.859014,11.776811
channel-0,4038832,30309733,30309758,25,2025-02-25 06:56:07.640992,2025-02-25 06:56:39.822638,32.181646
channel-6994,1324857,30309736,30309748,12,2025-02-25 06:56:11.307479,2025-02-25 06:56:28.350239,17.04276
channel-750,683112,30309742,30309751,9,2025-02-25 06:56:20.278325,2025-02-25 06:56:31.754670,11.476345
channel-208,1490308,30309752,30309763,11,2025-02-25 06:56:32.983284,2025-02-25 06:56:45.706067,12.722783
channel-1,408422,30309753,30309781,28,2025-02-25 06:56:34.244190,2025-02-25 06:57:10.067155,35.822965
channel-199,132749,30309756,30309770,14,2025-02-25 06:56:37.665110,2025-02-25 06:56:56.731199,19.066089
channel-750,683113,30309758,30309766,8,2025-02-25 06:56:39.822638,2025-02-25 06:56:49.312892,9.490254
channel-113,301337,30309762,30309803,41,2025-02-25 06:56:44.432788,2025-02-25 06:57:39.661247,55.228459
channel-204,670813,30309769,30309777,8,2025-02-25 06:56:54.491856,2025-02-25 06:57:05.378297,10.886441
channel-750,683114,30309784,30309796,12,2025-02-25 06:57:14.361820,2025-02-25 06:57:29.494261,15.132441
channel-19774,345991,30309784,30309796,12,2025-02-25 06:57:14.361820,2025-02-25 06:57:29.494261,15.132441
channel-0,4038833,30309787,30309804,17,2025-02-25 06:57:17.832071,2025-02-25 06:57:40.746108,22.914037
channel-204,670814,30309787,30309795,8,2025-02-25 06:57:17.832071,2025-02-25 06:57:28.387420,10.555349
channel-85077,60363,30309797,30309807,10,2025-02-25 06:57:30.693025,2025-02-25 06:57:44.548815,13.85579
channel-0,4038834,30309797,30309809,12,2025-02-25 06:57:30.693025,2025-02-25 06:57:46.802437,16.109412
channel-750,683115,30309809,30309822,13,2025-02-25 06:57:46.802437,2025-02-25 06:58:03.409871,16.607434
channel-0,4038835,30309809,30309819,10,2025-02-25 06:57:46.802437,2025-02-25 06:57:59.485144,12.682707
channel-2188,43717,30309813,30309816,3,2025-02-25 06:57:51.485654,2025-02-25 06:57:56.043561,4.557907
channel-0,4038836,30309817,30309829,12,2025-02-25 06:57:57.200763,2025-02-25 06:58:11.378100,14.177337
channel-6994,1324858,30309819,30309831,12,2025-02-25 06:57:59.485144,2025-02-25 06:58:13.677715,14.192571
channel-85077,60364,30309831,30309842,11,2025-02-25 06:58:13.677715,2025-02-25 06:58:27.535606,13.857891
channel-6994,1324859,30309832,30309844,12,2025-02-25 06:58:14.792728,2025-02-25 06:58:29.629084,14.836356
channel-0,4038837,30309833,30309844,11,2025-02-25 06:58:15.968725,2025-02-25 06:58:29.629084,13.660359
channel-85077,60365,30309836,30309845,9,2025-02-25 06:58:20.307146,2025-02-25 06:58:30.970565,10.663419
channel-122,668075,30309838,30309841,3,2025-02-25 06:58:22.686453,2025-02-25 06:58:26.465722,3.779269
channel-874,293157,30309841,30309847,6,2025-02-25 06:58:26.465722,2025-02-25 06:58:33.215125,6.749403
channel-0,4038838,30309848,30309859,11,2025-02-25 06:58:34.512370,2025-02-25 06:58:51.529477,17.017107
channel-6994,1324860,30309851,30309890,39,2025-02-25 06:58:41.558919,2025-02-25 06:59:33.019769,51.46085
channel-19774,345992,30309854,30309879,25,2025-02-25 06:58:45.003842,2025-02-25 06:59:19.071965,34.068123
channel-204,670815,30309855,30309862,7,2025-02-25 06:58:46.025484,2025-02-25 06:58:54.858584,8.8331
channel-85077,60366,30309856,30309864,8,2025-02-25 06:58:47.212697,2025-02-25 06:58:58.298704,11.086007
channel-6994,1324861,30309860,30309871,11,2025-02-25 06:58:52.683557,2025-02-25 06:59:08.868108,16.184551
channel-6994,1324862,30309861,30309886,25,2025-02-25 06:58:53.788800,2025-02-25 06:59:28.544201,34.755401
channel-750,683116,30309861,30309868,7,2025-02-25 06:58:53.788800,2025-02-25 06:59:04.186025,10.397225
channel-85077,60367,30309861,30309874,13,2025-02-25 06:58:53.788800,2025-02-25 06:59:12.996418,19.207618
channel-8945,17750,30309862,30309870,8,2025-02-25 06:58:54.858584,2025-02-25 06:59:07.678245,12.819661
channel-85077,60368,30309865,30309874,9,2025-02-25 06:58:59.449845,2025-02-25 06:59:12.996418,13.546573
channel-85077,60369,30309869,30309880,11,2025-02-25 06:59:06.359213,2025-02-25 06:59:20.203232,13.844019
channel-6994,1324863,30309873,30309886,13,2025-02-25 06:59:11.940148,2025-02-25 06:59:28.544201,16.604053
channel-412,64596,30309875,30309884,9,2025-02-25 06:59:14.292940,2025-02-25 06:59:24.593712,10.300772
channel-85077,60370,30309875,30309885,10,2025-02-25 06:59:14.292940,2025-02-25 06:59:25.743707,11.450767
channel-750,683117,30309878,30309884,6,2025-02-25 06:59:17.967469,2025-02-25 06:59:24.593712,6.626243
channel-85077,60371,30309879,30309888,9,2025-02-25 06:59:19.071965,2025-02-25 06:59:30.807518,11.735553
channel-0,4038839,30309885,30309906,21,2025-02-25 06:59:25.743707,2025-02-25 06:59:53.556496,27.812789
channel-874,293158,30309887,30309894,7,2025-02-25 06:59:29.620172,2025-02-25 06:59:37.706972,8.0868
channel-199,132750,30309887,30309896,9,2025-02-25 06:59:29.620172,2025-02-25 06:59:40.920840,11.300668
channel-6994,1324864,30309890,30309912,22,2025-02-25 06:59:33.019769,2025-02-25 07:00:00.558928,27.539159
channel-204,670816,30309891,30309899,8,2025-02-25 06:59:34.274410,2025-02-25 06:59:45.217719,10.943309
channel-89321,19462,30309892,30309922,30,2025-02-25 06:59:35.472662,2025-02-25 07:00:13.476710,38.004048
channel-0,4038840,30309893,30309922,29,2025-02-25 06:59:36.501268,2025-02-25 07:00:13.476710,36.975442
channel-6994,1324865,30309894,30309923,29,2025-02-25 06:59:37.706972,2025-02-25 07:00:14.605722,36.89875
channel-750,683118,30309894,30309913,19,2025-02-25 06:59:37.706972,2025-02-25 07:00:01.751797,24.044825
channel-320,119207,30309907,30309918,11,2025-02-25 06:59:54.751681,2025-02-25 07:00:08.746119,13.994438
channel-750,683119,30309912,30309922,10,2025-02-25 07:00:00.558928,2025-02-25 07:00:13.476710,12.917782
channel-6994,1324866,30309915,30309979,64,2025-02-25 07:00:04.093058,2025-02-25 07:01:29.395474,85.302416
channel-19774,345993,30309917,30309941,24,2025-02-25 07:00:07.651922,2025-02-25 07:00:38.541675,30.889753
channel-750,683120,30309918,30309927,9,2025-02-25 07:00:08.746119,2025-02-25 07:00:20.436848,11.690729
channel-750,683121,30309922,30309936,14,2025-02-25 07:00:13.476710,2025-02-25 07:00:32.458906,18.982196
channel-750,683122,30309922,30309936,14,2025-02-25 07:00:13.476710,2025-02-25 07:00:32.458906,18.982196
channel-2188,43718,30309923,30309927,4,2025-02-25 07:00:14.605722,2025-02-25 07:00:20.436848,5.831126
channel-750,683123,30309925,30309929,4,2025-02-25 07:00:16.896869,2025-02-25 07:00:23.700670,6.803801
channel-73755,5835,30309926,30309934,8,2025-02-25 07:00:18.117502,2025-02-25 07:00:29.687368,11.569866
channel-750,683124,30309927,30309939,12,2025-02-25 07:00:20.436848,2025-02-25 07:00:36.177891,15.741043
channel-6787,166718,30309932,30309938,6,2025-02-25 07:00:27.080175,2025-02-25 07:00:35.035114,7.954939
channel-320,119208,30309933,30309947,14,2025-02-25 07:00:28.251313,2025-02-25 07:00:45.036652,16.785339
channel-204,670817,30309934,30309947,13,2025-02-25 07:00:29.687368,2025-02-25 07:00:45.036652,15.349284
channel-6994,1324867,30309944,30309955,11,2025-02-25 07:00:41.841079,2025-02-25 07:00:56.292742,14.451663
channel-0,4038841,30309948,30309970,22,2025-02-25 07:00:46.361381,2025-02-25 07:01:17.453091,31.09171
channel-6994,1324868,30309949,30310005,56,2025-02-25 07:00:47.507331,2025-02-25 07:02:01.220797,73.713466
channel-492,20119,30309950,30309959,9,2025-02-25 07:00:48.560763,2025-02-25 07:01:01.648827,13.088064
channel-75,845067,30309951,30309956,5,2025-02-25 07:00:49.634376,2025-02-25 07:00:58.028804,8.394428
channel-6994,1324869,30309952,30309979,27,2025-02-25 07:00:50.854437,2025-02-25 07:01:29.395474,38.541037
channel-6994,1324870,30309953,30309979,26,2025-02-25 07:00:52.977194,2025-02-25 07:01:29.395474,36.41828
channel-2188,43719,30309957,30309961,4,2025-02-25 07:00:59.414009,2025-02-25 07:01:05.103903,5.689894
channel-75,845068,30309964,30309971,7,2025-02-25 07:01:09.814659,2025-02-25 07:01:18.640519,8.82586
channel-19774,345994,30309965,30309987,22,2025-02-25 07:01:10.936481,2025-02-25 07:01:38.934476,27.997995
channel-0,4038842,30309965,30309974,9,2025-02-25 07:01:10.936481,2025-02-25 07:01:23.574850,12.638369
channel-412,64597,30309966,30309975,9,2025-02-25 07:01:12.148394,2025-02-25 07:01:24.728874,12.58048
channel-326,538074,30309967,30309971,4,2025-02-25 07:01:13.409729,2025-02-25 07:01:18.640519,5.23079
channel-6994,1324871,30309970,30309984,14,2025-02-25 07:01:17.453091,2025-02-25 07:01:35.440204,17.987113
channel-750,683125,30309985,30309996,11,2025-02-25 07:01:36.565469,2025-02-25 07:01:50.400349,13.83488
channel-85077,60372,30309985,30309996,11,2025-02-25 07:01:36.565469,2025-02-25 07:01:50.400349,13.83488
channel-0,4038843,30309987,30310015,28,2025-02-25 07:01:38.934476,2025-02-25 07:02:14.756150,35.821674
channel-320,119209,30309987,30310009,22,2025-02-25 07:01:38.934476,2025-02-25 07:02:06.669498,27.735022
channel-750,683126,30309989,30309999,10,2025-02-25 07:01:41.347268,2025-02-25 07:01:53.928788,12.58152
channel-750,683127,30309995,30310000,5,2025-02-25 07:01:49.269108,2025-02-25 07:01:55.095272,5.826164
channel-750,683128,30309999,30310012,13,2025-02-25 07:01:53.928788,2025-02-25 07:02:11.206964,17.278176
channel-326,538075,30310002,30310007,5,2025-02-25 07:01:57.932518,2025-02-25 07:02:04.187431,6.254913
channel-19774,345995,30310006,30310026,20,2025-02-25 07:02:02.494151,2025-02-25 07:02:28.563370,26.069219
channel-85077,60373,30310007,30310015,8,2025-02-25 07:02:04.187431,2025-02-25 07:02:14.756150,10.568719
channel-2188,43720,30310009,30310014,5,2025-02-25 07:02:06.669498,2025-02-25 07:02:13.600721,6.931223
channel-2188,43721,30310009,30310014,5,2025-02-25 07:02:06.669498,2025-02-25 07:02:13.600721,6.931223
channel-6994,1324873,30310010,30310041,31,2025-02-25 07:02:09.003671,2025-02-25 07:02:46.790434,37.786763
channel-6994,1324874,30310010,30310024,14,2025-02-25 07:02:09.003671,2025-02-25 07:02:26.375753,17.372082
channel-85077,60374,30310010,30310021,11,2025-02-25 07:02:09.003671,2025-02-25 07:02:22.568176,13.564505
channel-0,4038844,30310015,30310039,24,2025-02-25 07:02:14.756150,2025-02-25 07:02:44.477088,29.720938
channel-122,668076,30310015,30310019,4,2025-02-25 07:02:14.756150,2025-02-25 07:02:20.281021,5.524871
channel-0,4038845,30310024,30310034,10,2025-02-25 07:02:26.375753,2025-02-25 07:02:38.247538,11.871785
channel-113,301338,30310031,30310232,201,2025-02-25 07:02:34.512847,2025-02-25 07:07:00.230802,265.717955
channel-19774,345996,30310031,30310042,11,2025-02-25 07:02:34.512847,2025-02-25 07:02:47.918161,13.405314
channel-6994,1324875,30310032,30310057,25,2025-02-25 07:02:35.933229,2025-02-25 07:03:08.423772,32.490543
channel-0,4038846,30310038,30310056,18,2025-02-25 07:02:43.248840,2025-02-25 07:03:07.285183,24.036343
channel-750,683129,30310041,30310057,16,2025-02-25 07:02:46.790434,2025-02-25 07:03:08.423772,21.633338
channel-1429,140733,30310041,30310051,10,2025-02-25 07:02:46.790434,2025-02-25 07:03:01.615988,14.825554
channel-750,683130,30310048,30310055,7,2025-02-25 07:02:58.239057,2025-02-25 07:03:06.195023,7.955966
channel-6994,1324876,30310050,30310074,24,2025-02-25 07:03:00.489966,2025-02-25 07:03:35.208571,34.718605
channel-19774,345997,30310050,30310068,18,2025-02-25 07:03:00.489966,2025-02-25 07:03:26.626589,26.136623
channel-75,845069,30310052,30310057,5,2025-02-25 07:03:02.756225,2025-02-25 07:03:08.423772,5.667547
channel-6994,1324877,30310053,30310119,66,2025-02-25 07:03:03.875649,2025-02-25 07:04:31.399381,87.523732
channel-6994,1324878,30310056,30310065,9,2025-02-25 07:03:07.285183,2025-02-25 07:03:23.212313,15.92713
channel-85077,60375,30310057,30310066,9,2025-02-25 07:03:08.423772,2025-02-25 07:03:24.386372,15.9626
channel-204,670818,30310061,30310069,8,2025-02-25 07:03:18.561549,2025-02-25 07:03:28.016505,9.454956
channel-0,4038847,30310063,30310074,11,2025-02-25 07:03:20.942292,2025-02-25 07:03:35.208571,14.266279
channel-750,683131,30310066,30310077,11,2025-02-25 07:03:24.386372,2025-02-25 07:03:38.538154,14.151782
channel-6994,1324879,30310067,30310095,28,2025-02-25 07:03:25.505681,2025-02-25 07:04:01.043738,35.538057
channel-75,845070,30310067,30310073,6,2025-02-25 07:03:25.505681,2025-02-25 07:03:34.011141,8.50546
channel-6994,1324880,30310069,30310088,19,2025-02-25 07:03:28.016505,2025-02-25 07:03:53.016827,25.000322
channel-85077,60376,30310071,30310079,8,2025-02-25 07:03:31.771623,2025-02-25 07:03:41.832950,10.061327
channel-6994,1324881,30310072,30310100,28,2025-02-25 07:03:32.913028,2025-02-25 07:04:06.835575,33.922547
channel-6994,1324882,30310072,30310100,28,2025-02-25 07:03:32.913028,2025-02-25 07:04:06.835575,33.922547
channel-216,94243,30310077,30310165,88,2025-02-25 07:03:38.538154,2025-02-25 07:05:32.451068,113.912914
channel-2188,43722,30310077,30310082,5,2025-02-25 07:03:38.538154,2025-02-25 07:03:45.175223,6.637069
channel-4,166976,30310085,30310098,13,2025-02-25 07:03:49.517846,2025-02-25 07:04:04.487317,14.969471
channel-91017,2855,30310086,30310099,13,2025-02-25 07:03:50.728568,2025-02-25 07:04:05.602812,14.874244
channel-0,4038848,30310087,30310096,9,2025-02-25 07:03:51.920406,2025-02-25 07:04:02.186055,10.265649
channel-19774,345998,30310092,30310119,27,2025-02-25 07:03:57.541725,2025-02-25 07:04:31.399381,33.857656
channel-2188,43723,30310095,30310100,5,2025-02-25 07:04:01.043738,2025-02-25 07:04:06.835575,5.791837
channel-750,683132,30310098,30310108,10,2025-02-25 07:04:04.487317,2025-02-25 07:04:17.685264,13.197947
channel-85077,60377,30310101,30310119,18,2025-02-25 07:04:08.548787,2025-02-25 07:04:31.399381,22.850594
channel-6994,1324883,30310102,30310114,12,2025-02-25 07:04:09.631963,2025-02-25 07:04:25.625368,15.993405
channel-89321,19463,30310107,30310120,13,2025-02-25 07:04:16.490625,2025-02-25 07:04:33.642977,17.152352
channel-6994,1324884,30310109,30310119,10,2025-02-25 07:04:19.846218,2025-02-25 07:04:31.399381,11.553163
channel-6994,1324885,30310114,30310142,28,2025-02-25 07:04:25.625368,2025-02-25 07:05:01.624351,35.998983
channel-750,683133,30310117,30310129,12,2025-02-25 07:04:29.012958,2025-02-25 07:04:44.567027,15.554069
channel-122,668077,30310118,30310131,13,2025-02-25 07:04:30.142015,2025-02-25 07:04:47.068695,16.92668
channel-6994,1324886,30310119,30310175,56,2025-02-25 07:04:31.399381,2025-02-25 07:05:44.080413,72.681032
channel-0,4038849,30310119,30310130,11,2025-02-25 07:04:31.399381,2025-02-25 07:04:45.881375,14.481994
channel-750,683134,30310121,30310128,7,2025-02-25 07:04:34.819810,2025-02-25 07:04:43.458384,8.638574
channel-750,683135,30310122,30310132,10,2025-02-25 07:04:36.442496,2025-02-25 07:04:49.308726,12.86623
channel-412,64598,30310122,30310135,13,2025-02-25 07:04:36.442496,2025-02-25 07:04:52.946619,16.504123
channel-0,4038850,30310125,30310134,9,2025-02-25 07:04:39.960859,2025-02-25 07:04:51.567309,11.60645
channel-208,1490309,30310129,30310139,10,2025-02-25 07:04:44.567027,2025-02-25 07:04:58.256363,13.689336
channel-750,683136,30310131,30310137,6,2025-02-25 07:04:47.068695,2025-02-25 07:04:55.700857,8.632162
channel-85077,60378,30310132,30310143,11,2025-02-25 07:04:49.308726,2025-02-25 07:05:02.972419,13.663693
channel-6994,1324887,30310133,30310146,13,2025-02-25 07:04:50.508250,2025-02-25 07:05:07.748036,17.239786
channel-0,4038851,30310134,30310156,22,2025-02-25 07:04:51.567309,2025-02-25 07:05:22.115264,30.547955
channel-6994,1324888,30310135,30310149,14,2025-02-25 07:04:52.946619,2025-02-25 07:05:12.857147,19.910528
channel-19774,345999,30310138,30310158,20,2025-02-25 07:04:56.822933,2025-02-25 07:05:24.326565,27.503632
channel-85077,60379,30310138,30310148,10,2025-02-25 07:04:56.822933,2025-02-25 07:05:11.616962,14.794029
channel-89321,19464,30310141,30310147,6,2025-02-25 07:05:00.456851,2025-02-25 07:05:10.466323,10.009472
channel-0,4038852,30310143,30310166,23,2025-02-25 07:05:02.972419,2025-02-25 07:05:34.141234,31.168815
channel-88,467132,30310143,30310155,12,2025-02-25 07:05:02.972419,2025-02-25 07:05:20.944005,17.971586
channel-87,182904,30310145,30310205,60,2025-02-25 07:05:06.225203,2025-02-25 07:06:22.176896,75.951693
channel-208,1490310,30310146,30310156,10,2025-02-25 07:05:07.748036,2025-02-25 07:05:22.115264,14.367228
channel-2188,43724,30310148,30310153,5,2025-02-25 07:05:11.616962,2025-02-25 07:05:18.464346,6.847384
channel-75,845071,30310152,30310161,9,2025-02-25 07:05:16.049092,2025-02-25 07:05:27.772619,11.723527
channel-259,314346,30310156,30310163,7,2025-02-25 07:05:22.115264,2025-02-25 07:05:30.072138,7.956874
channel-2188,43725,30310156,30310165,9,2025-02-25 07:05:22.115264,2025-02-25 07:05:32.451068,10.335804
channel-6994,1324889,30310158,30310184,26,2025-02-25 07:05:24.326565,2025-02-25 07:05:55.853555,31.52699
channel-199,132751,30310159,30310182,23,2025-02-25 07:05:25.480039,2025-02-25 07:05:53.462230,27.982191
channel-87,182905,30310163,30310220,57,2025-02-25 07:05:30.072138,2025-02-25 07:06:41.756691,71.684553
channel-874,293159,30310166,30310175,9,2025-02-25 07:05:34.141234,2025-02-25 07:05:44.080413,9.939179
channel-326,538076,30310169,30310200,31,2025-02-25 07:05:37.458266,2025-02-25 07:06:15.169589,37.711323
channel-0,4038853,30310169,30310181,12,2025-02-25 07:05:37.458266,2025-02-25 07:05:52.347198,14.888932
channel-85077,60380,30310171,30310181,10,2025-02-25 07:05:39.710798,2025-02-25 07:05:52.347198,12.6364
channel-412,64599,30310172,30310192,20,2025-02-25 07:05:40.701728,2025-02-25 07:06:04.891802,24.190074
channel-19774,346000,30310174,30310198,24,2025-02-25 07:05:42.895603,2025-02-25 07:06:12.039828,29.144225
channel-1,408423,30310176,30310222,46,2025-02-25 07:05:45.362168,2025-02-25 07:06:44.017972,58.655804
channel-0,4038854,30310178,30310202,24,2025-02-25 07:05:48.651743,2025-02-25 07:06:17.390067,28.738324
channel-0,4038855,30310178,30310190,12,2025-02-25 07:05:48.651743,2025-02-25 07:06:02.621645,13.969902
channel-874,293160,30310183,30310198,15,2025-02-25 07:05:54.645316,2025-02-25 07:06:12.039828,17.394512
channel-204,670819,30310185,30310193,8,2025-02-25 07:05:57.041950,2025-02-25 07:06:05.959780,8.91783
channel-85077,60381,30310185,30310196,11,2025-02-25 07:05:57.041950,2025-02-25 07:06:09.606889,12.564939
channel-85077,60382,30310187,30310198,11,2025-02-25 07:05:59.349833,2025-02-25 07:06:12.039828,12.689995
channel-412,64600,30310188,30310198,10,2025-02-25 07:06:00.484165,2025-02-25 07:06:12.039828,11.555663
channel-85077,60383,30310190,30310205,15,2025-02-25 07:06:02.621645,2025-02-25 07:06:22.176896,19.555251
channel-6994,1324890,30310193,30310246,53,2025-02-25 07:06:05.959780,2025-02-25 07:07:19.103906,73.144126
channel-0,4038856,30310194,30310220,26,2025-02-25 07:06:07.309793,2025-02-25 07:06:41.756691,34.446898
channel-6994,1324891,30310197,30310205,8,2025-02-25 07:06:10.885655,2025-02-25 07:06:22.176896,11.291241
channel-6994,1324892,30310197,30310229,32,2025-02-25 07:06:10.885655,2025-02-25 07:06:55.134719,44.249064
channel-750,683137,30310198,30310211,13,2025-02-25 07:06:12.039828,2025-02-25 07:06:30.450220,18.410392
channel-874,293161,30310200,30310220,20,2025-02-25 07:06:15.169589,2025-02-25 07:06:41.756691,26.587102
channel-783,104269,30310203,30310208,5,2025-02-25 07:06:19.796253,2025-02-25 07:06:26.608479,6.812226
channel-750,683138,30310206,30310215,9,2025-02-25 07:06:24.231836,2025-02-25 07:06:36.048539,11.816703
channel-75,845072,30310207,30310225,18,2025-02-25 07:06:25.403853,2025-02-25 07:06:47.539622,22.135769
channel-2188,43726,30310208,30310212,4,2025-02-25 07:06:26.608479,2025-02-25 07:06:31.573167,4.964688
channel-0,4038857,30310209,30310220,11,2025-02-25 07:06:28.149592,2025-02-25 07:06:41.756691,13.607099
channel-216,94244,30310212,30310300,88,2025-02-25 07:06:31.573167,2025-02-25 07:08:32.346747,120.77358
channel-750,683139,30310212,30310226,14,2025-02-25 07:06:31.573167,2025-02-25 07:06:48.791123,17.217956
channel-259,314347,30310212,30310220,8,2025-02-25 07:06:31.573167,2025-02-25 07:06:41.756691,10.183524
channel-89321,19465,30310212,30310223,11,2025-02-25 07:06:31.573167,2025-02-25 07:06:45.259544,13.686377
channel-75016,4650,30310215,30310234,19,2025-02-25 07:06:36.048539,2025-02-25 07:07:03.150654,27.102115
channel-181,13592,30310218,30310228,10,2025-02-25 07:06:39.541389,2025-02-25 07:06:52.508082,12.966693
channel-874,293162,30310218,30310226,8,2025-02-25 07:06:39.541389,2025-02-25 07:06:48.791123,9.249734
channel-19774,346001,30310218,30310235,17,2025-02-25 07:06:39.541389,2025-02-25 07:07:04.302495,24.761106
channel-750,683140,30310218,30310228,10,2025-02-25 07:06:39.541389,2025-02-25 07:06:52.508082,12.966693
channel-85077,60384,30310224,30310231,7,2025-02-25 07:06:46.397169,2025-02-25 07:06:58.555257,12.158088
channel-0,4038858,30310224,30310249,25,2025-02-25 07:06:46.397169,2025-02-25 07:07:22.675950,36.278781
channel-0,4038859,30310224,30310232,8,2025-02-25 07:06:46.397169,2025-02-25 07:07:00.230802,13.833633
channel-750,683141,30310228,30310232,4,2025-02-25 07:06:52.508082,2025-02-25 07:07:00.230802,7.72272
channel-19774,346002,30310228,30310239,11,2025-02-25 07:06:52.508082,2025-02-25 07:07:10.177385,17.669303
channel-199,132752,30310228,30310238,10,2025-02-25 07:06:52.508082,2025-02-25 07:07:08.341674,15.833592
channel-19774,346003,30310229,30310239,10,2025-02-25 07:06:55.134719,2025-02-25 07:07:10.177385,15.042666
channel-91017,2856,30310230,30310239,9,2025-02-25 07:06:57.385337,2025-02-25 07:07:10.177385,12.792048
channel-874,293163,30310230,30310236,6,2025-02-25 07:06:57.385337,2025-02-25 07:07:05.894832,8.509495
channel-326,538077,30310230,30310236,6,2025-02-25 07:06:57.385337,2025-02-25 07:07:05.894832,8.509495
channel-82,18956,30310232,30310271,39,2025-02-25 07:07:00.230802,2025-02-25 07:07:54.987375,54.756573
channel-6994,1324893,30310236,30341221,30985,2025-02-25 07:07:05.894832,2025-02-25 18:28:58.757156,40912.862324
channel-326,538078,30310237,30310243,6,2025-02-25 07:07:07.006087,2025-02-25 07:07:15.202532,8.196445
channel-232,49204,30310237,30310255,18,2025-02-25 07:07:07.006087,2025-02-25 07:07:34.307618,27.301531
channel-750,683142,30310238,30310245,7,2025-02-25 07:07:08.341674,2025-02-25 07:07:17.813378,9.471704
channel-73755,5836,30310239,30310249,10,2025-02-25 07:07:10.177385,2025-02-25 07:07:22.675950,12.498565
channel-750,683143,30310240,30310249,9,2025-02-25 07:07:11.550930,2025-02-25 07:07:22.675950,11.12502
channel-2188,43727,30310242,30310246,4,2025-02-25 07:07:14.040833,2025-02-25 07:07:19.103906,5.063073
channel-75,845073,30310243,30310256,13,2025-02-25 07:07:15.202532,2025-02-25 07:07:35.631461,20.428929
channel-4,166977,30310244,30310251,7,2025-02-25 07:07:16.501425,2025-02-25 07:07:28.622919,12.121494
channel-208,1490311,30310244,30310251,7,2025-02-25 07:07:16.501425,2025-02-25 07:07:28.622919,12.121494
channel-42,1490027,30310245,30310251,6,2025-02-25 07:07:17.813378,2025-02-25 07:07:28.622919,10.809541
channel-0,4038860,30310246,30310252,6,2025-02-25 07:07:19.103906,2025-02-25 07:07:30.995075,11.891169
channel-6994,1324894,30310247,30310271,24,2025-02-25 07:07:20.335230,2025-02-25 07:07:54.987375,34.652145
channel-0,4038861,30310249,30310257,8,2025-02-25 07:07:22.675950,2025-02-25 07:07:37.005653,14.329703
channel-6994,1324895,30310249,30310275,26,2025-02-25 07:07:22.675950,2025-02-25 07:08:00.712631,38.036681
channel-204,670820,30310250,30310258,8,2025-02-25 07:07:27.100985,2025-02-25 07:07:38.289217,11.188232
channel-204,670821,30310252,30310539,287,2025-02-25 07:07:30.995075,2025-02-25 07:13:41.827952,370.832877
channel-326,538079,30310252,30310263,11,2025-02-25 07:07:30.995075,2025-02-25 07:07:43.855929,12.860854
channel-412,64601,30310254,30310265,11,2025-02-25 07:07:33.165659,2025-02-25 07:07:46.721784,13.556125
channel-0,4038862,30310254,30310282,28,2025-02-25 07:07:33.165659,2025-02-25 07:08:08.581377,35.415718
channel-783,104270,30310254,30310261,7,2025-02-25 07:07:33.165659,2025-02-25 07:07:41.636647,8.470988
channel-208,1490312,30310255,30310266,11,2025-02-25 07:07:34.307618,2025-02-25 07:07:48.176447,13.868829
channel-75,845074,30310256,30310264,8,2025-02-25 07:07:35.631461,2025-02-25 07:07:44.967791,9.33633
channel-0,4038863,30310260,30310286,26,2025-02-25 07:07:40.520348,2025-02-25 07:08:14.257047,33.736699
channel-108,39851,30310261,30310285,24,2025-02-25 07:07:41.636647,2025-02-25 07:08:12.095376,30.458729
channel-5,184301,30310261,30310269,8,2025-02-25 07:07:41.636647,2025-02-25 07:07:51.716539,10.079892
channel-874,293164,30310263,30310270,7,2025-02-25 07:07:43.855929,2025-02-25 07:07:53.800095,9.944166
channel-77,50266,30310263,30310271,8,2025-02-25 07:07:43.855929,2025-02-25 07:07:54.987375,11.131446
channel-5,184302,30310266,30310275,9,2025-02-25 07:07:48.176447,2025-02-25 07:08:00.712631,12.536184
channel-85077,60385,30310267,30310277,10,2025-02-25 07:07:49.406090,2025-02-25 07:08:02.807416,13.401326
channel-6787,166719,30310269,30310274,5,2025-02-25 07:07:51.716539,2025-02-25 07:07:59.545240,7.828701
channel-0,4038864,30310271,30310296,25,2025-02-25 07:07:54.987375,2025-02-25 07:08:26.201327,31.213952
channel-85077,60386,30310273,30310283,10,2025-02-25 07:07:58.427651,2025-02-25 07:08:09.729791,11.30214
channel-259,314348,30310273,30310280,7,2025-02-25 07:07:58.427651,2025-02-25 07:08:06.322717,7.895066
channel-20082,9887,30310274,30310285,11,2025-02-25 07:07:59.545240,2025-02-25 07:08:12.095376,12.550136
channel-19774,346004,30310274,30310285,11,2025-02-25 07:07:59.545240,2025-02-25 07:08:12.095376,12.550136
channel-184,137425,30310276,30310287,11,2025-02-25 07:08:01.765305,2025-02-25 07:08:15.457561,13.692256
channel-750,683144,30310279,30310295,16,2025-02-25 07:08:04.988576,2025-02-25 07:08:25.034944,20.046368
channel-2188,43728,30310279,30310284,5,2025-02-25 07:08:04.988576,2025-02-25 07:08:10.939659,5.951083
channel-208,1490313,30310280,30310292,12,2025-02-25 07:08:06.322717,2025-02-25 07:08:21.202326,14.879609
channel-19774,346005,30310281,30310291,10,2025-02-25 07:08:07.505125,2025-02-25 07:08:20.030874,12.525749
channel-0,4038865,30310281,30310298,17,2025-02-25 07:08:07.505125,2025-02-25 07:08:29.553773,22.048648
channel-89321,19466,30310282,30310291,9,2025-02-25 07:08:08.581377,2025-02-25 07:08:20.030874,11.449497
channel-88,467133,30310285,30310315,30,2025-02-25 07:08:12.095376,2025-02-25 07:08:51.115254,39.019878
channel-1424,7342,30310285,30310298,13,2025-02-25 07:08:12.095376,2025-02-25 07:08:29.553773,17.458397
channel-783,104271,30310285,30310292,7,2025-02-25 07:08:12.095376,2025-02-25 07:08:21.202326,9.10695
channel-0,4038866,30310286,30310296,10,2025-02-25 07:08:14.257047,2025-02-25 07:08:26.201327,11.94428
channel-89321,19467,30310286,30310296,10,2025-02-25 07:08:14.257047,2025-02-25 07:08:26.201327,11.94428
channel-874,293165,30310287,30310294,7,2025-02-25 07:08:15.457561,2025-02-25 07:08:23.660618,8.203057
channel-0,4038867,30310288,30310319,31,2025-02-25 07:08:16.511681,2025-02-25 07:08:58.514284,42.002603
channel-783,104272,30310289,30310299,10,2025-02-25 07:08:17.870714,2025-02-25 07:08:30.717171,12.846457
channel-6994,1324897,30310293,30310304,11,2025-02-25 07:08:22.528823,2025-02-25 07:08:38.218317,15.689494
channel-89321,19468,30310298,30310303,5,2025-02-25 07:08:29.553773,2025-02-25 07:08:36.990275,7.436502
channel-91017,2857,30310305,30310316,11,2025-02-25 07:08:39.426523,2025-02-25 07:08:52.345001,12.918478
channel-750,683145,30310305,30310321,16,2025-02-25 07:08:39.426523,2025-02-25 07:09:00.616318,21.189795
channel-0,4038868,30310307,30310316,9,2025-02-25 07:08:41.789266,2025-02-25 07:08:52.345001,10.555735
channel-750,683146,30310310,30310317,7,2025-02-25 07:08:45.159873,2025-02-25 07:08:55.090292,9.930419
channel-85077,60387,30310311,30310320,9,2025-02-25 07:08:46.323782,2025-02-25 07:08:59.584255,13.260473
channel-208,1490314,30310312,30310323,11,2025-02-25 07:08:47.570576,2025-02-25 07:09:02.851960,15.281384
channel-0,4038869,30310312,30310333,21,2025-02-25 07:08:47.570576,2025-02-25 07:09:17.385649,29.815073
channel-122,668078,30310314,30310317,3,2025-02-25 07:08:49.993479,2025-02-25 07:08:55.090292,5.096813
channel-326,538080,30310316,30310324,8,2025-02-25 07:08:52.345001,2025-02-25 07:09:04.042747,11.697746
channel-1,408424,30310320,30310331,11,2025-02-25 07:08:59.584255,2025-02-25 07:09:13.651016,14.066761
channel-2494,31949,30310321,30310331,10,2025-02-25 07:09:00.616318,2025-02-25 07:09:13.651016,13.034698
channel-15464,2660,30310322,30310332,10,2025-02-25 07:09:01.734923,2025-02-25 07:09:15.758774,14.023851
channel-874,293166,30310326,30310334,8,2025-02-25 07:09:07.428343,2025-02-25 07:09:18.468433,11.04009
channel-874,293167,30310328,30310334,6,2025-02-25 07:09:10.276408,2025-02-25 07:09:18.468433,8.192025
channel-6994,1324898,30310332,30310378,46,2025-02-25 07:09:15.758774,2025-02-25 07:10:11.353478,55.594704
channel-874,293168,30310333,30310339,6,2025-02-25 07:09:17.385649,2025-02-25 07:09:24.089272,6.703623
channel-143,128384,30310336,30310379,43,2025-02-25 07:09:20.817315,2025-02-25 07:10:12.521092,51.703777
channel-783,104273,30310336,30310345,9,2025-02-25 07:09:20.817315,2025-02-25 07:09:31.218723,10.401408
channel-19774,346006,30310337,30310347,10,2025-02-25 07:09:21.939258,2025-02-25 07:09:34.759377,12.820119
channel-2188,43729,30310342,30310346,4,2025-02-25 07:09:27.474920,2025-02-25 07:09:32.236621,4.761701
channel-85077,60388,30310342,30310353,11,2025-02-25 07:09:27.474920,2025-02-25 07:09:41.634099,14.159179
channel-783,104274,30310345,30310358,13,2025-02-25 07:09:31.218723,2025-02-25 07:09:47.536135,16.317412
channel-75016,4651,30310348,30310372,24,2025-02-25 07:09:35.965012,2025-02-25 07:10:04.149703,28.184691
channel-874,293169,30310351,30310370,19,2025-02-25 07:09:39.366684,2025-02-25 07:10:01.568870,22.202186
channel-783,104275,30310353,30310367,14,2025-02-25 07:09:41.634099,2025-02-25 07:09:58.078380,16.444281
channel-6994,1324899,30310353,30310362,9,2025-02-25 07:09:41.634099,2025-02-25 07:09:52.098818,10.464719
channel-0,4038870,30310365,30310390,25,2025-02-25 07:09:55.828244,2025-02-25 07:10:25.224302,29.396058
channel-750,683147,30310370,30310382,12,2025-02-25 07:10:01.568870,2025-02-25 07:10:15.912241,14.343371
channel-874,293170,30310370,30310381,11,2025-02-25 07:10:01.568870,2025-02-25 07:10:14.713531,13.144661
channel-750,683148,30310374,30310378,4,2025-02-25 07:10:06.329902,2025-02-25 07:10:11.353478,5.023576
channel-2188,43730,30310378,30310383,5,2025-02-25 07:10:11.353478,2025-02-25 07:10:17.140830,5.787352
channel-750,683149,30310379,30310391,12,2025-02-25 07:10:12.521092,2025-02-25 07:10:26.317125,13.796033
channel-204,670822,30310384,30310391,7,2025-02-25 07:10:18.498878,2025-02-25 07:10:26.317125,7.818247
channel-1,408425,30310385,30310445,60,2025-02-25 07:10:19.573680,2025-02-25 07:11:41.121102,81.547422
channel-1,408426,30310391,30310445,54,2025-02-25 07:10:26.317125,2025-02-25 07:11:41.121102,74.803977
channel-874,293171,30310397,30310404,7,2025-02-25 07:10:35.889186,2025-02-25 07:10:45.873975,9.984789
channel-208,1490315,30310397,30310408,11,2025-02-25 07:10:35.889186,2025-02-25 07:10:52.163214,16.274028
channel-2188,43731,30310398,30310404,6,2025-02-25 07:10:37.014964,2025-02-25 07:10:45.873975,8.859011
channel-642,126513,30310399,30310426,27,2025-02-25 07:10:39.288329,2025-02-25 07:11:15.678042,36.389713
channel-0,4038871,30310399,30310429,30,2025-02-25 07:10:39.288329,2025-02-25 07:11:19.590423,40.302094
channel-874,293172,30310405,30310409,4,2025-02-25 07:10:47.064934,2025-02-25 07:10:54.433503,7.368569
channel-6994,1324900,30310405,30310444,39,2025-02-25 07:10:47.064934,2025-02-25 07:11:39.931277,52.866343
channel-874,293173,30310405,30310418,13,2025-02-25 07:10:47.064934,2025-02-25 07:11:06.139542,19.074608
channel-85077,60389,30310407,30310414,7,2025-02-25 07:10:50.804784,2025-02-25 07:11:01.628067,10.823283
channel-750,683150,30310409,30310424,15,2025-02-25 07:10:54.433503,2025-02-25 07:11:13.277419,18.843916
channel-750,683151,30310415,30310420,5,2025-02-25 07:11:02.796399,2025-02-25 07:11:08.347255,5.550856
channel-143,128385,30310415,30310426,11,2025-02-25 07:11:02.796399,2025-02-25 07:11:15.678042,12.881643
channel-0,4038872,30310418,30310429,11,2025-02-25 07:11:06.139542,2025-02-25 07:11:19.590423,13.450881
channel-6994,1324901,30310419,30310431,12,2025-02-25 07:11:07.247244,2025-02-25 07:11:22.753827,15.506583
channel-208,1490316,30310421,30310431,10,2025-02-25 07:11:09.465883,2025-02-25 07:11:22.753827,13.287944
channel-412,64602,30310421,30310431,10,2025-02-25 07:11:09.465883,2025-02-25 07:11:22.753827,13.287944
channel-21113,25337,30310422,30310429,7,2025-02-25 07:11:10.662724,2025-02-25 07:11:19.590423,8.927699
channel-750,683152,30310424,30310438,14,2025-02-25 07:11:13.277419,2025-02-25 07:11:33.076569,19.79915
channel-874,293174,30310425,30310445,20,2025-02-25 07:11:14.459935,2025-02-25 07:11:41.121102,26.661167
channel-874,293175,30310426,30310447,21,2025-02-25 07:11:15.678042,2025-02-25 07:11:44.669451,28.991409
channel-874,293176,30310426,30310435,9,2025-02-25 07:11:15.678042,2025-02-25 07:11:28.513281,12.835239
channel-0,4038873,30310429,30310460,31,2025-02-25 07:11:19.590423,2025-02-25 07:12:00.863572,41.273149
channel-0,4038874,30310429,30310456,27,2025-02-25 07:11:19.590423,2025-02-25 07:11:55.188471,35.598048
channel-874,293177,30310429,30310437,8,2025-02-25 07:11:19.590423,2025-02-25 07:11:31.865604,12.275181
channel-85077,60390,30310429,30310438,9,2025-02-25 07:11:19.590423,2025-02-25 07:11:33.076569,13.486146
channel-85077,60391,30310429,30310438,9,2025-02-25 07:11:19.590423,2025-02-25 07:11:33.076569,13.486146
channel-6994,1324902,30310431,30310444,13,2025-02-25 07:11:22.753827,2025-02-25 07:11:39.931277,17.17745
channel-0,4038875,30310431,30310441,10,2025-02-25 07:11:22.753827,2025-02-25 07:11:36.401885,13.648058
channel-4,166978,30310432,30310442,10,2025-02-25 07:11:24.983347,2025-02-25 07:11:37.599046,12.615699
channel-0,4038876,30310435,30310460,25,2025-02-25 07:11:28.513281,2025-02-25 07:12:00.863572,32.350291
channel-0,4038877,30310436,30310456,20,2025-02-25 07:11:29.715888,2025-02-25 07:11:55.188471,25.472583
channel-208,1490317,30310437,30310448,11,2025-02-25 07:11:31.865604,2025-02-25 07:11:45.753597,13.887993
channel-874,293178,30310438,30310445,7,2025-02-25 07:11:33.076569,2025-02-25 07:11:41.121102,8.044533
channel-6994,1324903,30310444,30310458,14,2025-02-25 07:11:39.931277,2025-02-25 07:11:58.413138,18.481861
channel-874,293179,30310446,30310453,7,2025-02-25 07:11:43.566822,2025-02-25 07:11:51.470155,7.903333
channel-2494,31950,30310449,30310461,12,2025-02-25 07:11:46.881082,2025-02-25 07:12:01.960621,15.079539
channel-6994,1324904,30310449,30310477,28,2025-02-25 07:11:46.881082,2025-02-25 07:12:24.083807,37.202725
channel-750,683153,30310450,30310460,10,2025-02-25 07:11:48.157478,2025-02-25 07:12:00.863572,12.706094
channel-91017,2858,30310451,30310461,10,2025-02-25 07:11:49.203652,2025-02-25 07:12:01.960621,12.756969
channel-783,104276,30310458,30310463,5,2025-02-25 07:11:58.413138,2025-02-25 07:12:07.542485,9.129347
channel-874,293180,30310458,30310462,4,2025-02-25 07:11:58.413138,2025-02-25 07:12:06.389055,7.975917
channel-82,18957,30310461,30310502,41,2025-02-25 07:12:01.960621,2025-02-25 07:12:56.607576,54.646955
channel-874,293181,30310465,30310479,14,2025-02-25 07:12:10.433016,2025-02-25 07:12:26.675113,16.242097
channel-208,1490318,30310466,30310479,13,2025-02-25 07:12:11.693172,2025-02-25 07:12:26.675113,14.981941
channel-874,293182,30310467,30310479,12,2025-02-25 07:12:12.844169,2025-02-25 07:12:26.675113,13.830944
channel-75,845075,30310471,30310480,9,2025-02-25 07:12:17.306990,2025-02-25 07:12:27.795018,10.488028
channel-85077,60392,30310472,30310485,13,2025-02-25 07:12:18.397184,2025-02-25 07:12:33.393307,14.996123
channel-0,4038878,30310474,30310499,25,2025-02-25 07:12:20.688486,2025-02-25 07:12:53.218532,32.530046
channel-208,1490319,30310475,30310485,10,2025-02-25 07:12:21.750513,2025-02-25 07:12:33.393307,11.642794
channel-874,293183,30310475,30310491,16,2025-02-25 07:12:21.750513,2025-02-25 07:12:42.022532,20.272019
channel-19774,346007,30310479,30310493,14,2025-02-25 07:12:26.675113,2025-02-25 07:12:44.511533,17.83642
channel-6994,1324906,30310480,30310491,11,2025-02-25 07:12:27.795018,2025-02-25 07:12:42.022532,14.227514
channel-750,683154,30310484,30310494,10,2025-02-25 07:12:32.116149,2025-02-25 07:12:47.078145,14.961996
channel-6994,1324907,30310487,30310495,8,2025-02-25 07:12:35.809500,2025-02-25 07:12:48.217421,12.407921
channel-874,293184,30310488,30310492,4,2025-02-25 07:12:37.069088,2025-02-25 07:12:43.258597,6.189509
channel-2694,3301,30310490,30310502,12,2025-02-25 07:12:39.342514,2025-02-25 07:12:56.607576,17.265062
channel-6994,1324908,30310490,30310512,22,2025-02-25 07:12:39.342514,2025-02-25 07:13:09.203576,29.861062
channel-73,51339,30310491,30310503,12,2025-02-25 07:12:42.022532,2025-02-25 07:12:58.722540,16.700008
channel-874,293185,30310491,30310497,6,2025-02-25 07:12:42.022532,2025-02-25 07:12:50.898816,8.876284
channel-2188,43732,30310495,30310500,5,2025-02-25 07:12:48.217421,2025-02-25 07:12:54.378983,6.161562
channel-2188,43733,30310502,30310506,4,2025-02-25 07:12:56.607576,2025-02-25 07:13:02.308138,5.700562
channel-85077,60393,30310506,30310518,12,2025-02-25 07:13:02.308138,2025-02-25 07:13:16.257590,13.949452
channel-874,293186,30310506,30310519,13,2025-02-25 07:13:02.308138,2025-02-25 07:13:17.319946,15.011808
channel-85077,60394,30310508,30310519,11,2025-02-25 07:13:04.526374,2025-02-25 07:13:17.319946,12.793572
channel-782,310206,30310510,30310516,6,2025-02-25 07:13:06.844781,2025-02-25 07:13:13.800998,6.956217
channel-75016,4652,30310516,30310536,20,2025-02-25 07:13:13.800998,2025-02-25 07:13:38.417407,24.616409
channel-208,1490320,30310517,30310530,13,2025-02-25 07:13:15.064786,2025-02-25 07:13:30.983280,15.918494
channel-94814,3772,30310521,30310534,13,2025-02-25 07:13:20.527890,2025-02-25 07:13:36.144370,15.61648
channel-874,293187,30310522,30310528,6,2025-02-25 07:13:21.678759,2025-02-25 07:13:28.549258,6.870499
channel-874,293188,30310523,30310533,10,2025-02-25 07:13:22.837689,2025-02-25 07:13:34.912236,12.074547
channel-6994,1324909,30310523,30310546,23,2025-02-25 07:13:22.837689,2025-02-25 07:13:53.131788,30.294099
channel-122,668079,30310525,30310530,5,2025-02-25 07:13:25.169208,2025-02-25 07:13:30.983280,5.814072
channel-122,668080,30310525,30310530,5,2025-02-25 07:13:25.169208,2025-02-25 07:13:30.983280,5.814072
channel-2,130650,30310527,30310537,10,2025-02-25 07:13:27.288777,2025-02-25 07:13:39.536256,12.247479
channel-19774,346008,30310530,30310541,11,2025-02-25 07:13:30.983280,2025-02-25 07:13:45.047064,14.063784
channel-874,293189,30310530,30310539,9,2025-02-25 07:13:30.983280,2025-02-25 07:13:41.827952,10.844672
channel-0,4038879,30310532,30310542,10,2025-02-25 07:13:33.717765,2025-02-25 07:13:47.318557,13.600792
channel-750,683155,30310533,30310542,9,2025-02-25 07:13:34.912236,2025-02-25 07:13:47.318557,12.406321
channel-0,4038880,30310533,30310542,9,2025-02-25 07:13:34.912236,2025-02-25 07:13:47.318557,12.406321
channel-38946,124202,30310534,30310546,12,2025-02-25 07:13:36.144370,2025-02-25 07:13:53.131788,16.987418
channel-88,467134,30310535,30310545,10,2025-02-25 07:13:37.287214,2025-02-25 07:13:51.858827,14.571613
channel-6994,1324910,30310536,30310602,66,2025-02-25 07:13:38.417407,2025-02-25 07:15:05.090735,86.673328
channel-199,132753,30310538,30310567,29,2025-02-25 07:13:40.640220,2025-02-25 07:14:17.532517,36.892297
channel-85077,60395,30310540,30310549,9,2025-02-25 07:13:42.910501,2025-02-25 07:13:56.367613,13.457112
channel-874,293190,30310541,30310548,7,2025-02-25 07:13:45.047064,2025-02-25 07:13:55.281664,10.2346
channel-91017,2859,30310541,30310552,11,2025-02-25 07:13:45.047064,2025-02-25 07:13:59.642599,14.595535
channel-6994,1324911,30310543,30310558,15,2025-02-25 07:13:49.534915,2025-02-25 07:14:06.733283,17.198368
channel-208,1490321,30310554,30310567,13,2025-02-25 07:14:02.059256,2025-02-25 07:14:17.532517,15.473261
channel-122,668081,30310555,30310561,6,2025-02-25 07:14:03.281531,2025-02-25 07:14:10.196519,6.914988
channel-6994,1324912,30310555,30310570,15,2025-02-25 07:14:03.281531,2025-02-25 07:14:21.268174,17.986643
channel-874,293191,30310556,30310561,5,2025-02-25 07:14:04.493953,2025-02-25 07:14:10.196519,5.702566
channel-782,310207,30310558,30310563,5,2025-02-25 07:14:06.733283,2025-02-25 07:14:12.929753,6.19647
channel-85077,60396,30310559,30310569,10,2025-02-25 07:14:07.901566,2025-02-25 07:14:19.771152,11.869586
channel-750,683156,30310560,30310572,12,2025-02-25 07:14:09.032277,2025-02-25 07:14:23.707265,14.674988
channel-874,293192,30310561,30310567,6,2025-02-25 07:14:10.196519,2025-02-25 07:14:17.532517,7.335998
channel-750,683157,30310562,30310571,9,2025-02-25 07:14:11.909868,2025-02-25 07:14:22.492251,10.582383
channel-75,845076,30310570,30310583,13,2025-02-25 07:14:21.268174,2025-02-25 07:14:40.014907,18.746733
channel-874,293193,30310572,30310578,6,2025-02-25 07:14:23.707265,2025-02-25 07:14:32.390974,8.683709
channel-85077,60397,30310576,30310585,9,2025-02-25 07:14:30.124413,2025-02-25 07:14:42.257914,12.133501
channel-89321,19469,30310579,30310591,12,2025-02-25 07:14:34.507442,2025-02-25 07:14:50.746080,16.238638
channel-750,683158,30310579,30310584,5,2025-02-25 07:14:34.507442,2025-02-25 07:14:41.136520,6.629078
channel-91017,2860,30310579,30310590,11,2025-02-25 07:14:34.507442,2025-02-25 07:14:49.332582,14.82514
channel-122,668082,30310579,30310583,4,2025-02-25 07:14:34.507442,2025-02-25 07:14:40.014907,5.507465
channel-6994,1324913,30310579,30310592,13,2025-02-25 07:14:34.507442,2025-02-25 07:14:51.839390,17.331948
channel-750,683159,30310590,30310601,11,2025-02-25 07:14:49.332582,2025-02-25 07:15:03.971769,14.639187
channel-89298,18685,30310590,30310600,10,2025-02-25 07:14:49.332582,2025-02-25 07:15:02.484714,13.152132
channel-874,293194,30310591,30310596,5,2025-02-25 07:14:50.746080,2025-02-25 07:14:57.725428,6.979348
channel-2694,3302,30310595,30310617,22,2025-02-25 07:14:55.952738,2025-02-25 07:15:23.575896,27.623158
channel-1424,7343,30310600,30310609,9,2025-02-25 07:15:02.484714,2025-02-25 07:15:14.525681,12.040967
channel-874,293195,30310602,30310609,7,2025-02-25 07:15:05.090735,2025-02-25 07:15:14.525681,9.434946
channel-20082,9888,30310609,30310618,9,2025-02-25 07:15:14.525681,2025-02-25 07:15:24.703932,10.178251
channel-6994,1324914,30310609,30310622,13,2025-02-25 07:15:14.525681,2025-02-25 07:15:29.726381,15.2007
channel-874,293196,30310613,30310620,7,2025-02-25 07:15:19.007568,2025-02-25 07:15:27.354039,8.346471
channel-750,683160,30310617,30310630,13,2025-02-25 07:15:23.575896,2025-02-25 07:15:39.522649,15.946753
channel-6994,1324915,30310618,30310631,13,2025-02-25 07:15:24.703932,2025-02-25 07:15:40.573618,15.869686
channel-6994,1324916,30310618,30310670,52,2025-02-25 07:15:24.703932,2025-02-25 07:16:31.357926,66.653994
channel-750,683161,30310618,30310632,14,2025-02-25 07:15:24.703932,2025-02-25 07:15:41.711233,17.007301
channel-2188,43734,30310620,30310625,5,2025-02-25 07:15:27.354039,2025-02-25 07:15:33.378461,6.024422
channel-143,128386,30310624,30310635,11,2025-02-25 07:15:32.047637,2025-02-25 07:15:45.123290,13.075653
channel-4,166979,30310627,30310637,10,2025-02-25 07:15:35.778617,2025-02-25 07:15:47.495500,11.716883
channel-874,293197,30310635,30310642,7,2025-02-25 07:15:45.123290,2025-02-25 07:15:54.279878,9.156588
channel-874,293198,30310637,30310642,5,2025-02-25 07:15:47.495500,2025-02-25 07:15:54.279878,6.784378
channel-85077,60398,30310638,30310648,10,2025-02-25 07:15:49.860694,2025-02-25 07:16:02.338494,12.4778
channel-782,310208,30310640,30310646,6,2025-02-25 07:15:52.154056,2025-02-25 07:16:00.036456,7.8824
channel-208,1490322,30310640,30310650,10,2025-02-25 07:15:52.154056,2025-02-25 07:16:05.719547,13.565491
channel-208,1490323,30310641,30310650,9,2025-02-25 07:15:53.182627,2025-02-25 07:16:05.719547,12.53692
channel-2188,43735,30310644,30310648,4,2025-02-25 07:15:57.649090,2025-02-25 07:16:02.338494,4.689404
channel-6994,1324917,30310647,30310661,14,2025-02-25 07:16:01.213162,2025-02-25 07:16:19.377701,18.164539
channel-208,1490324,30310650,30310660,10,2025-02-25 07:16:05.719547,2025-02-25 07:16:17.644326,11.924779
channel-122,668083,30310656,30310661,5,2025-02-25 07:16:13.276595,2025-02-25 07:16:19.377701,6.101106
channel-750,683162,30310656,30310669,13,2025-02-25 07:16:13.276595,2025-02-25 07:16:30.279549,17.002954
channel-184,137426,30310660,30310670,10,2025-02-25 07:16:17.644326,2025-02-25 07:16:31.357926,13.7136
channel-0,4038881,30310663,30310671,8,2025-02-25 07:16:21.553038,2025-02-25 07:16:33.525270,11.972232
channel-4,166980,30310663,30310702,39,2025-02-25 07:16:21.553038,2025-02-25 07:17:15.637850,54.084812
channel-38946,124203,30310667,30310691,24,2025-02-25 07:16:27.898318,2025-02-25 07:17:02.726175,34.827857
channel-0,4038882,30310671,30310693,22,2025-02-25 07:16:33.525270,2025-02-25 07:17:05.079947,31.554677
channel-326,538081,30310671,30310679,8,2025-02-25 07:16:33.525270,2025-02-25 07:16:47.308414,13.783144
channel-85077,60399,30310671,30310680,9,2025-02-25 07:16:33.525270,2025-02-25 07:16:48.491442,14.966172
channel-76971,12244,30310673,30310688,15,2025-02-25 07:16:39.050103,2025-02-25 07:16:59.327816,20.277713
channel-6994,1324918,30310675,30310687,12,2025-02-25 07:16:41.456941,2025-02-25 07:16:58.117110,16.660169
channel-85077,60400,30310675,30310683,8,2025-02-25 07:16:41.456941,2025-02-25 07:16:52.210357,10.753416
channel-750,683163,30310678,30310697,19,2025-02-25 07:16:45.008782,2025-02-25 07:17:10.208660,25.199878
channel-91017,2861,30310680,30310693,13,2025-02-25 07:16:48.491442,2025-02-25 07:17:05.079947,16.588505
channel-208,1490325,30310685,30310698,13,2025-02-25 07:16:54.491305,2025-02-25 07:17:11.358440,16.867135
channel-88,467135,30310688,30310702,14,2025-02-25 07:16:59.327816,2025-02-25 07:17:15.637850,16.310034
channel-750,683164,30310689,30310701,12,2025-02-25 07:17:00.496122,2025-02-25 07:17:14.542663,14.046541
channel-1,408427,30310693,30310707,14,2025-02-25 07:17:05.079947,2025-02-25 07:17:21.574617,16.49467
channel-2188,43736,30310694,30310699,5,2025-02-25 07:17:06.754191,2025-02-25 07:17:12.439106,5.684915
channel-0,4038883,30310697,30310707,10,2025-02-25 07:17:10.208660,2025-02-25 07:17:21.574617,11.365957
channel-750,683165,30310697,30310708,11,2025-02-25 07:17:10.208660,2025-02-25 07:17:23.653246,13.444586
channel-874,293199,30310698,30310705,7,2025-02-25 07:17:11.358440,2025-02-25 07:17:19.333519,7.975079
channel-4,166981,30310698,30310735,37,2025-02-25 07:17:11.358440,2025-02-25 07:17:57.987064,46.628624
channel-42,1490028,30310700,30310707,7,2025-02-25 07:17:13.492350,2025-02-25 07:17:21.574617,8.082267
channel-208,1490326,30310702,30310713,11,2025-02-25 07:17:15.637850,2025-02-25 07:17:29.288546,13.650696
channel-143,128387,30310702,30310712,10,2025-02-25 07:17:15.637850,2025-02-25 07:17:28.184149,12.546299
channel-0,4038884,30310707,30310717,10,2025-02-25 07:17:21.574617,2025-02-25 07:17:34.985182,13.410565
channel-91017,2862,30310711,30310722,11,2025-02-25 07:17:27.041298,2025-02-25 07:17:40.695030,13.653732
channel-85791,3772,30310715,30310722,7,2025-02-25 07:17:31.490362,2025-02-25 07:17:40.695030,9.204668
channel-874,293200,30310716,30310723,7,2025-02-25 07:17:33.916306,2025-02-25 07:17:41.904823,7.988517
channel-750,683166,30310718,30310735,17,2025-02-25 07:17:36.060557,2025-02-25 07:17:57.987064,21.926507
channel-208,1490327,30310725,30310735,10,2025-02-25 07:17:44.354350,2025-02-25 07:17:57.987064,13.632714
channel-2188,43737,30310726,30310730,4,2025-02-25 07:17:45.570437,2025-02-25 07:17:50.600063,5.029626
channel-0,4038885,30310727,30310737,10,2025-02-25 07:17:46.658769,2025-02-25 07:18:01.533612,14.874843
channel-750,683167,30310728,30310737,9,2025-02-25 07:17:47.751703,2025-02-25 07:18:01.533612,13.781909
channel-184,137427,30310729,30310741,12,2025-02-25 07:17:49.524957,2025-02-25 07:18:06.105927,16.58097
channel-4,166982,30310730,30310789,59,2025-02-25 07:17:50.600063,2025-02-25 07:19:10.129083,79.52902
channel-208,1490328,30310730,30310740,10,2025-02-25 07:17:50.600063,2025-02-25 07:18:04.901453,14.30139
channel-8945,17751,30310734,30310758,24,2025-02-25 07:17:56.757398,2025-02-25 07:18:29.915413,33.158015
channel-782,310209,30310735,30310741,6,2025-02-25 07:17:57.987064,2025-02-25 07:18:06.105927,8.118863
channel-0,4038886,30310737,30310746,9,2025-02-25 07:18:01.533612,2025-02-25 07:18:12.962219,11.428607
channel-85077,60401,30310746,30310756,10,2025-02-25 07:18:12.962219,2025-02-25 07:18:26.727152,13.764933
channel-91017,2863,30310748,30310766,18,2025-02-25 07:18:15.867528,2025-02-25 07:18:40.135371,24.267843
channel-19774,346009,30310750,30310760,10,2025-02-25 07:18:18.048834,2025-02-25 07:18:32.771998,14.723164
channel-2188,43738,30310752,30310757,5,2025-02-25 07:18:21.985252,2025-02-25 07:18:28.865777,6.880525
channel-750,683168,30310752,30310756,4,2025-02-25 07:18:21.985252,2025-02-25 07:18:26.727152,4.7419
channel-208,1490329,30310757,30310766,9,2025-02-25 07:18:28.865777,2025-02-25 07:18:40.135371,11.269594
channel-750,683169,30310764,30310780,16,2025-02-25 07:18:37.759537,2025-02-25 07:18:58.625545,20.866008
channel-6994,1324919,30310764,30310776,12,2025-02-25 07:18:37.759537,2025-02-25 07:18:53.753229,15.993692
channel-326,538082,30310773,30310778,5,2025-02-25 07:18:50.045462,2025-02-25 07:18:56.106255,6.060793
channel-208,1490330,30310773,30310783,10,2025-02-25 07:18:50.045462,2025-02-25 07:19:03.277334,13.231872
channel-1,408428,30310774,30310783,9,2025-02-25 07:18:51.244687,2025-02-25 07:19:03.277334,12.032647
channel-750,683170,30310775,30310779,4,2025-02-25 07:18:52.704794,2025-02-25 07:18:57.497755,4.792961
channel-2188,43739,30310777,30310781,4,2025-02-25 07:18:55.007187,2025-02-25 07:18:59.734013,4.726826
channel-783,104277,30310777,30310784,7,2025-02-25 07:18:55.007187,2025-02-25 07:19:04.439526,9.432339
channel-874,293201,30310778,30310782,4,2025-02-25 07:18:56.106255,2025-02-25 07:19:00.842318,4.736063
channel-2188,43740,30310780,30310784,4,2025-02-25 07:18:58.625545,2025-02-25 07:19:04.439526,5.813981
channel-750,683171,30310781,30310791,10,2025-02-25 07:18:59.734013,2025-02-25 07:19:12.404975,12.670962
channel-75,845077,30310782,30310791,9,2025-02-25 07:19:00.842318,2025-02-25 07:19:12.404975,11.562657
channel-326,538083,30310788,30310795,7,2025-02-25 07:19:08.966034,2025-02-25 07:19:17.765336,8.799302
channel-85077,60402,30310794,30310805,11,2025-02-25 07:19:16.083842,2025-02-25 07:19:30.023952,13.94011
channel-412,64603,30310796,30310807,11,2025-02-25 07:19:18.805623,2025-02-25 07:19:32.501822,13.696199
channel-6994,1324920,30310798,30310811,13,2025-02-25 07:19:21.298215,2025-02-25 07:19:37.068964,15.770749
channel-47,198641,30310802,30310819,17,2025-02-25 07:19:25.938350,2025-02-25 07:19:46.272046,20.333696
channel-2188,43741,30310803,30310808,5,2025-02-25 07:19:27.574682,2025-02-25 07:19:33.632906,6.058224
channel-122,668084,30310803,30310809,6,2025-02-25 07:19:27.574682,2025-02-25 07:19:34.794282,7.2196
channel-75,845078,30310803,30310810,7,2025-02-25 07:19:27.574682,2025-02-25 07:19:35.869197,8.294515
channel-750,683172,30310812,30310824,12,2025-02-25 07:19:38.171819,2025-02-25 07:19:52.064163,13.892344
channel-326,538084,30310812,30310820,8,2025-02-25 07:19:38.171819,2025-02-25 07:19:47.514195,9.342376
channel-750,683173,30310817,30310825,8,2025-02-25 07:19:44.087021,2025-02-25 07:19:54.216613,10.129592
channel-85077,60403,30310817,30310828,11,2025-02-25 07:19:44.087021,2025-02-25 07:19:57.994231,13.90721
channel-208,1490331,30310819,30310832,13,2025-02-25 07:19:46.272046,2025-02-25 07:20:02.420736,16.14869
channel-208,1490332,30310820,30310832,12,2025-02-25 07:19:47.514195,2025-02-25 07:20:02.420736,14.906541
channel-0,4038887,30310832,30310850,18,2025-02-25 07:20:02.420736,2025-02-25 07:20:26.700608,24.279872
channel-208,1490333,30310833,30310843,10,2025-02-25 07:20:04.513021,2025-02-25 07:20:18.715248,14.202227
channel-122,668085,30310840,30310847,7,2025-02-25 07:20:13.600693,2025-02-25 07:20:23.185752,9.585059
channel-208,1490334,30310842,30310853,11,2025-02-25 07:20:17.455608,2025-02-25 07:20:30.233510,12.777902
channel-2188,43742,30310846,30310850,4,2025-02-25 07:20:22.089037,2025-02-25 07:20:26.700608,4.611571
channel-874,293202,30310848,30310855,7,2025-02-25 07:20:24.317133,2025-02-25 07:20:32.555803,8.23867
channel-326,538085,30310850,30310857,7,2025-02-25 07:20:26.700608,2025-02-25 07:20:34.617551,7.916943
channel-874,293203,30310850,30310856,6,2025-02-25 07:20:26.700608,2025-02-25 07:20:33.537579,6.836971
channel-0,4038888,30310855,30310863,8,2025-02-25 07:20:32.555803,2025-02-25 07:20:42.943651,10.387848
channel-2188,43743,30310859,30310863,4,2025-02-25 07:20:37.499792,2025-02-25 07:20:42.943651,5.443859
channel-750,683174,30310873,30310882,9,2025-02-25 07:20:54.939355,2025-02-25 07:21:10.327007,15.387652
channel-122,668086,30310876,30310880,4,2025-02-25 07:20:58.368715,2025-02-25 07:21:07.852931,9.484216
channel-642,126514,30310876,30310888,12,2025-02-25 07:20:58.368715,2025-02-25 07:21:17.466197,19.097482
channel-85077,60404,30310879,30310890,11,2025-02-25 07:21:05.380660,2025-02-25 07:21:19.753643,14.372983
channel-412,64604,30310881,30310892,11,2025-02-25 07:21:09.258647,2025-02-25 07:21:23.744276,14.485629
channel-113,301339,30310882,30310927,45,2025-02-25 07:21:10.327007,2025-02-25 07:22:10.034799,59.707792
channel-94814,3773,30310883,30310893,10,2025-02-25 07:21:11.728115,2025-02-25 07:21:24.849777,13.121662
channel-2694,3303,30310883,30310910,27,2025-02-25 07:21:11.728115,2025-02-25 07:21:45.219242,33.491127
channel-0,4038889,30310885,30310907,22,2025-02-25 07:21:13.986506,2025-02-25 07:21:41.659240,27.672734
channel-2,130651,30310887,30310899,12,2025-02-25 07:21:16.368898,2025-02-25 07:21:32.468877,16.099979
channel-0,4038890,30310889,30310903,14,2025-02-25 07:21:18.589709,2025-02-25 07:21:36.983707,18.393998
channel-85077,60405,30310890,30310900,10,2025-02-25 07:21:19.753643,2025-02-25 07:21:33.587919,13.834276
channel-88,467136,30310891,30310917,26,2025-02-25 07:21:22.054282,2025-02-25 07:21:53.235012,31.18073
channel-750,683175,30310894,30310898,4,2025-02-25 07:21:26.910918,2025-02-25 07:21:31.433278,4.52236
channel-1,408429,30310898,30310933,35,2025-02-25 07:21:31.433278,2025-02-25 07:22:18.421804,46.988526
channel-642,126515,30310904,30310920,16,2025-02-25 07:21:38.207408,2025-02-25 07:21:56.687887,18.480479
channel-22172,2619,30310905,30310920,15,2025-02-25 07:21:39.431080,2025-02-25 07:21:56.687887,17.256807
channel-75,845079,30310906,30310913,7,2025-02-25 07:21:40.533193,2025-02-25 07:21:48.602130,8.068937
channel-0,4038891,30310913,30310927,14,2025-02-25 07:21:48.602130,2025-02-25 07:22:10.034799,21.432669
channel-113,301340,30310914,30310962,48,2025-02-25 07:21:49.770746,2025-02-25 07:22:55.522271,65.751525
channel-91017,2864,30310919,30310930,11,2025-02-25 07:21:55.480266,2025-02-25 07:22:14.590748,19.110482
channel-750,683176,30310924,30310933,9,2025-02-25 07:22:01.319945,2025-02-25 07:22:18.421804,17.101859
channel-75755,5543,30310924,30310935,11,2025-02-25 07:22:01.319945,2025-02-25 07:22:21.664090,20.344145
channel-79703,4450,30310927,30310938,11,2025-02-25 07:22:10.034799,2025-02-25 07:22:25.223729,15.18893
channel-750,683177,30310936,30310944,8,2025-02-25 07:22:22.692980,2025-02-25 07:22:33.364649,10.671669
channel-874,293204,30310942,30310949,7,2025-02-25 07:22:29.755317,2025-02-25 07:22:39.248343,9.493026
channel-874,293205,30310943,30310949,6,2025-02-25 07:22:31.118360,2025-02-25 07:22:39.248343,8.129983
channel-6994,1324921,30310945,30310956,11,2025-02-25 07:22:34.557451,2025-02-25 07:22:47.138780,12.581329
channel-6787,166720,30310953,30310958,5,2025-02-25 07:22:43.770890,2025-02-25 07:22:50.298344,6.527454
channel-0,4038892,30310956,30310965,9,2025-02-25 07:22:47.138780,2025-02-25 07:22:59.245362,12.106582
channel-6994,1324922,30310960,30310971,11,2025-02-25 07:22:53.250301,2025-02-25 07:23:06.366833,13.116532
channel-75,845080,30310960,30310969,9,2025-02-25 07:22:53.250301,2025-02-25 07:23:04.153627,10.903326
channel-2188,43744,30310961,30310966,5,2025-02-25 07:22:54.339239,2025-02-25 07:23:00.353925,6.014686
channel-2494,31951,30310964,30310975,11,2025-02-25 07:22:57.811244,2025-02-25 07:23:11.010547,13.199303
channel-259,314349,30310965,30310972,7,2025-02-25 07:22:59.245362,2025-02-25 07:23:07.480547,8.235185
channel-75,845081,30310968,30310980,12,2025-02-25 07:23:02.922412,2025-02-25 07:23:19.080821,16.158409
channel-0,4038893,30310977,30310988,11,2025-02-25 07:23:13.485647,2025-02-25 07:23:27.643798,14.158151
channel-85077,60406,30310980,30310989,9,2025-02-25 07:23:19.080821,2025-02-25 07:23:28.864378,9.783557
channel-874,293206,30310981,30310987,6,2025-02-25 07:23:20.135518,2025-02-25 07:23:26.511462,6.375944
channel-750,683178,30310985,30311007,22,2025-02-25 07:23:24.392351,2025-02-25 07:23:54.598820,30.206469
channel-750,683179,30310988,30310997,9,2025-02-25 07:23:27.643798,2025-02-25 07:23:41.465180,13.821382
channel-750,683180,30311005,30311020,15,2025-02-25 07:23:50.827239,2025-02-25 07:24:09.518411,18.691172
channel-259,314350,30311007,30311013,6,2025-02-25 07:23:54.598820,2025-02-25 07:24:01.476874,6.878054
channel-750,683181,30311015,30311024,9,2025-02-25 07:24:03.887723,2025-02-25 07:24:14.951010,11.063287
channel-750,683182,30311020,30311024,4,2025-02-25 07:24:09.518411,2025-02-25 07:24:14.951010,5.432599
channel-122,668087,30311032,30311038,6,2025-02-25 07:24:25.742171,2025-02-25 07:24:32.399138,6.656967
channel-75016,4653,30311033,30311059,26,2025-02-25 07:24:26.883392,2025-02-25 07:24:59.023246,32.139854
channel-85077,60407,30311033,30311046,13,2025-02-25 07:24:26.883392,2025-02-25 07:24:42.644274,15.760882
channel-208,1490335,30311037,30311048,11,2025-02-25 07:24:31.269232,2025-02-25 07:24:44.963754,13.694522
channel-326,538086,30311038,30311044,6,2025-02-25 07:24:32.399138,2025-02-25 07:24:40.083469,7.684331
channel-874,293207,30311039,30311048,9,2025-02-25 07:24:34.498220,2025-02-25 07:24:44.963754,10.465534
channel-2494,31952,30311040,30311053,13,2025-02-25 07:24:35.554535,2025-02-25 07:24:50.633425,15.07889
channel-642,126516,30311042,30311055,13,2025-02-25 07:24:37.894036,2025-02-25 07:24:52.771403,14.877367
channel-91017,2865,30311042,30311058,16,2025-02-25 07:24:37.894036,2025-02-25 07:24:57.841986,19.94795
channel-750,683183,30311044,30311055,11,2025-02-25 07:24:40.083469,2025-02-25 07:24:52.771403,12.687934
channel-6994,1324923,30311044,30311067,23,2025-02-25 07:24:40.083469,2025-02-25 07:25:11.931069,31.8476
channel-6994,1324924,30311044,30311055,11,2025-02-25 07:24:40.083469,2025-02-25 07:24:52.771403,12.687934
channel-85077,60408,30311045,30311055,10,2025-02-25 07:24:41.572157,2025-02-25 07:24:52.771403,11.199246
channel-113,301341,30311045,30311104,59,2025-02-25 07:24:41.572157,2025-02-25 07:26:07.480711,85.908554
channel-750,683184,30311045,30311052,7,2025-02-25 07:24:41.572157,2025-02-25 07:24:49.462156,7.889999
channel-19774,346010,30311048,30311059,11,2025-02-25 07:24:44.963754,2025-02-25 07:24:59.023246,14.059492
channel-326,538087,30311053,30311059,6,2025-02-25 07:24:50.633425,2025-02-25 07:24:59.023246,8.389821
channel-6994,1324925,30311054,30311096,42,2025-02-25 07:24:51.751545,2025-02-25 07:25:56.291971,64.540426
channel-750,683185,30311054,30311064,10,2025-02-25 07:24:51.751545,2025-02-25 07:25:08.531303,16.779758
channel-19774,346011,30311056,30311064,8,2025-02-25 07:24:54.944731,2025-02-25 07:25:08.531303,13.586572
channel-19774,346012,30311057,30311068,11,2025-02-25 07:24:56.189553,2025-02-25 07:25:13.159691,16.970138
channel-412,64605,30311059,30311078,19,2025-02-25 07:24:59.023246,2025-02-25 07:25:26.893821,27.870575
channel-91017,2866,30311059,30311070,11,2025-02-25 07:24:59.023246,2025-02-25 07:25:15.552068,16.528822
channel-874,293208,30311059,30311064,5,2025-02-25 07:24:59.023246,2025-02-25 07:25:08.531303,9.508057
channel-122,668088,30311059,30311064,5,2025-02-25 07:24:59.023246,2025-02-25 07:25:08.531303,9.508057
channel-874,293209,30311059,30311068,9,2025-02-25 07:24:59.023246,2025-02-25 07:25:13.159691,14.136445
channel-6994,1324926,30311061,30311072,11,2025-02-25 07:25:04.462832,2025-02-25 07:25:17.817908,13.355076
channel-5,184303,30311061,30311072,11,2025-02-25 07:25:04.462832,2025-02-25 07:25:17.817908,13.355076
channel-75,845082,30311064,30311071,7,2025-02-25 07:25:08.531303,2025-02-25 07:25:16.659247,8.127944
channel-85077,60409,30311066,30311077,11,2025-02-25 07:25:10.758575,2025-02-25 07:25:25.704722,14.946147
channel-874,293210,30311066,30311074,8,2025-02-25 07:25:10.758575,2025-02-25 07:25:21.169458,10.410883
channel-2188,43745,30311068,30311072,4,2025-02-25 07:25:13.159691,2025-02-25 07:25:17.817908,4.658217
channel-122,668089,30311069,30311086,17,2025-02-25 07:25:14.428331,2025-02-25 07:25:43.148919,28.720588
channel-750,683186,30311069,30311081,12,2025-02-25 07:25:14.428331,2025-02-25 07:25:31.725129,17.296798
channel-208,1490336,30311069,30311077,8,2025-02-25 07:25:14.428331,2025-02-25 07:25:25.704722,11.276391
channel-85077,60410,30311072,30311086,14,2025-02-25 07:25:17.817908,2025-02-25 07:25:43.148919,25.331011
channel-0,4038894,30311075,30311090,15,2025-02-25 07:25:23.338255,2025-02-25 07:25:48.434885,25.09663
channel-19774,346013,30311080,30311089,9,2025-02-25 07:25:30.590398,2025-02-25 07:25:47.237236,16.646838
channel-6994,1324927,30311080,30311091,11,2025-02-25 07:25:30.590398,2025-02-25 07:25:49.699421,19.109023
channel-0,4038895,30311083,30311104,21,2025-02-25 07:25:38.134800,2025-02-25 07:26:07.480711,29.345911
channel-122,668090,30311084,30311113,29,2025-02-25 07:25:39.437997,2025-02-25 07:26:18.614553,39.176556
channel-6994,1324928,30311084,30311096,12,2025-02-25 07:25:39.437997,2025-02-25 07:25:56.291971,16.853974
channel-750,683187,30311084,30311115,31,2025-02-25 07:25:39.437997,2025-02-25 07:26:21.005946,41.567949
channel-91017,2867,30311084,30311094,10,2025-02-25 07:25:39.437997,2025-02-25 07:25:53.918607,14.48061
channel-75016,4654,30311085,30311133,48,2025-02-25 07:25:41.226931,2025-02-25 07:26:44.514835,63.287904
channel-874,293211,30311088,30311096,8,2025-02-25 07:25:45.567975,2025-02-25 07:25:56.291971,10.723996
channel-19774,346014,30311089,30311097,8,2025-02-25 07:25:47.237236,2025-02-25 07:25:59.026611,11.789375
channel-750,683188,30311091,30311096,5,2025-02-25 07:25:49.699421,2025-02-25 07:25:56.291971,6.59255
channel-412,64606,30311093,30311110,17,2025-02-25 07:25:52.822997,2025-02-25 07:26:14.930538,22.107541
channel-4,166983,30311093,30311153,60,2025-02-25 07:25:52.822997,2025-02-25 07:27:09.691282,76.868285
channel-1424,7344,30311093,30311101,8,2025-02-25 07:25:52.822997,2025-02-25 07:26:03.984520,11.161523
channel-85077,60411,30311093,30311101,8,2025-02-25 07:25:52.822997,2025-02-25 07:26:03.984520,11.161523
channel-874,293212,30311093,30312569,1476,2025-02-25 07:25:52.822997,2025-02-25 07:58:09.076717,1936.25372
channel-642,126517,30311093,30311157,64,2025-02-25 07:25:52.822997,2025-02-25 07:27:14.861790,82.038793
channel-77,50267,30311093,30311103,10,2025-02-25 07:25:52.822997,2025-02-25 07:26:06.262423,13.439426
channel-0,4038896,30311094,30311119,25,2025-02-25 07:25:53.918607,2025-02-25 07:26:25.641563,31.722956
channel-5,184304,30311095,30311103,8,2025-02-25 07:25:55.202651,2025-02-25 07:26:06.262423,11.059772
channel-750,683189,30311096,30311118,22,2025-02-25 07:25:56.291971,2025-02-25 07:26:24.493651,28.20168
channel-259,314351,30311096,30311101,5,2025-02-25 07:25:56.291971,2025-02-25 07:26:03.984520,7.692549
channel-750,683190,30311096,30311118,22,2025-02-25 07:25:56.291971,2025-02-25 07:26:24.493651,28.20168
channel-208,1490337,30311096,30311108,12,2025-02-25 07:25:56.291971,2025-02-25 07:26:12.480120,16.188149
channel-0,4038897,30311099,30311109,10,2025-02-25 07:26:01.601761,2025-02-25 07:26:13.815317,12.213556
channel-208,1490338,30311100,30311113,13,2025-02-25 07:26:02.726040,2025-02-25 07:26:18.614553,15.888513
channel-750,683191,30311100,30311106,6,2025-02-25 07:26:02.726040,2025-02-25 07:26:10.090513,7.364473
channel-85186,860,30311102,30311115,13,2025-02-25 07:26:05.117850,2025-02-25 07:26:21.005946,15.888096
channel-874,293213,30311102,30311109,7,2025-02-25 07:26:05.117850,2025-02-25 07:26:13.815317,8.697467
channel-85077,60412,30311103,30311119,16,2025-02-25 07:26:06.262423,2025-02-25 07:26:25.641563,19.37914
channel-750,683192,30311104,30311126,22,2025-02-25 07:26:07.480711,2025-02-25 07:26:35.624668,28.143957
channel-5,184305,30311104,30311116,12,2025-02-25 07:26:07.480711,2025-02-25 07:26:22.152480,14.671769
channel-0,4038898,30311105,30311127,22,2025-02-25 07:26:08.759838,2025-02-25 07:26:37.226960,28.467122
channel-75,845083,30311108,30311115,7,2025-02-25 07:26:12.480120,2025-02-25 07:26:21.005946,8.525826
channel-113,301342,30311110,30311183,73,2025-02-25 07:26:14.930538,2025-02-25 07:27:45.885357,90.954819
channel-75,845084,30311111,30311117,6,2025-02-25 07:26:16.131005,2025-02-25 07:26:23.261256,7.130251
channel-874,293214,30311117,30311125,8,2025-02-25 07:26:23.261256,2025-02-25 07:26:34.413769,11.152513
channel-122,668091,30311119,30311123,4,2025-02-25 07:26:25.641563,2025-02-25 07:26:31.570713,5.92915
channel-208,1490339,30311120,30311130,10,2025-02-25 07:26:26.782593,2025-02-25 07:26:40.875718,14.093125
channel-208,1490340,30311120,30311130,10,2025-02-25 07:26:26.782593,2025-02-25 07:26:40.875718,14.093125
channel-259,314352,30311120,30311127,7,2025-02-25 07:26:26.782593,2025-02-25 07:26:37.226960,10.444367
channel-19774,346015,30311121,30311130,9,2025-02-25 07:26:27.939740,2025-02-25 07:26:40.875718,12.935978
channel-6787,166721,30311121,30311126,5,2025-02-25 07:26:27.939740,2025-02-25 07:26:35.624668,7.684928
channel-750,683193,30311121,30311130,9,2025-02-25 07:26:27.939740,2025-02-25 07:26:40.875718,12.935978
channel-85077,60413,30311122,30311133,11,2025-02-25 07:26:30.418136,2025-02-25 07:26:44.514835,14.096699
channel-0,4038899,30311124,30311137,13,2025-02-25 07:26:33.300773,2025-02-25 07:26:49.095959,15.795186
channel-874,293215,30311125,30311132,7,2025-02-25 07:26:34.413769,2025-02-25 07:26:43.133102,8.719333
channel-75016,4655,30311125,30311150,25,2025-02-25 07:26:34.413769,2025-02-25 07:27:05.835344,31.421575
channel-874,293216,30311127,30311134,7,2025-02-25 07:26:37.226960,2025-02-25 07:26:45.692799,8.465839
channel-85077,60414,30311127,30311142,15,2025-02-25 07:26:37.226960,2025-02-25 07:26:55.237183,18.010223
channel-19774,346016,30311127,30311140,13,2025-02-25 07:26:37.226960,2025-02-25 07:26:52.602068,15.375108
channel-208,1490341,30311131,30311140,9,2025-02-25 07:26:41.984866,2025-02-25 07:26:52.602068,10.617202
channel-208,1490342,30311132,30311145,13,2025-02-25 07:26:43.133102,2025-02-25 07:26:58.484691,15.351589
channel-783,104278,30311132,30311145,13,2025-02-25 07:26:43.133102,2025-02-25 07:26:58.484691,15.351589
channel-783,104279,30311132,30311145,13,2025-02-25 07:26:43.133102,2025-02-25 07:26:58.484691,15.351589
channel-6994,1324930,30311133,30311146,13,2025-02-25 07:26:44.514835,2025-02-25 07:27:00.580808,16.065973
channel-326,538088,30311137,30311145,8,2025-02-25 07:26:49.095959,2025-02-25 07:26:58.484691,9.388732
channel-5,184306,30311137,30311145,8,2025-02-25 07:26:49.095959,2025-02-25 07:26:58.484691,9.388732
channel-19774,346017,30311140,30311147,7,2025-02-25 07:26:52.602068,2025-02-25 07:27:02.691265,10.089197
channel-2188,43746,30311141,30311145,4,2025-02-25 07:26:53.928993,2025-02-25 07:26:58.484691,4.555698
channel-208,1490343,30311144,30311154,10,2025-02-25 07:26:57.418668,2025-02-25 07:27:10.871018,13.45235
channel-5,184307,30311145,30311156,11,2025-02-25 07:26:58.484691,2025-02-25 07:27:13.182499,14.697808
channel-6994,1324931,30311147,30311159,12,2025-02-25 07:27:02.691265,2025-02-25 07:27:17.116997,14.425732
channel-91017,2868,30311151,30311163,12,2025-02-25 07:27:07.224756,2025-02-25 07:27:21.669483,14.444727
channel-208,1490344,30311152,30311163,11,2025-02-25 07:27:08.450845,2025-02-25 07:27:21.669483,13.218638
channel-143,128388,30311153,30311177,24,2025-02-25 07:27:09.691282,2025-02-25 07:27:38.892694,29.201412
channel-412,64607,30311154,30311165,11,2025-02-25 07:27:10.871018,2025-02-25 07:27:23.999257,13.128239
channel-208,1490345,30311157,30311169,12,2025-02-25 07:27:14.861790,2025-02-25 07:27:28.441150,13.57936
channel-750,683194,30311159,30311165,6,2025-02-25 07:27:17.116997,2025-02-25 07:27:23.999257,6.88226
channel-874,293217,30311160,30311168,8,2025-02-25 07:27:18.235302,2025-02-25 07:27:27.274525,9.039223
channel-874,293218,30311160,30311169,9,2025-02-25 07:27:18.235302,2025-02-25 07:27:28.441150,10.205848
channel-874,293219,30311162,30311169,7,2025-02-25 07:27:20.606326,2025-02-25 07:27:28.441150,7.834824
channel-6994,1324932,30311162,30311176,14,2025-02-25 07:27:20.606326,2025-02-25 07:27:37.690342,17.084016
channel-208,1490346,30311162,30311173,11,2025-02-25 07:27:20.606326,2025-02-25 07:27:34.264790,13.658464
channel-4,166984,30311164,30311217,53,2025-02-25 07:27:22.869659,2025-02-25 07:28:33.070984,70.201325
channel-750,683195,30311164,30311171,7,2025-02-25 07:27:22.869659,2025-02-25 07:27:32.083210,9.213551
channel-0,4038900,30311165,30311176,11,2025-02-25 07:27:23.999257,2025-02-25 07:27:37.690342,13.691085
channel-75016,4656,30311165,30311190,25,2025-02-25 07:27:23.999257,2025-02-25 07:27:55.394190,31.394933
channel-208,1490347,30311168,30311178,10,2025-02-25 07:27:27.274525,2025-02-25 07:27:40.016546,12.742021
channel-19774,346018,30311169,30311182,13,2025-02-25 07:27:28.441150,2025-02-25 07:27:44.707422,16.266272
channel-85077,60415,30311171,30311183,12,2025-02-25 07:27:32.083210,2025-02-25 07:27:45.885357,13.802147
channel-0,4038901,30311174,30311185,11,2025-02-25 07:27:35.411723,2025-02-25 07:27:48.249510,12.837787
channel-5,184308,30311176,30311186,10,2025-02-25 07:27:37.690342,2025-02-25 07:27:50.919697,13.229355
channel-750,683196,30311176,30311190,14,2025-02-25 07:27:37.690342,2025-02-25 07:27:55.394190,17.703848
channel-2188,43747,30311180,30311185,5,2025-02-25 07:27:42.432068,2025-02-25 07:27:48.249510,5.817442
channel-87,182906,30311181,30311215,34,2025-02-25 07:27:43.576404,2025-02-25 07:28:29.313399,45.736995
channel-1,408430,30311183,30311214,31,2025-02-25 07:27:45.885357,2025-02-25 07:28:28.134982,42.249625
channel-208,1490348,30311184,30311196,12,2025-02-25 07:27:47.112944,2025-02-25 07:28:03.872400,16.759456
channel-1424,7345,30311185,30311196,11,2025-02-25 07:27:48.249510,2025-02-25 07:28:03.872400,15.62289
channel-0,4038902,30311185,30311193,8,2025-02-25 07:27:48.249510,2025-02-25 07:28:00.427049,12.177539
channel-208,1490349,30311186,30311196,10,2025-02-25 07:27:50.919697,2025-02-25 07:28:03.872400,12.952703
channel-6994,1324933,30311188,30311242,54,2025-02-25 07:27:53.027395,2025-02-25 07:29:05.625145,72.59775
channel-874,293220,30311189,30311193,4,2025-02-25 07:27:54.269918,2025-02-25 07:28:00.427049,6.157131
channel-15464,2661,30311189,30311203,14,2025-02-25 07:27:54.269918,2025-02-25 07:28:13.138391,18.868473
channel-87,182907,30311190,30311236,46,2025-02-25 07:27:55.394190,2025-02-25 07:28:58.810540,63.41635
channel-91017,2869,30311190,30311201,11,2025-02-25 07:27:55.394190,2025-02-25 07:28:09.526378,14.132188
channel-208,1490350,30311190,30311201,11,2025-02-25 07:27:55.394190,2025-02-25 07:28:09.526378,14.132188
channel-750,683197,30311191,30311205,14,2025-02-25 07:27:57.119798,2025-02-25 07:28:15.294597,18.174799
channel-874,293221,30311191,30311207,16,2025-02-25 07:27:57.119798,2025-02-25 07:28:18.562082,21.442284
channel-750,683198,30311191,30311201,10,2025-02-25 07:27:57.119798,2025-02-25 07:28:09.526378,12.40658
channel-750,683199,30311191,30311210,19,2025-02-25 07:27:57.119798,2025-02-25 07:28:22.842343,25.722545
channel-783,104280,30311192,30311199,7,2025-02-25 07:27:59.281037,2025-02-25 07:28:07.197722,7.916685
channel-0,4038903,30311192,30311217,25,2025-02-25 07:27:59.281037,2025-02-25 07:28:33.070984,33.789947
channel-5,184309,30311196,30311206,10,2025-02-25 07:28:03.872400,2025-02-25 07:28:16.470793,12.598393
channel-87,182908,30311197,30311247,50,2025-02-25 07:28:04.946512,2025-02-25 07:29:11.746890,66.800378
channel-874,293222,30311199,30311207,8,2025-02-25 07:28:07.197722,2025-02-25 07:28:18.562082,11.36436
channel-208,1490351,30311199,30311209,10,2025-02-25 07:28:07.197722,2025-02-25 07:28:20.691484,13.493762
channel-4,166985,30311200,30311243,43,2025-02-25 07:28:08.297333,2025-02-25 07:29:06.760288,58.462955
channel-5,184310,30311200,30311208,8,2025-02-25 07:28:08.297333,2025-02-25 07:28:19.658685,11.361352
channel-750,683200,30311201,30311215,14,2025-02-25 07:28:09.526378,2025-02-25 07:28:29.313399,19.787021
channel-6994,1324934,30311201,30311214,13,2025-02-25 07:28:09.526378,2025-02-25 07:28:28.134982,18.608604
channel-5,184311,30311201,30311208,7,2025-02-25 07:28:09.526378,2025-02-25 07:28:19.658685,10.132307
channel-122,668092,30311203,30311206,3,2025-02-25 07:28:13.138391,2025-02-25 07:28:16.470793,3.332402
channel-87,182909,30311204,30311250,46,2025-02-25 07:28:14.228870,2025-02-25 07:29:16.072445,61.843575
channel-75016,4657,30311206,30311225,19,2025-02-25 07:28:16.470793,2025-02-25 07:28:45.221028,28.750235
channel-750,683201,30311210,30311217,7,2025-02-25 07:28:22.842343,2025-02-25 07:28:33.070984,10.228641
channel-0,4038904,30311211,30311231,20,2025-02-25 07:28:23.949076,2025-02-25 07:28:52.081746,28.13267
channel-94814,3774,30311215,30311229,14,2025-02-25 07:28:29.313399,2025-02-25 07:28:49.681478,20.368079
channel-5,184312,30311215,30311226,11,2025-02-25 07:28:29.313399,2025-02-25 07:28:46.310316,16.996917
channel-75016,4658,30311216,30311245,29,2025-02-25 07:28:31.921304,2025-02-25 07:29:09.218781,37.297477
channel-122,668093,30311218,30311221,3,2025-02-25 07:28:34.302948,2025-02-25 07:28:40.048832,5.745884
channel-87,182910,30311219,30311259,40,2025-02-25 07:28:36.705670,2025-02-25 07:29:27.035189,50.329519
channel-2694,3304,30311220,30311252,32,2025-02-25 07:28:38.898430,2025-02-25 07:29:18.458330,39.5599
channel-750,683202,30311220,30311225,5,2025-02-25 07:28:38.898430,2025-02-25 07:28:45.221028,6.322598
channel-208,1490352,30311222,30311234,12,2025-02-25 07:28:41.730004,2025-02-25 07:28:56.453882,14.723878
channel-2,130652,30311225,30311237,12,2025-02-25 07:28:45.221028,2025-02-25 07:28:59.991893,14.770865
channel-6994,1324935,30311227,30311242,15,2025-02-25 07:28:47.428599,2025-02-25 07:29:05.625145,18.196546
channel-326,538089,30311229,30311234,5,2025-02-25 07:28:49.681478,2025-02-25 07:28:56.453882,6.772404
channel-122,668094,30311232,30311236,4,2025-02-25 07:28:53.233064,2025-02-25 07:28:58.810540,5.577476
channel-5,184313,30311234,30311245,11,2025-02-25 07:28:56.453882,2025-02-25 07:29:09.218781,12.764899
channel-19774,346019,30311235,30311245,10,2025-02-25 07:28:57.678016,2025-02-25 07:29:09.218781,11.540765
channel-5,184314,30311236,30311248,12,2025-02-25 07:28:58.810540,2025-02-25 07:29:13.898018,15.087478
channel-750,683203,30311237,30311247,10,2025-02-25 07:28:59.991893,2025-02-25 07:29:11.746890,11.754997
channel-750,683204,30311238,30311247,9,2025-02-25 07:29:01.102562,2025-02-25 07:29:11.746890,10.644328
channel-1429,140734,30311241,30311252,11,2025-02-25 07:29:04.489540,2025-02-25 07:29:18.458330,13.96879
channel-0,4038905,30311242,30311251,9,2025-02-25 07:29:05.625145,2025-02-25 07:29:17.197225,11.57208
channel-1429,140735,30311245,30311257,12,2025-02-25 07:29:09.218781,2025-02-25 07:29:24.606952,15.388171
channel-4,166986,30311246,30311275,29,2025-02-25 07:29:10.453388,2025-02-25 07:29:49.330378,38.87699
channel-750,683205,30311246,30311253,7,2025-02-25 07:29:10.453388,2025-02-25 07:29:19.525528,9.07214
channel-874,293223,30311247,30311253,6,2025-02-25 07:29:11.746890,2025-02-25 07:29:19.525528,7.778638
channel-79180,3375,30311247,30311259,12,2025-02-25 07:29:11.746890,2025-02-25 07:29:27.035189,15.288299
channel-91017,2870,30311248,30311264,16,2025-02-25 07:29:13.898018,2025-02-25 07:29:34.163574,20.265556
channel-208,1490353,30311251,30311260,9,2025-02-25 07:29:17.197225,2025-02-25 07:29:28.120772,10.923547
channel-750,683206,30311254,30311365,111,2025-02-25 07:29:21.287634,2025-02-25 07:31:46.461892,145.174258
channel-208,1490354,30311259,30311269,10,2025-02-25 07:29:27.035189,2025-02-25 07:29:40.790162,13.754973
channel-259,314353,30311262,30311269,7,2025-02-25 07:29:30.580998,2025-02-25 07:29:40.790162,10.209164
channel-5,184315,30311263,30311271,8,2025-02-25 07:29:31.818392,2025-02-25 07:29:44.650088,12.831696
channel-2188,43748,30311266,30311269,3,2025-02-25 07:29:36.441176,2025-02-25 07:29:40.790162,4.348986
channel-0,4038906,30311267,30311278,11,2025-02-25 07:29:37.608848,2025-02-25 07:29:52.587263,14.978415
channel-208,1490355,30311268,30311279,11,2025-02-25 07:29:38.683370,2025-02-25 07:29:53.674237,14.990867
channel-750,683207,30311269,30311288,19,2025-02-25 07:29:40.790162,2025-02-25 07:30:04.204222,23.41406
channel-326,538090,30311269,30311276,7,2025-02-25 07:29:40.790162,2025-02-25 07:29:50.398090,9.607928
channel-143,128389,30311274,30311310,36,2025-02-25 07:29:48.136077,2025-02-25 07:30:34.401287,46.26521
channel-874,293224,30311279,30311285,6,2025-02-25 07:29:53.674237,2025-02-25 07:30:00.616081,6.941844
channel-115,20410,30311281,30311294,13,2025-02-25 07:29:55.989939,2025-02-25 07:30:11.726209,15.73627
channel-750,683208,30311283,30311288,5,2025-02-25 07:29:58.263146,2025-02-25 07:30:04.204222,5.941076
channel-6787,166722,30311285,30311289,4,2025-02-25 07:30:00.616081,2025-02-25 07:30:05.906231,5.29015
channel-0,4038907,30311289,30311315,26,2025-02-25 07:30:05.906231,2025-02-25 07:30:40.097013,34.190782
channel-750,683209,30311290,30311295,5,2025-02-25 07:30:07.038161,2025-02-25 07:30:16.192274,9.154113
channel-750,683210,30311291,30311295,4,2025-02-25 07:30:08.107290,2025-02-25 07:30:16.192274,8.084984
channel-6994,1324936,30311292,30311337,45,2025-02-25 07:30:09.234750,2025-02-25 07:31:08.596530,59.36178
channel-750,683211,30311294,30311305,11,2025-02-25 07:30:11.726209,2025-02-25 07:30:28.600225,16.874016
channel-95,331597,30311295,30311313,18,2025-02-25 07:30:16.192274,2025-02-25 07:30:37.894826,21.702552
channel-208,1490356,30311303,30311315,12,2025-02-25 07:30:26.320076,2025-02-25 07:30:40.097013,13.776937
channel-750,683212,30311308,30311321,13,2025-02-25 07:30:32.122560,2025-02-25 07:30:48.342531,16.219971
channel-750,683213,30311310,30311315,5,2025-02-25 07:30:34.401287,2025-02-25 07:30:40.097013,5.695726
channel-874,293225,30311313,30311319,6,2025-02-25 07:30:37.894826,2025-02-25 07:30:46.124443,8.229617
channel-22172,2620,30311317,30311331,14,2025-02-25 07:30:42.575320,2025-02-25 07:31:00.544648,17.969328
channel-750,683214,30311318,30311323,5,2025-02-25 07:30:44.935344,2025-02-25 07:30:50.836904,5.90156
channel-95,331598,30311321,30311334,13,2025-02-25 07:30:48.342531,2025-02-25 07:31:04.860566,16.518035
channel-750,683215,30311322,30311332,10,2025-02-25 07:30:49.635428,2025-02-25 07:31:01.656044,12.020616
channel-0,4038908,30311322,30311333,11,2025-02-25 07:30:49.635428,2025-02-25 07:31:02.815996,13.180568
channel-108,39852,30311334,30311386,52,2025-02-25 07:31:04.860566,2025-02-25 07:32:13.642979,68.782413
channel-108,39853,30311336,30311386,50,2025-02-25 07:31:07.446033,2025-02-25 07:32:13.642979,66.196946
channel-19774,346020,30311337,30311343,6,2025-02-25 07:31:08.596530,2025-02-25 07:31:15.464453,6.867923
channel-874,293226,30311340,30311347,7,2025-02-25 07:31:11.926438,2025-02-25 07:31:20.060889,8.134451
channel-6994,1324937,30311340,30311352,12,2025-02-25 07:31:11.926438,2025-02-25 07:31:26.185254,14.258816
channel-4,166987,30311345,30311355,10,2025-02-25 07:31:17.681956,2025-02-25 07:31:30.176245,12.494289
channel-82,18958,30311347,30311401,54,2025-02-25 07:31:20.060889,2025-02-25 07:32:32.428578,72.367689
channel-2188,43749,30311348,30311352,4,2025-02-25 07:31:21.274948,2025-02-25 07:31:26.185254,4.910306
channel-0,4038909,30311353,30311363,10,2025-02-25 07:31:27.354424,2025-02-25 07:31:42.989322,15.634898
channel-2694,3305,30311356,30311385,29,2025-02-25 07:31:32.299011,2025-02-25 07:32:12.533833,40.234822
channel-188,190588,30311359,30311400,41,2025-02-25 07:31:37.378967,2025-02-25 07:32:31.292989,53.914022
channel-208,1490357,30311360,30311371,11,2025-02-25 07:31:38.538135,2025-02-25 07:31:54.712613,16.174478
channel-750,683216,30311360,30311366,6,2025-02-25 07:31:38.538135,2025-02-25 07:31:48.856409,10.318274
channel-208,1490358,30311363,30311371,8,2025-02-25 07:31:42.989322,2025-02-25 07:31:54.712613,11.723291
channel-42,1490029,30311365,30311371,6,2025-02-25 07:31:46.461892,2025-02-25 07:31:54.712613,8.250721
channel-143,128390,30311365,30311389,24,2025-02-25 07:31:46.461892,2025-02-25 07:32:17.828157,31.366265
channel-326,538091,30311366,30311372,6,2025-02-25 07:31:48.856409,2025-02-25 07:31:56.043824,7.187415
channel-6994,1324938,30311369,30311383,14,2025-02-25 07:31:52.428617,2025-02-25 07:32:09.962915,17.534298
channel-143,128391,30311369,30311437,68,2025-02-25 07:31:52.428617,2025-02-25 07:33:18.037830,85.609213
channel-6994,1324939,30311370,30311383,13,2025-02-25 07:31:53.573895,2025-02-25 07:32:09.962915,16.38902
channel-874,293227,30311371,30311377,6,2025-02-25 07:31:54.712613,2025-02-25 07:32:02.076230,7.363617
channel-144,86691,30311371,30311382,11,2025-02-25 07:31:54.712613,2025-02-25 07:32:08.732334,14.019721
channel-5,184316,30311373,30311381,8,2025-02-25 07:31:57.171545,2025-02-25 07:32:07.334493,10.162948
channel-750,683217,30311374,30311385,11,2025-02-25 07:31:58.438816,2025-02-25 07:32:12.533833,14.095017
channel-6994,1324940,30311385,30311401,16,2025-02-25 07:32:12.533833,2025-02-25 07:32:32.428578,19.894745
channel-750,683218,30311389,30311399,10,2025-02-25 07:32:17.828157,2025-02-25 07:32:30.158023,12.329866
channel-4,166988,30311398,30311425,27,2025-02-25 07:32:28.996751,2025-02-25 07:33:03.284729,34.287978
channel-0,4038910,30311399,30311410,11,2025-02-25 07:32:30.158023,2025-02-25 07:32:44.362275,14.204252
channel-208,1490359,30311399,30311408,9,2025-02-25 07:32:30.158023,2025-02-25 07:32:42.116337,11.958314
channel-750,683219,30311408,30311414,6,2025-02-25 07:32:42.116337,2025-02-25 07:32:49.899197,7.78286
channel-874,293228,30311409,30311417,8,2025-02-25 07:32:43.317027,2025-02-25 07:32:53.364304,10.047277
channel-208,1490360,30311410,30311421,11,2025-02-25 07:32:44.362275,2025-02-25 07:32:58.881746,14.519471
channel-2188,43750,30311414,30311419,5,2025-02-25 07:32:49.899197,2025-02-25 07:32:56.022403,6.123206
channel-4,166989,30311417,30311445,28,2025-02-25 07:32:53.364304,2025-02-25 07:33:27.196348,33.832044
channel-19774,346021,30311419,30311433,14,2025-02-25 07:32:56.022403,2025-02-25 07:33:12.569698,16.547295
channel-6994,1324941,30311419,30311431,12,2025-02-25 07:32:56.022403,2025-02-25 07:33:10.233727,14.211324
channel-75016,4659,30311419,30311457,38,2025-02-25 07:32:56.022403,2025-02-25 07:33:44.133860,48.111457
channel-122,668095,30311421,30311425,4,2025-02-25 07:32:58.881746,2025-02-25 07:33:03.284729,4.402983
channel-750,683220,30311424,30311444,20,2025-02-25 07:33:02.227062,2025-02-25 07:33:26.117296,23.890234
channel-199,132754,30311425,30311435,10,2025-02-25 07:33:03.284729,2025-02-25 07:33:14.654893,11.370164
channel-750,683221,30311425,30311444,19,2025-02-25 07:33:03.284729,2025-02-25 07:33:26.117296,22.832567
channel-5,184317,30311425,30311435,10,2025-02-25 07:33:03.284729,2025-02-25 07:33:14.654893,11.370164
channel-6994,1324942,30311428,30311478,50,2025-02-25 07:33:06.612951,2025-02-25 07:34:11.661489,65.048538
channel-0,4038911,30311433,30311458,25,2025-02-25 07:33:12.569698,2025-02-25 07:33:45.477350,32.907652
channel-874,293229,30311435,30311441,6,2025-02-25 07:33:14.654893,2025-02-25 07:33:22.745503,8.09061
channel-2,130653,30311438,30311449,11,2025-02-25 07:33:19.163369,2025-02-25 07:33:33.450302,14.286933
channel-2188,43751,30311440,30311445,5,2025-02-25 07:33:21.557513,2025-02-25 07:33:27.196348,5.638835
channel-0,4038912,30311440,30311469,29,2025-02-25 07:33:21.557513,2025-02-25 07:34:01.497711,39.940198
channel-6994,1324943,30311441,30311468,27,2025-02-25 07:33:22.745503,2025-02-25 07:34:00.284681,37.539178
channel-340,3182,30311443,30311452,9,2025-02-25 07:33:25.021806,2025-02-25 07:33:36.901517,11.879711
channel-874,293230,30311444,30311449,5,2025-02-25 07:33:26.117296,2025-02-25 07:33:33.450302,7.333006
channel-412,64608,30311446,30311455,9,2025-02-25 07:33:28.316688,2025-02-25 07:33:40.771219,12.454531
channel-75,845085,30311448,30311455,7,2025-02-25 07:33:32.179271,2025-02-25 07:33:40.771219,8.591948
channel-326,538092,30311450,30311456,6,2025-02-25 07:33:34.602763,2025-02-25 07:33:41.937077,7.334314
channel-326,538093,30311454,30311458,4,2025-02-25 07:33:39.700413,2025-02-25 07:33:45.477350,5.776937
channel-6994,1324944,30311455,30311464,9,2025-02-25 07:33:40.771219,2025-02-25 07:33:54.557804,13.786585
channel-6994,1324945,30311457,30311469,12,2025-02-25 07:33:44.133860,2025-02-25 07:34:01.497711,17.363851
channel-4,166990,30311459,30311501,42,2025-02-25 07:33:47.615389,2025-02-25 07:34:43.119720,55.504331
channel-750,683222,30311463,30311467,4,2025-02-25 07:33:53.390453,2025-02-25 07:33:59.178065,5.787612
channel-0,4038913,30311465,30311477,12,2025-02-25 07:33:55.681342,2025-02-25 07:34:10.654213,14.972871
channel-874,293231,30311467,30311476,9,2025-02-25 07:33:59.178065,2025-02-25 07:34:09.548258,10.370193
channel-2188,43752,30311468,30311473,5,2025-02-25 07:34:00.284681,2025-02-25 07:34:05.959311,5.67463
channel-0,4038914,30311469,30311483,14,2025-02-25 07:34:01.497711,2025-02-25 07:34:17.225063,15.727352
channel-0,4038915,30311479,30311493,14,2025-02-25 07:34:12.714535,2025-02-25 07:34:30.618174,17.903639
channel-874,293232,30311480,30311487,7,2025-02-25 07:34:13.797325,2025-02-25 07:34:22.371800,8.574475
channel-199,132755,30311480,30311508,28,2025-02-25 07:34:13.797325,2025-02-25 07:34:51.323292,37.525967
channel-2694,3306,30311483,30311514,31,2025-02-25 07:34:17.225063,2025-02-25 07:35:00.338676,43.113613
channel-4,166991,30311485,30311511,26,2025-02-25 07:34:19.486151,2025-02-25 07:34:55.836209,36.350058
channel-0,4038916,30311485,30311498,13,2025-02-25 07:34:19.486151,2025-02-25 07:34:36.392353,16.906202
channel-0,4038917,30311486,30311508,22,2025-02-25 07:34:20.473493,2025-02-25 07:34:51.323292,30.849799
channel-750,683223,30311486,30311519,33,2025-02-25 07:34:20.473493,2025-02-25 07:35:07.381321,46.907828
channel-19774,346022,30311486,30311499,13,2025-02-25 07:34:20.473493,2025-02-25 07:34:37.438766,16.965273
channel-72,516432,30311491,30311535,44,2025-02-25 07:34:28.300389,2025-02-25 07:35:29.941806,61.641417
channel-0,4038918,30311494,30311515,21,2025-02-25 07:34:31.762481,2025-02-25 07:35:01.677055,29.914574
channel-0,4038919,30311496,30311515,19,2025-02-25 07:34:34.075331,2025-02-25 07:35:01.677055,27.601724
channel-19774,346023,30311498,30311506,8,2025-02-25 07:34:36.392353,2025-02-25 07:34:48.961180,12.568827
channel-750,683224,30311498,30311503,5,2025-02-25 07:34:36.392353,2025-02-25 07:34:45.416290,9.023937
channel-2188,43753,30311499,30311504,5,2025-02-25 07:34:37.438766,2025-02-25 07:34:46.572330,9.133564
channel-326,538094,30311499,30311504,5,2025-02-25 07:34:37.438766,2025-02-25 07:34:46.572330,9.133564
channel-6994,1324946,30311500,30311566,66,2025-02-25 07:34:38.702971,2025-02-25 07:36:09.103124,90.400153
channel-874,293233,30311502,30311509,7,2025-02-25 07:34:44.218419,2025-02-25 07:34:52.410812,8.192393
channel-750,683225,30311506,30311519,13,2025-02-25 07:34:48.961180,2025-02-25 07:35:07.381321,18.420141
channel-0,4038920,30311508,30311525,17,2025-02-25 07:34:51.323292,2025-02-25 07:35:16.086013,24.762721
channel-874,293234,30311510,30311515,5,2025-02-25 07:34:54.739336,2025-02-25 07:35:01.677055,6.937719
channel-85077,60416,30311512,30311520,8,2025-02-25 07:34:57.050681,2025-02-25 07:35:09.080665,12.029984
channel-412,64609,30311513,30311520,7,2025-02-25 07:34:59.156329,2025-02-25 07:35:09.080665,9.924336
channel-750,683226,30311513,30311527,14,2025-02-25 07:34:59.156329,2025-02-25 07:35:19.245646,20.089317
channel-874,293235,30311515,30311520,5,2025-02-25 07:35:01.677055,2025-02-25 07:35:09.080665,7.40361
channel-874,293236,30311515,30311749,234,2025-02-25 07:35:01.677055,2025-02-25 07:40:12.222742,310.545687
channel-750,683227,30311515,30311519,4,2025-02-25 07:35:01.677055,2025-02-25 07:35:07.381321,5.704266
channel-2188,43754,30311520,30311525,5,2025-02-25 07:35:09.080665,2025-02-25 07:35:16.086013,7.005348
channel-19774,346024,30311520,30311529,9,2025-02-25 07:35:09.080665,2025-02-25 07:35:21.510612,12.429947
channel-6787,166723,30311523,30311529,6,2025-02-25 07:35:13.519768,2025-02-25 07:35:21.510612,7.990844
channel-874,293237,30311523,30311530,7,2025-02-25 07:35:13.519768,2025-02-25 07:35:22.729525,9.209757
channel-19774,346025,30311524,30311532,8,2025-02-25 07:35:14.825280,2025-02-25 07:35:26.614309,11.789029
channel-85077,60417,30311525,30311537,12,2025-02-25 07:35:16.086013,2025-02-25 07:35:32.101370,16.015357
channel-85077,60418,30311526,30311539,13,2025-02-25 07:35:17.204805,2025-02-25 07:35:34.446451,17.241646
channel-0,4038921,30311527,30311537,10,2025-02-25 07:35:19.245646,2025-02-25 07:35:32.101370,12.855724
channel-412,64610,30311529,30311543,14,2025-02-25 07:35:21.510612,2025-02-25 07:35:38.966592,17.45598
channel-208,1490361,30311529,30311540,11,2025-02-25 07:35:21.510612,2025-02-25 07:35:35.526816,14.016204
channel-75755,5544,30311529,30311543,14,2025-02-25 07:35:21.510612,2025-02-25 07:35:38.966592,17.45598
channel-0,4038922,30311529,30311542,13,2025-02-25 07:35:21.510612,2025-02-25 07:35:37.834930,16.324318
channel-750,683228,30311529,30311534,5,2025-02-25 07:35:21.510612,2025-02-25 07:35:28.819628,7.309016
channel-19774,346026,30311533,30311540,7,2025-02-25 07:35:27.760741,2025-02-25 07:35:35.526816,7.766075
channel-208,1490362,30311536,30311545,9,2025-02-25 07:35:31.062146,2025-02-25 07:35:41.225705,10.163559
channel-750,683229,30311539,30311549,10,2025-02-25 07:35:34.446451,2025-02-25 07:35:45.444248,10.997797
channel-85077,60419,30311539,30311552,13,2025-02-25 07:35:34.446451,2025-02-25 07:35:49.067336,14.620885
channel-874,293238,30311539,30311545,6,2025-02-25 07:35:34.446451,2025-02-25 07:35:41.225705,6.779254
channel-874,293239,30311540,30311749,209,2025-02-25 07:35:35.526816,2025-02-25 07:40:12.222742,276.695926
channel-85077,60420,30311542,30311560,18,2025-02-25 07:35:37.834930,2025-02-25 07:36:01.530498,23.695568
channel-85077,60421,30311543,30311555,12,2025-02-25 07:35:38.966592,2025-02-25 07:35:53.148389,14.181797
channel-0,4038923,30311543,30311553,10,2025-02-25 07:35:38.966592,2025-02-25 07:35:50.869140,11.902548
channel-874,293240,30311545,30311554,9,2025-02-25 07:35:41.225705,2025-02-25 07:35:52.060164,10.834459
channel-6787,166724,30311545,30311549,4,2025-02-25 07:35:41.225705,2025-02-25 07:35:45.444248,4.218543
channel-88,467137,30311547,30311573,26,2025-02-25 07:35:43.179882,2025-02-25 07:36:17.727187,34.547305
channel-874,293241,30311547,30311555,8,2025-02-25 07:35:43.179882,2025-02-25 07:35:53.148389,9.968507
channel-144,86692,30311548,30311557,9,2025-02-25 07:35:44.248793,2025-02-25 07:35:56.930779,12.681986
channel-6994,1324947,30311551,30311582,31,2025-02-25 07:35:47.964897,2025-02-25 07:36:28.535436,40.570539
channel-750,683230,30311552,30311561,9,2025-02-25 07:35:49.067336,2025-02-25 07:36:02.802119,13.734783
channel-85077,60422,30311553,30311564,11,2025-02-25 07:35:50.869140,2025-02-25 07:36:06.520265,15.651125
channel-4,166992,30311553,30311587,34,2025-02-25 07:35:50.869140,2025-02-25 07:36:36.286141,45.417001
channel-2188,43755,30311557,30311563,6,2025-02-25 07:35:56.930779,2025-02-25 07:36:05.067356,8.136577
channel-19774,346027,30311557,30311568,11,2025-02-25 07:35:56.930779,2025-02-25 07:36:11.864764,14.933985
channel-0,4038924,30311557,30311581,24,2025-02-25 07:35:56.930779,2025-02-25 07:36:27.460333,30.529554
channel-122,668096,30311559,30311562,3,2025-02-25 07:36:00.436996,2025-02-25 07:36:03.901579,3.464583
channel-208,1490363,30311561,30311573,12,2025-02-25 07:36:02.802119,2025-02-25 07:36:17.727187,14.925068
channel-19774,346028,30311561,30311573,12,2025-02-25 07:36:02.802119,2025-02-25 07:36:17.727187,14.925068
channel-4,166993,30311565,30311610,45,2025-02-25 07:36:07.743834,2025-02-25 07:37:05.350394,57.60656
channel-75016,4660,30311566,30311585,19,2025-02-25 07:36:09.103124,2025-02-25 07:36:33.304858,24.201734
channel-0,4038925,30311567,30311581,14,2025-02-25 07:36:10.259425,2025-02-25 07:36:27.460333,17.200908
channel-75016,4661,30311567,30311585,18,2025-02-25 07:36:10.259425,2025-02-25 07:36:33.304858,23.045433
channel-6994,1324948,30311568,30311582,14,2025-02-25 07:36:11.864764,2025-02-25 07:36:28.535436,16.670672
channel-75,845086,30311570,30311578,8,2025-02-25 07:36:14.208731,2025-02-25 07:36:24.189748,9.981017
channel-783,104281,30311571,30311577,6,2025-02-25 07:36:15.452724,2025-02-25 07:36:22.083183,6.630459
channel-19774,346029,30311573,30311582,9,2025-02-25 07:36:17.727187,2025-02-25 07:36:28.535436,10.808249
channel-6994,1324949,30311577,30311592,15,2025-02-25 07:36:22.083183,2025-02-25 07:36:41.886055,19.802872
channel-750,683231,30311577,30311585,8,2025-02-25 07:36:22.083183,2025-02-25 07:36:33.304858,11.221675
channel-2694,3307,30311579,30311596,17,2025-02-25 07:36:25.242463,2025-02-25 07:36:46.739180,21.496717
channel-19774,346030,30311580,30311591,11,2025-02-25 07:36:26.339448,2025-02-25 07:36:40.774844,14.435396
channel-19774,346031,30311580,30311591,11,2025-02-25 07:36:26.339448,2025-02-25 07:36:40.774844,14.435396
channel-874,293242,30311582,30311590,8,2025-02-25 07:36:28.535436,2025-02-25 07:36:39.654004,11.118568
channel-874,293243,30311584,30311590,6,2025-02-25 07:36:31.908252,2025-02-25 07:36:39.654004,7.745752
channel-6994,1324950,30311587,30311597,10,2025-02-25 07:36:36.286141,2025-02-25 07:36:48.036585,11.750444
channel-85077,60423,30311588,30311597,9,2025-02-25 07:36:37.404701,2025-02-25 07:36:48.036585,10.631884
channel-874,293244,30311590,30311596,6,2025-02-25 07:36:39.654004,2025-02-25 07:36:46.739180,7.085176
channel-79703,4451,30311591,30311603,12,2025-02-25 07:36:40.774844,2025-02-25 07:36:55.657997,14.883153
channel-6787,166725,30311595,30311600,5,2025-02-25 07:36:45.518564,2025-02-25 07:36:51.839647,6.321083
channel-0,4038926,30311597,30311608,11,2025-02-25 07:36:48.036585,2025-02-25 07:37:03.031964,14.995379
channel-874,293245,30311601,30311606,5,2025-02-25 07:36:53.386056,2025-02-25 07:37:00.727884,7.341828
channel-91017,2871,30311603,30311618,15,2025-02-25 07:36:55.657997,2025-02-25 07:37:16.265240,20.607243
channel-188,190589,30311607,30311642,35,2025-02-25 07:37:01.905543,2025-02-25 07:37:46.461049,44.555506
channel-874,293246,30311607,30311612,5,2025-02-25 07:37:01.905543,2025-02-25 07:37:07.554044,5.648501
channel-208,1490364,30311607,30311617,10,2025-02-25 07:37:01.905543,2025-02-25 07:37:15.070412,13.164869
channel-874,293247,30311610,30311615,5,2025-02-25 07:37:05.350394,2025-02-25 07:37:12.696662,7.346268
channel-0,4038927,30311610,30311622,12,2025-02-25 07:37:05.350394,2025-02-25 07:37:21.451939,16.101545
channel-2188,43756,30311611,30311616,5,2025-02-25 07:37:06.444815,2025-02-25 07:37:13.967811,7.522996
channel-2186,40785,30311612,30311626,14,2025-02-25 07:37:07.554044,2025-02-25 07:37:27.727413,20.173369
channel-75755,5545,30311612,30311624,12,2025-02-25 07:37:07.554044,2025-02-25 07:37:24.833702,17.279658
channel-208,1490365,30311614,30311626,12,2025-02-25 07:37:11.478421,2025-02-25 07:37:27.727413,16.248992
channel-259,314354,30311614,30311620,6,2025-02-25 07:37:11.478421,2025-02-25 07:37:19.175493,7.697072
channel-750,683232,30311616,30311621,5,2025-02-25 07:37:13.967811,2025-02-25 07:37:20.287198,6.319387
channel-874,293248,30311621,30311626,5,2025-02-25 07:37:20.287198,2025-02-25 07:37:27.727413,7.440215
channel-750,683233,30311621,30311632,11,2025-02-25 07:37:20.287198,2025-02-25 07:37:34.305122,14.017924
channel-85077,60424,30311623,30311652,29,2025-02-25 07:37:22.699895,2025-02-25 07:37:59.417514,36.717619
channel-19774,346032,30311623,30311636,13,2025-02-25 07:37:22.699895,2025-02-25 07:37:39.130731,16.430836
channel-82,18959,30311624,30311667,43,2025-02-25 07:37:24.833702,2025-02-25 07:38:19.830777,54.997075
channel-19774,346033,30311627,30311659,32,2025-02-25 07:37:28.863790,2025-02-25 07:38:09.232968,40.369178
channel-6994,1324951,30311628,30311659,31,2025-02-25 07:37:29.951114,2025-02-25 07:38:09.232968,39.281854
channel-21113,25338,30311628,30311636,8,2025-02-25 07:37:29.951114,2025-02-25 07:37:39.130731,9.179617
channel-874,293249,30311630,30311749,119,2025-02-25 07:37:32.151857,2025-02-25 07:40:12.222742,160.070885
channel-340,3183,30311632,30311645,13,2025-02-25 07:37:34.305122,2025-02-25 07:37:49.862493,15.557371
channel-2188,43757,30311636,30311641,5,2025-02-25 07:37:39.130731,2025-02-25 07:37:45.215510,6.084779
channel-208,1490366,30311636,30311645,9,2025-02-25 07:37:39.130731,2025-02-25 07:37:49.862493,10.731762
channel-874,293250,30311638,30311643,5,2025-02-25 07:37:41.370088,2025-02-25 07:37:47.599369,6.229281
channel-6994,1324952,30311638,30311693,55,2025-02-25 07:37:41.370088,2025-02-25 07:38:52.414920,71.044832
channel-85077,60425,30311641,30311658,17,2025-02-25 07:37:45.215510,2025-02-25 07:38:08.129991,22.914481
channel-208,1490367,30311641,30311650,9,2025-02-25 07:37:45.215510,2025-02-25 07:37:56.556064,11.340554
channel-0,4038928,30311643,30311650,7,2025-02-25 07:37:47.599369,2025-02-25 07:37:56.556064,8.956695
channel-783,104282,30311643,30311649,6,2025-02-25 07:37:47.599369,2025-02-25 07:37:55.437708,7.838339
channel-251,85243,30311645,30311653,8,2025-02-25 07:37:49.862493,2025-02-25 07:38:01.862858,12.000365
channel-4,166994,30311648,30311700,52,2025-02-25 07:37:54.335514,2025-02-25 07:39:01.341750,67.006236
channel-0,4038929,30311649,30311663,14,2025-02-25 07:37:55.437708,2025-02-25 07:38:13.982878,18.54517
channel-0,4038930,30311651,30311678,27,2025-02-25 07:37:58.292334,2025-02-25 07:38:33.809764,35.51743
channel-0,4038931,30311652,30311664,12,2025-02-25 07:37:59.417514,2025-02-25 07:38:16.558511,17.140997
channel-85077,60426,30311652,30311662,10,2025-02-25 07:37:59.417514,2025-02-25 07:38:12.865710,13.448196
channel-0,4038932,30311652,30311693,41,2025-02-25 07:37:59.417514,2025-02-25 07:38:52.414920,52.997406
channel-75,845087,30311652,30311660,8,2025-02-25 07:37:59.417514,2025-02-25 07:38:10.470404,11.05289
channel-19774,346034,30311653,30311663,10,2025-02-25 07:38:01.862858,2025-02-25 07:38:13.982878,12.12002
channel-0,4038933,30311654,30311678,24,2025-02-25 07:38:03.038168,2025-02-25 07:38:33.809764,30.771596
channel-0,4038934,30311655,30311683,28,2025-02-25 07:38:04.180288,2025-02-25 07:38:40.562456,36.382168
channel-6994,1324953,30311655,30311683,28,2025-02-25 07:38:04.180288,2025-02-25 07:38:40.562456,36.382168
channel-0,4038935,30311663,30311673,10,2025-02-25 07:38:13.982878,2025-02-25 07:38:27.804491,13.821613
channel-143,128392,30311663,30311686,23,2025-02-25 07:38:13.982878,2025-02-25 07:38:44.543757,30.560879
channel-2694,3308,30311663,30311682,19,2025-02-25 07:38:13.982878,2025-02-25 07:38:39.434568,25.45169
channel-874,293251,30311665,30311671,6,2025-02-25 07:38:17.596690,2025-02-25 07:38:25.390564,7.793874
channel-2188,43758,30311667,30311673,6,2025-02-25 07:38:19.830777,2025-02-25 07:38:27.804491,7.973714
channel-208,1490368,30311667,30311680,13,2025-02-25 07:38:19.830777,2025-02-25 07:38:36.165283,16.334506
channel-91017,2872,30311668,30311679,11,2025-02-25 07:38:22.052264,2025-02-25 07:38:35.052017,12.999753
channel-0,4038936,30311672,30311702,30,2025-02-25 07:38:26.606180,2025-02-25 07:39:03.645920,37.03974
channel-750,683234,30311678,30311683,5,2025-02-25 07:38:33.809764,2025-02-25 07:38:40.562456,6.752692
channel-188,190590,30311682,30311750,68,2025-02-25 07:38:39.434568,2025-02-25 07:40:13.943263,94.508695
channel-750,683235,30311684,30311728,44,2025-02-25 07:38:41.778015,2025-02-25 07:39:42.515947,60.737932
channel-122,668097,30311689,30311693,4,2025-02-25 07:38:48.100953,2025-02-25 07:38:52.414920,4.313967
channel-874,293252,30311691,30311700,9,2025-02-25 07:38:50.229721,2025-02-25 07:39:01.341750,11.112029
channel-874,293253,30311697,30311703,6,2025-02-25 07:38:57.898966,2025-02-25 07:39:05.993869,8.094903
channel-2188,43759,30311697,30311702,5,2025-02-25 07:38:57.898966,2025-02-25 07:39:03.645920,5.746954
channel-0,4038937,30311707,30311715,8,2025-02-25 07:39:10.512343,2025-02-25 07:39:22.292482,11.780139
channel-0,4038938,30311709,30311717,8,2025-02-25 07:39:14.597301,2025-02-25 07:39:24.966437,10.369136
channel-208,1490369,30311709,30311720,11,2025-02-25 07:39:14.597301,2025-02-25 07:39:32.120890,17.523589
channel-19774,346035,30311710,30311718,8,2025-02-25 07:39:16.660180,2025-02-25 07:39:26.611245,9.951065
channel-88,467138,30311714,30312013,299,2025-02-25 07:39:21.227275,2025-02-25 07:45:56.264209,395.036934
channel-750,683236,30311715,30311720,5,2025-02-25 07:39:22.292482,2025-02-25 07:39:32.120890,9.828408
channel-143,128393,30311717,30311786,69,2025-02-25 07:39:24.966437,2025-02-25 07:40:57.160763,92.194326
channel-15464,2662,30311718,30311729,11,2025-02-25 07:39:26.611245,2025-02-25 07:39:43.603555,16.99231
channel-783,104283,30311720,30311728,8,2025-02-25 07:39:32.120890,2025-02-25 07:39:42.515947,10.395057
channel-326,538095,30311721,30311730,9,2025-02-25 07:39:34.241398,2025-02-25 07:39:44.774625,10.533227
channel-874,293254,30311726,30311733,7,2025-02-25 07:39:40.056926,2025-02-25 07:39:49.399452,9.342526
channel-874,293255,30311728,30311733,5,2025-02-25 07:39:42.515947,2025-02-25 07:39:49.399452,6.883505
channel-0,4038939,30311733,30311743,10,2025-02-25 07:39:49.399452,2025-02-25 07:40:02.320487,12.921035
channel-91017,2873,30311736,30311747,11,2025-02-25 07:39:52.988431,2025-02-25 07:40:08.349156,15.360725
channel-1429,140736,30311738,30311749,11,2025-02-25 07:39:55.183309,2025-02-25 07:40:12.222742,17.039433
channel-144,86693,30311738,30311747,9,2025-02-25 07:39:55.183309,2025-02-25 07:40:08.349156,13.165847
channel-750,683237,30311738,30311756,18,2025-02-25 07:39:55.183309,2025-02-25 07:40:20.680408,25.497099
channel-122,668098,30311748,30311752,4,2025-02-25 07:40:09.587087,2025-02-25 07:40:16.207563,6.620476
channel-0,4038940,30311751,30311766,15,2025-02-25 07:40:15.029494,2025-02-25 07:40:32.530295,17.500801
channel-6994,1324954,30311751,30311766,15,2025-02-25 07:40:15.029494,2025-02-25 07:40:32.530295,17.500801
channel-0,4038941,30311751,30311766,15,2025-02-25 07:40:15.029494,2025-02-25 07:40:32.530295,17.500801
channel-750,683238,30311753,30311769,16,2025-02-25 07:40:17.313574,2025-02-25 07:40:37.122393,19.808819
channel-783,104284,30311756,30311768,12,2025-02-25 07:40:20.680408,2025-02-25 07:40:35.932654,15.252246
channel-6994,1324955,30311756,30311771,15,2025-02-25 07:40:20.680408,2025-02-25 07:40:39.413690,18.733282
channel-4,166995,30311758,30311813,55,2025-02-25 07:40:22.948406,2025-02-25 07:41:34.878466,71.93006
channel-85077,60427,30311758,30311767,9,2025-02-25 07:40:22.948406,2025-02-25 07:40:33.827242,10.878836
channel-75,845088,30311759,30311767,8,2025-02-25 07:40:24.286899,2025-02-25 07:40:33.827242,9.540343
channel-874,293256,30311763,30311768,5,2025-02-25 07:40:28.912791,2025-02-25 07:40:35.932654,7.019863
channel-750,683239,30311766,30311771,5,2025-02-25 07:40:32.530295,2025-02-25 07:40:39.413690,6.883395
channel-208,1490370,30311766,30311777,11,2025-02-25 07:40:32.530295,2025-02-25 07:40:46.236950,13.706655
channel-143,128394,30311767,30311839,72,2025-02-25 07:40:33.827242,2025-02-25 07:42:10.182116,96.354874
channel-750,683240,30311767,30311779,12,2025-02-25 07:40:33.827242,2025-02-25 07:40:48.528039,14.700797
channel-0,4038942,30311768,30311781,13,2025-02-25 07:40:35.932654,2025-02-25 07:40:50.891566,14.958912
channel-0,4038943,30311771,30311781,10,2025-02-25 07:40:39.413690,2025-02-25 07:40:50.891566,11.477876
channel-259,314355,30311773,30311779,6,2025-02-25 07:40:41.658937,2025-02-25 07:40:48.528039,6.869102
channel-1429,140737,30311776,30311787,11,2025-02-25 07:40:45.016583,2025-02-25 07:40:58.204377,13.187794
channel-874,293257,30311777,30311782,5,2025-02-25 07:40:46.236950,2025-02-25 07:40:51.927650,5.6907
channel-874,293258,30311781,30311787,6,2025-02-25 07:40:50.891566,2025-02-25 07:40:58.204377,7.312811
channel-362,86682,30311781,30311791,10,2025-02-25 07:40:50.891566,2025-02-25 07:41:03.769951,12.878385
channel-2694,3309,30311781,30311791,10,2025-02-25 07:40:50.891566,2025-02-25 07:41:03.769951,12.878385
channel-85077,60428,30311781,30311791,10,2025-02-25 07:40:50.891566,2025-02-25 07:41:03.769951,12.878385
channel-0,4038944,30311784,30311803,19,2025-02-25 07:40:54.876700,2025-02-25 07:41:23.004802,28.128102
channel-85077,60429,30311788,30311796,8,2025-02-25 07:40:59.365397,2025-02-25 07:41:13.702364,14.336967
channel-874,293259,30311790,30311795,5,2025-02-25 07:41:02.626453,2025-02-25 07:41:12.570612,9.944159
channel-122,668099,30311791,30312059,268,2025-02-25 07:41:03.769951,2025-02-25 07:46:59.673766,355.903815
channel-750,683241,30311792,30311797,5,2025-02-25 07:41:09.052319,2025-02-25 07:41:14.822909,5.77059
channel-208,1490371,30311793,30311805,12,2025-02-25 07:41:10.167456,2025-02-25 07:41:25.231547,15.064091
channel-208,1490372,30311793,30311805,12,2025-02-25 07:41:10.167456,2025-02-25 07:41:25.231547,15.064091
channel-782,310210,30311794,30311799,5,2025-02-25 07:41:11.405701,2025-02-25 07:41:18.236063,6.830362
channel-79180,3376,30311795,30311802,7,2025-02-25 07:41:12.570612,2025-02-25 07:41:21.766833,9.196221
channel-782,310211,30311798,30311805,7,2025-02-25 07:41:17.143011,2025-02-25 07:41:25.231547,8.088536
channel-874,293260,30311799,30311807,8,2025-02-25 07:41:18.236063,2025-02-25 07:41:27.514813,9.27875
channel-1429,140738,30311800,30311812,12,2025-02-25 07:41:19.468690,2025-02-25 07:41:33.608864,14.140174
channel-0,4038945,30311807,30311833,26,2025-02-25 07:41:27.514813,2025-02-25 07:42:02.233267,34.718454
channel-783,104285,30311810,30311818,8,2025-02-25 07:41:31.254031,2025-02-25 07:41:41.116625,9.862594
channel-122,668100,30311811,30311815,4,2025-02-25 07:41:32.471575,2025-02-25 07:41:37.161942,4.690367
channel-750,683242,30311812,30311822,10,2025-02-25 07:41:33.608864,2025-02-25 07:41:45.848312,12.239448
channel-2,130654,30311813,30311823,10,2025-02-25 07:41:34.878466,2025-02-25 07:41:47.236348,12.357882
channel-6994,1324956,30311818,30311849,31,2025-02-25 07:41:41.116625,2025-02-25 07:42:24.389813,43.273188
channel-750,683243,30311819,30311834,15,2025-02-25 07:41:42.302912,2025-02-25 07:42:03.353264,21.050352
channel-750,683244,30311820,30311824,4,2025-02-25 07:41:43.494558,2025-02-25 07:41:48.541689,5.047131
channel-750,683245,30311826,30311834,8,2025-02-25 07:41:51.780083,2025-02-25 07:42:03.353264,11.573181
channel-874,293261,30311832,30311838,6,2025-02-25 07:41:59.878289,2025-02-25 07:42:08.973298,9.095009
channel-6994,1324957,30311833,30311844,11,2025-02-25 07:42:02.233267,2025-02-25 07:42:16.828928,14.595661
channel-750,683246,30311833,30311838,5,2025-02-25 07:42:02.233267,2025-02-25 07:42:08.973298,6.740031
channel-750,683247,30311833,30311838,5,2025-02-25 07:42:02.233267,2025-02-25 07:42:08.973298,6.740031
channel-2188,43760,30311837,30311841,4,2025-02-25 07:42:07.717150,2025-02-25 07:42:13.454571,5.737421
channel-259,314356,30311841,30311847,6,2025-02-25 07:42:13.454571,2025-02-25 07:42:20.353302,6.898731
channel-750,683248,30311849,30311863,14,2025-02-25 07:42:24.389813,2025-02-25 07:42:40.290221,15.900408
channel-199,132756,30311849,30311862,13,2025-02-25 07:42:24.389813,2025-02-25 07:42:38.959392,14.569579
channel-85077,60430,30311849,30311861,12,2025-02-25 07:42:24.389813,2025-02-25 07:42:37.847956,13.458143
channel-0,4038946,30311849,30311863,14,2025-02-25 07:42:24.389813,2025-02-25 07:42:40.290221,15.900408
channel-2188,43761,30311861,30311866,5,2025-02-25 07:42:37.847956,2025-02-25 07:42:43.869840,6.021884
channel-750,683249,30311862,30311872,10,2025-02-25 07:42:38.959392,2025-02-25 07:42:50.825778,11.866386
channel-75,845089,30311862,30311871,9,2025-02-25 07:42:38.959392,2025-02-25 07:42:49.590333,10.630941
channel-6994,1324958,30311871,30311897,26,2025-02-25 07:42:49.590333,2025-02-25 07:43:26.142196,36.551863
channel-874,293262,30311872,30311878,6,2025-02-25 07:42:50.825778,2025-02-25 07:42:59.535454,8.709676
channel-750,683250,30311872,30311877,5,2025-02-25 07:42:50.825778,2025-02-25 07:42:57.948258,7.12248
channel-6787,166726,30311873,30311878,5,2025-02-25 07:42:53.469561,2025-02-25 07:42:59.535454,6.065893
channel-0,4038947,30311875,30311887,12,2025-02-25 07:42:55.732851,2025-02-25 07:43:10.716668,14.983817
channel-75,845090,30311882,30311890,8,2025-02-25 07:43:04.749381,2025-02-25 07:43:14.233384,9.484003
channel-750,683251,30311883,30311896,13,2025-02-25 07:43:06.143064,2025-02-25 07:43:24.795837,18.652773
channel-874,293263,30311886,30311894,8,2025-02-25 07:43:09.521145,2025-02-25 07:43:20.041078,10.519933
channel-2188,43762,30311892,30311897,5,2025-02-25 07:43:16.670798,2025-02-25 07:43:26.142196,9.471398
channel-208,1490373,30311893,30311902,9,2025-02-25 07:43:17.940531,2025-02-25 07:43:32.721781,14.78125
channel-750,683252,30311894,30311909,15,2025-02-25 07:43:20.041078,2025-02-25 07:43:40.837484,20.796406
channel-874,293264,30311895,30311900,5,2025-02-25 07:43:22.641564,2025-02-25 07:43:29.421009,6.779445
channel-0,4038948,30311896,30311909,13,2025-02-25 07:43:24.795837,2025-02-25 07:43:40.837484,16.041647
channel-0,4038949,30311897,30311909,12,2025-02-25 07:43:26.142196,2025-02-25 07:43:40.837484,14.695288
channel-874,293265,30311900,30311906,6,2025-02-25 07:43:29.421009,2025-02-25 07:43:37.370340,7.949331
channel-216,94245,30311906,30312009,103,2025-02-25 07:43:37.370340,2025-02-25 07:45:51.662694,134.292354
channel-6994,1324959,30311907,30311918,11,2025-02-25 07:43:38.504867,2025-02-25 07:43:51.178125,12.673258
channel-42,1490030,30311908,30311914,6,2025-02-25 07:43:39.680586,2025-02-25 07:43:46.243977,6.563391
channel-750,683253,30311913,30311925,12,2025-02-25 07:43:45.129763,2025-02-25 07:44:02.579640,17.449877
channel-188,190591,30311913,30311943,30,2025-02-25 07:43:45.129763,2025-02-25 07:44:24.995983,39.86622
channel-143,128395,30311921,30311933,12,2025-02-25 07:43:54.805322,2025-02-25 07:44:11.519201,16.713879
channel-208,1490374,30311922,30311934,12,2025-02-25 07:43:55.869077,2025-02-25 07:44:12.657955,16.788878
channel-750,683254,30311923,30311928,5,2025-02-25 07:43:57.046168,2025-02-25 07:44:05.931666,8.885498
channel-85077,60431,30311928,30311937,9,2025-02-25 07:44:05.931666,2025-02-25 07:44:16.387632,10.455966
channel-21113,25339,30311933,30311940,7,2025-02-25 07:44:11.519201,2025-02-25 07:44:20.108485,8.589284
channel-2694,3310,30311933,30311949,16,2025-02-25 07:44:11.519201,2025-02-25 07:44:36.851809,25.332608
channel-208,1490375,30311934,30311943,9,2025-02-25 07:44:12.657955,2025-02-25 07:44:24.995983,12.338028
channel-6994,1324960,30311935,30311943,8,2025-02-25 07:44:13.902618,2025-02-25 07:44:24.995983,11.093365
channel-750,683255,30311937,30311944,7,2025-02-25 07:44:16.387632,2025-02-25 07:44:30.465837,14.078205
channel-0,4038950,30311938,30311943,5,2025-02-25 07:44:17.776219,2025-02-25 07:44:24.995983,7.219764
channel-326,538096,30311940,30311943,3,2025-02-25 07:44:20.108485,2025-02-25 07:44:24.995983,4.887498
channel-199,132757,30311940,30311947,7,2025-02-25 07:44:20.108485,2025-02-25 07:44:34.006253,13.897768
channel-0,4038951,30311943,30311956,13,2025-02-25 07:44:24.995983,2025-02-25 07:44:44.534451,19.538468
channel-0,4038952,30311943,30311956,13,2025-02-25 07:44:24.995983,2025-02-25 07:44:44.534451,19.538468
channel-326,538097,30311950,30311956,6,2025-02-25 07:44:37.910138,2025-02-25 07:44:44.534451,6.624313
channel-216,94246,30311953,30312103,150,2025-02-25 07:44:41.161680,2025-02-25 07:47:54.749129,193.587449
channel-0,4038953,30311953,30311966,13,2025-02-25 07:44:41.161680,2025-02-25 07:44:58.442456,17.280776
channel-216,94247,30311954,30312103,149,2025-02-25 07:44:42.301888,2025-02-25 07:47:54.749129,192.447241
channel-750,683256,30311955,30311966,11,2025-02-25 07:44:43.394593,2025-02-25 07:44:58.442456,15.047863
channel-0,4038954,30311955,30311966,11,2025-02-25 07:44:43.394593,2025-02-25 07:44:58.442456,15.047863
channel-85077,60432,30311958,30311966,8,2025-02-25 07:44:46.787944,2025-02-25 07:44:58.442456,11.654512
channel-38946,124204,30311960,30311977,17,2025-02-25 07:44:50.014900,2025-02-25 07:45:10.769189,20.754289
channel-750,683257,30311969,30311974,5,2025-02-25 07:45:01.765272,2025-02-25 07:45:07.445727,5.680455
channel-362,86683,30311973,30311981,8,2025-02-25 07:45:06.391622,2025-02-25 07:45:16.621588,10.229966
channel-79703,4452,30311979,30311992,13,2025-02-25 07:45:12.900501,2025-02-25 07:45:30.673055,17.772554
channel-216,94248,30311993,30312103,110,2025-02-25 07:45:31.793248,2025-02-25 07:47:54.749129,142.955881
channel-6787,166727,30311994,30311999,5,2025-02-25 07:45:32.995133,2025-02-25 07:45:38.771460,5.776327
channel-85077,60433,30311994,30312003,9,2025-02-25 07:45:32.995133,2025-02-25 07:45:43.855139,10.860006
channel-0,4038955,30312000,30312007,7,2025-02-25 07:45:40.030029,2025-02-25 07:45:49.448294,9.418265
channel-6994,1324961,30312001,30312013,12,2025-02-25 07:45:41.141521,2025-02-25 07:45:56.264209,15.122688
channel-208,1490376,30312009,30312019,10,2025-02-25 07:45:51.662694,2025-02-25 07:46:04.124441,12.461747
channel-6994,1324962,30312011,30312022,11,2025-02-25 07:45:53.924741,2025-02-25 07:46:07.653627,13.728886
channel-143,128396,30312013,30312049,36,2025-02-25 07:45:56.264209,2025-02-25 07:46:42.641257,46.377048
channel-143,128397,30312013,30312049,36,2025-02-25 07:45:56.264209,2025-02-25 07:46:42.641257,46.377048
channel-85077,60434,30312018,30312029,11,2025-02-25 07:46:02.605409,2025-02-25 07:46:16.836149,14.23074
channel-0,4038956,30312020,30312031,11,2025-02-25 07:46:05.244545,2025-02-25 07:46:19.066295,13.82175
channel-199,132758,30312020,30312032,12,2025-02-25 07:46:05.244545,2025-02-25 07:46:20.406182,15.161637
channel-750,683258,30312021,30312035,14,2025-02-25 07:46:06.435019,2025-02-25 07:46:24.890436,18.455417
channel-750,683259,30312026,30312035,9,2025-02-25 07:46:13.345646,2025-02-25 07:46:24.890436,11.54479
channel-199,132759,30312026,30312036,10,2025-02-25 07:46:13.345646,2025-02-25 07:46:26.009158,12.663512
channel-199,132760,30312026,30312036,10,2025-02-25 07:46:13.345646,2025-02-25 07:46:26.009158,12.663512
channel-85077,60435,30312029,30312040,11,2025-02-25 07:46:16.836149,2025-02-25 07:46:30.578544,13.742395
channel-199,132761,30312034,30312046,12,2025-02-25 07:46:22.652889,2025-02-25 07:46:38.457769,15.80488
channel-783,104286,30312034,30312042,8,2025-02-25 07:46:22.652889,2025-02-25 07:46:32.776456,10.123567
channel-750,683260,30312036,30312042,6,2025-02-25 07:46:26.009158,2025-02-25 07:46:32.776456,6.767298
channel-2186,40786,30312039,30312052,13,2025-02-25 07:46:29.442055,2025-02-25 07:46:50.180005,20.73795
channel-874,293266,30312043,30312049,6,2025-02-25 07:46:35.098044,2025-02-25 07:46:42.641257,7.543213
channel-208,1490377,30312049,30312062,13,2025-02-25 07:46:42.641257,2025-02-25 07:47:03.191572,20.550315
channel-85077,60436,30312052,30312061,9,2025-02-25 07:46:50.180005,2025-02-25 07:47:02.031294,11.851289
channel-208,1490378,30312052,30312062,10,2025-02-25 07:46:50.180005,2025-02-25 07:47:03.191572,13.011567
channel-8,43461,30312055,30312082,27,2025-02-25 07:46:53.885382,2025-02-25 07:47:28.741906,34.856524
channel-2694,3311,30312056,30312083,27,2025-02-25 07:46:55.003451,2025-02-25 07:47:29.811171,34.80772
channel-122,668101,30312061,30312065,4,2025-02-25 07:47:02.031294,2025-02-25 07:47:06.642483,4.611189
channel-0,4038957,30312064,30312076,12,2025-02-25 07:47:05.620008,2025-02-25 07:47:20.344005,14.723997
channel-326,538098,30312067,30312084,17,2025-02-25 07:47:09.881943,2025-02-25 07:47:31.147964,21.266021
channel-750,683261,30312068,30312073,5,2025-02-25 07:47:11.037787,2025-02-25 07:47:17.001889,5.964102
channel-750,683262,30312069,30312074,5,2025-02-25 07:47:12.244974,2025-02-25 07:47:18.113644,5.86867
channel-750,683263,30312070,30312083,13,2025-02-25 07:47:13.334730,2025-02-25 07:47:29.811171,16.476441
channel-1,408431,30312072,30312087,15,2025-02-25 07:47:15.901680,2025-02-25 07:47:34.615277,18.713597
channel-1,408432,30312076,30312087,11,2025-02-25 07:47:20.344005,2025-02-25 07:47:34.615277,14.271272
channel-4,166996,30312078,30312126,48,2025-02-25 07:47:22.621192,2025-02-25 07:48:26.723459,64.102267
channel-6994,1324963,30312082,30312094,12,2025-02-25 07:47:28.741906,2025-02-25 07:47:44.144415,15.402509
channel-6787,166728,30312083,30312087,4,2025-02-25 07:47:29.811171,2025-02-25 07:47:34.615277,4.804106
channel-750,683264,30312096,30312112,16,2025-02-25 07:47:46.417846,2025-02-25 07:48:05.842820,19.424974
channel-2186,40787,30312098,30312110,12,2025-02-25 07:47:48.675717,2025-02-25 07:48:03.484737,14.80902
channel-216,94253,30312104,30312234,130,2025-02-25 07:47:55.905507,2025-02-25 07:50:51.191764,175.286257
channel-208,1490379,30312113,30312122,9,2025-02-25 07:48:07.455372,2025-02-25 07:48:17.617705,10.162333
channel-6994,1324964,30312122,30312148,26,2025-02-25 07:48:17.617705,2025-02-25 07:48:57.742301,40.124596
channel-782,310212,30312122,30312131,9,2025-02-25 07:48:17.617705,2025-02-25 07:48:33.284318,15.666613
channel-122,668102,30312122,30312126,4,2025-02-25 07:48:17.617705,2025-02-25 07:48:26.723459,9.105754
channel-85077,60437,30312124,30312131,7,2025-02-25 07:48:24.237053,2025-02-25 07:48:33.284318,9.047265
channel-783,104287,30312130,30312138,8,2025-02-25 07:48:32.208652,2025-02-25 07:48:44.476583,12.267931
channel-2188,43763,30312133,30312138,5,2025-02-25 07:48:35.919326,2025-02-25 07:48:44.476583,8.557257
channel-874,293267,30312134,30312144,10,2025-02-25 07:48:38.595984,2025-02-25 07:48:51.454642,12.858658
channel-85077,60438,30312134,30312153,19,2025-02-25 07:48:38.595984,2025-02-25 07:49:03.366325,24.770341
channel-85077,60439,30312135,30312145,10,2025-02-25 07:48:39.801219,2025-02-25 07:48:52.677080,12.875861
channel-0,4038958,30312135,30312144,9,2025-02-25 07:48:39.801219,2025-02-25 07:48:51.454642,11.653423
channel-85077,60440,30312138,30312147,9,2025-02-25 07:48:44.476583,2025-02-25 07:48:56.546426,12.069843
channel-208,1490380,30312138,30312150,12,2025-02-25 07:48:44.476583,2025-02-25 07:48:59.913668,15.437085
channel-85077,60441,30312139,30312149,10,2025-02-25 07:48:45.560513,2025-02-25 07:48:58.821486,13.260973
channel-259,314357,30312142,30312148,6,2025-02-25 07:48:49.023015,2025-02-25 07:48:57.742301,8.719286
channel-216,94254,30312145,30312281,136,2025-02-25 07:48:52.677080,2025-02-25 07:51:50.786756,178.109676
channel-0,4038959,30312147,30312158,11,2025-02-25 07:48:56.546426,2025-02-25 07:49:10.149114,13.602688
channel-38946,124205,30312147,30312171,24,2025-02-25 07:48:56.546426,2025-02-25 07:49:26.658107,30.111681
channel-0,4038960,30312147,30312158,11,2025-02-25 07:48:56.546426,2025-02-25 07:49:10.149114,13.602688
channel-85077,60442,30312147,30312158,11,2025-02-25 07:48:56.546426,2025-02-25 07:49:10.149114,13.602688
channel-2186,40788,30312148,30312160,12,2025-02-25 07:48:57.742301,2025-02-25 07:49:12.686574,14.944273
channel-143,128398,30312148,30312160,12,2025-02-25 07:48:57.742301,2025-02-25 07:49:12.686574,14.944273
channel-750,683265,30312150,30312155,5,2025-02-25 07:48:59.913668,2025-02-25 07:49:05.691403,5.777735
channel-85077,60443,30312154,30312163,9,2025-02-25 07:49:04.550132,2025-02-25 07:49:17.252458,12.702326
channel-85077,60444,30312154,30312163,9,2025-02-25 07:49:04.550132,2025-02-25 07:49:17.252458,12.702326
channel-0,4038961,30312155,30312162,7,2025-02-25 07:49:05.691403,2025-02-25 07:49:16.141893,10.45049
channel-19774,346036,30312157,30312166,9,2025-02-25 07:49:07.964162,2025-02-25 07:49:20.910724,12.946562
channel-42,1490031,30312158,30312166,8,2025-02-25 07:49:10.149114,2025-02-25 07:49:20.910724,10.76161
channel-6994,1324965,30312162,30312173,11,2025-02-25 07:49:16.141893,2025-02-25 07:49:29.747573,13.60568
channel-208,1490381,30312163,30312176,13,2025-02-25 07:49:17.252458,2025-02-25 07:49:33.820009,16.567551
channel-208,1490382,30312175,30312185,10,2025-02-25 07:49:32.712304,2025-02-25 07:49:44.673852,11.961548
channel-0,4038962,30312177,30312185,8,2025-02-25 07:49:34.954563,2025-02-25 07:49:44.673852,9.719289
channel-216,94257,30312178,30312281,103,2025-02-25 07:49:36.050692,2025-02-25 07:51:50.786756,134.736064
channel-326,538099,30312181,30312185,4,2025-02-25 07:49:39.976942,2025-02-25 07:49:44.673852,4.69691
channel-1,408433,30312187,30312213,26,2025-02-25 07:49:48.438136,2025-02-25 07:50:21.910311,33.472175
channel-750,683266,30312189,30312206,17,2025-02-25 07:49:50.685727,2025-02-25 07:50:12.387666,21.701939
channel-750,683267,30312190,30312200,10,2025-02-25 07:49:52.025154,2025-02-25 07:50:03.992354,11.9672
channel-750,683268,30312190,30312213,23,2025-02-25 07:49:52.025154,2025-02-25 07:50:21.910311,29.885157
channel-38946,124206,30312190,30312201,11,2025-02-25 07:49:52.025154,2025-02-25 07:50:05.106079,13.080925
channel-79703,4453,30312193,30312206,13,2025-02-25 07:49:55.599878,2025-02-25 07:50:12.387666,16.787788
channel-216,94258,30312197,30312281,84,2025-02-25 07:50:00.580747,2025-02-25 07:51:50.786756,110.206009
channel-2694,3312,30312199,30312219,20,2025-02-25 07:50:02.791306,2025-02-25 07:50:28.913542,26.122236
channel-4,166997,30312199,30312216,17,2025-02-25 07:50:02.791306,2025-02-25 07:50:25.522201,22.730895
channel-208,1490383,30312207,30312216,9,2025-02-25 07:50:13.505485,2025-02-25 07:50:25.522201,12.016716
channel-85077,60445,30312210,30312220,10,2025-02-25 07:50:17.846006,2025-02-25 07:50:30.052208,12.206202
channel-0,4038963,30312211,30312220,9,2025-02-25 07:50:18.940377,2025-02-25 07:50:30.052208,11.111831
channel-0,4038964,30312217,30312228,11,2025-02-25 07:50:26.703214,2025-02-25 07:50:40.145097,13.441883
channel-750,683269,30312218,30312229,11,2025-02-25 07:50:27.828219,2025-02-25 07:50:45.498020,17.669801
channel-2188,43764,30312219,30312223,4,2025-02-25 07:50:28.913542,2025-02-25 07:50:34.488091,5.574549
channel-122,668103,30312222,30312226,4,2025-02-25 07:50:32.345315,2025-02-25 07:50:38.025043,5.679728
channel-750,683270,30312226,30312234,8,2025-02-25 07:50:38.025043,2025-02-25 07:50:51.191764,13.166721
channel-750,683271,30312228,30313074,846,2025-02-25 07:50:40.145097,2025-02-25 08:09:08.975610,1108.830513
channel-208,1490384,30312228,30312241,13,2025-02-25 07:50:40.145097,2025-02-25 07:51:00.618212,20.473115
channel-0,4038965,30312228,30312236,8,2025-02-25 07:50:40.145097,2025-02-25 07:50:54.671898,14.526801
channel-21113,25340,30312232,30312240,8,2025-02-25 07:50:49.055882,2025-02-25 07:50:59.471865,10.415983
channel-0,4038966,30312237,30312246,9,2025-02-25 07:50:55.883585,2025-02-25 07:51:06.887838,11.004253
channel-85077,60446,30312238,30312247,9,2025-02-25 07:50:57.048024,2025-02-25 07:51:07.978005,10.929981
channel-2188,43765,30312240,30312244,4,2025-02-25 07:50:59.471865,2025-02-25 07:51:04.054641,4.582776
channel-783,104288,30312244,30312253,9,2025-02-25 07:51:04.054641,2025-02-25 07:51:14.776373,10.721732
channel-0,4038967,30312247,30312257,10,2025-02-25 07:51:07.978005,2025-02-25 07:51:19.839676,11.861671
channel-208,1490385,30312250,30312260,10,2025-02-25 07:51:11.491839,2025-02-25 07:51:23.372149,11.88031
channel-0,4038968,30312251,30312259,8,2025-02-25 07:51:12.595605,2025-02-25 07:51:22.123362,9.527757
channel-122,668104,30312251,30312255,4,2025-02-25 07:51:12.595605,2025-02-25 07:51:17.197613,4.602008
channel-0,4038969,30312255,30312264,9,2025-02-25 07:51:17.197613,2025-02-25 07:51:28.942896,11.745283
channel-85077,60447,30312257,30312268,11,2025-02-25 07:51:19.839676,2025-02-25 07:51:33.612289,13.772613
channel-1,408434,30312262,30312290,28,2025-02-25 07:51:25.584055,2025-02-25 07:52:02.520326,36.936271
channel-783,104289,30312262,30312270,8,2025-02-25 07:51:25.584055,2025-02-25 07:51:36.135492,10.551437
channel-0,4038970,30312262,30312273,11,2025-02-25 07:51:25.584055,2025-02-25 07:51:40.800902,15.216847
channel-2188,43766,30312264,30312268,4,2025-02-25 07:51:28.942896,2025-02-25 07:51:33.612289,4.669393
channel-783,104290,30312268,30312273,5,2025-02-25 07:51:33.612289,2025-02-25 07:51:40.800902,7.188613
channel-91017,2874,30312269,30312283,14,2025-02-25 07:51:34.787773,2025-02-25 07:51:54.493064,19.705291
channel-0,4038971,30312272,30312282,10,2025-02-25 07:51:39.408364,2025-02-25 07:51:53.164560,13.756196
channel-783,104291,30312276,30312286,10,2025-02-25 07:51:44.086341,2025-02-25 07:51:58.088554,14.002213
channel-0,4038972,30312281,30312292,11,2025-02-25 07:51:50.786756,2025-02-25 07:52:04.960036,14.17328
channel-208,1490386,30312281,30312292,11,2025-02-25 07:51:50.786756,2025-02-25 07:52:04.960036,14.17328
channel-0,4038973,30312285,30312295,10,2025-02-25 07:51:56.870965,2025-02-25 07:52:09.521774,12.650809
channel-251,85244,30312285,30312294,9,2025-02-25 07:51:56.870965,2025-02-25 07:52:08.433414,11.562449
channel-2188,43767,30312286,30312291,5,2025-02-25 07:51:58.088554,2025-02-25 07:52:03.640438,5.551884
channel-750,683272,30312290,30312310,20,2025-02-25 07:52:02.520326,2025-02-25 07:52:28.090481,25.570155
channel-85077,60448,30312290,30312300,10,2025-02-25 07:52:02.520326,2025-02-25 07:52:15.223116,12.70279
channel-208,1490387,30312291,30312302,11,2025-02-25 07:52:03.640438,2025-02-25 07:52:17.667028,14.02659
channel-6994,1324966,30312292,30312303,11,2025-02-25 07:52:04.960036,2025-02-25 07:52:18.910184,13.950148
channel-88,467139,30312298,30312315,17,2025-02-25 07:52:13.001691,2025-02-25 07:52:38.458122,25.456431
channel-184,137428,30312300,30312308,8,2025-02-25 07:52:15.223116,2025-02-25 07:52:25.945283,10.722167
channel-783,104292,30312303,30312310,7,2025-02-25 07:52:18.910184,2025-02-25 07:52:28.090481,9.180297
channel-0,4038974,30312310,30312316,6,2025-02-25 07:52:28.090481,2025-02-25 07:52:39.573082,11.482601
channel-0,4038975,30312314,30312327,13,2025-02-25 07:52:37.379165,2025-02-25 07:52:52.439914,15.060749
channel-750,683273,30312317,30312331,14,2025-02-25 07:52:40.740329,2025-02-25 07:52:57.957552,17.217223
channel-208,1490388,30312317,30312328,11,2025-02-25 07:52:40.740329,2025-02-25 07:52:53.622607,12.882278
channel-2188,43768,30312320,30312326,6,2025-02-25 07:52:44.248769,2025-02-25 07:52:51.124892,6.876123
channel-1429,140739,30312320,30312331,11,2025-02-25 07:52:44.248769,2025-02-25 07:52:57.957552,13.708783
channel-1429,140740,30312321,30312331,10,2025-02-25 07:52:45.283812,2025-02-25 07:52:57.957552,12.67374
channel-6994,1324967,30312322,30312335,13,2025-02-25 07:52:46.442520,2025-02-25 07:53:04.704053,18.261533
channel-750,683274,30312322,30312332,10,2025-02-25 07:52:46.442520,2025-02-25 07:53:00.363394,13.920874
channel-85077,60449,30312322,30312334,12,2025-02-25 07:52:46.442520,2025-02-25 07:53:02.615562,16.173042
channel-750,683275,30312322,30312332,10,2025-02-25 07:52:46.442520,2025-02-25 07:53:00.363394,13.920874
channel-19774,346037,30312327,30312335,8,2025-02-25 07:52:52.439914,2025-02-25 07:53:04.704053,12.264139
channel-85077,60450,30312327,30312350,23,2025-02-25 07:52:52.439914,2025-02-25 07:53:25.930632,33.490718
channel-750,683276,30312328,30312344,16,2025-02-25 07:52:53.622607,2025-02-25 07:53:19.165343,25.542736
channel-85077,60451,30312331,30312341,10,2025-02-25 07:52:57.957552,2025-02-25 07:53:14.995483,17.037931
channel-750,683277,30312332,30312336,4,2025-02-25 07:53:00.363394,2025-02-25 07:53:05.862229,5.498835
channel-85077,60452,30312332,30312350,18,2025-02-25 07:53:00.363394,2025-02-25 07:53:25.930632,25.567238
channel-19774,346038,30312334,30312343,9,2025-02-25 07:53:02.615562,2025-02-25 07:53:17.484617,14.869055
channel-750,683278,30312341,30312357,16,2025-02-25 07:53:14.995483,2025-02-25 07:53:34.093307,19.097824
channel-750,683279,30312341,30312355,14,2025-02-25 07:53:14.995483,2025-02-25 07:53:31.898664,16.903181
channel-42,1490032,30312342,30312360,18,2025-02-25 07:53:16.395206,2025-02-25 07:53:38.649225,22.254019
channel-783,104293,30312343,30312355,12,2025-02-25 07:53:17.484617,2025-02-25 07:53:31.898664,14.414047
channel-1,408435,30312344,30312393,49,2025-02-25 07:53:19.165343,2025-02-25 07:54:19.959870,60.794527
channel-0,4038976,30312344,30312354,10,2025-02-25 07:53:19.165343,2025-02-25 07:53:30.640498,11.475155
channel-1429,140741,30312348,30312359,11,2025-02-25 07:53:23.863026,2025-02-25 07:53:36.413195,12.550169
channel-0,4038977,30312352,30312364,12,2025-02-25 07:53:28.309217,2025-02-25 07:53:43.175372,14.866155
channel-2694,3313,30312354,30312378,24,2025-02-25 07:53:30.640498,2025-02-25 07:54:00.599343,29.958845
channel-1429,140742,30312354,30312364,10,2025-02-25 07:53:30.640498,2025-02-25 07:53:43.175372,12.534874
channel-122,668105,30312355,30312542,187,2025-02-25 07:53:31.898664,2025-02-25 07:57:32.104228,240.205564
channel-208,1490389,30312355,30312366,11,2025-02-25 07:53:31.898664,2025-02-25 07:53:45.609756,13.711092
channel-85077,60453,30312358,30312369,11,2025-02-25 07:53:35.204701,2025-02-25 07:53:49.182057,13.977356
channel-750,683280,30312358,30312363,5,2025-02-25 07:53:35.204701,2025-02-25 07:53:42.068600,6.863899
channel-326,538100,30312370,30312377,7,2025-02-25 07:53:50.319625,2025-02-25 07:53:59.463989,9.144364
channel-1,408436,30312371,30312393,22,2025-02-25 07:53:51.364693,2025-02-25 07:54:19.959870,28.595177
channel-143,128399,30312372,30312584,212,2025-02-25 07:53:52.408351,2025-02-25 07:58:30.786243,278.377892
channel-783,104294,30312378,30312579,201,2025-02-25 07:54:00.599343,2025-02-25 07:58:22.484198,261.884855
channel-89321,19470,30312382,30312393,11,2025-02-25 07:54:06.594370,2025-02-25 07:54:19.959870,13.3655
channel-750,683281,30312385,30312396,11,2025-02-25 07:54:10.266097,2025-02-25 07:54:26.413136,16.147039
channel-216,94259,30312385,30312447,62,2025-02-25 07:54:10.266097,2025-02-25 07:55:29.621263,79.355166
channel-782,310213,30312389,30312394,5,2025-02-25 07:54:14.902552,2025-02-25 07:54:22.736602,7.83405
channel-0,4038978,30312401,30312410,9,2025-02-25 07:54:32.175562,2025-02-25 07:54:43.169217,10.993655
channel-750,683282,30312404,30312414,10,2025-02-25 07:54:35.461670,2025-02-25 07:54:47.737303,12.275633
channel-326,538101,30312405,30312410,5,2025-02-25 07:54:36.679395,2025-02-25 07:54:43.169217,6.489822
channel-750,683283,30312405,30312413,8,2025-02-25 07:54:36.679395,2025-02-25 07:54:46.674118,9.994723
channel-6994,1324968,30312416,30312427,11,2025-02-25 07:54:51.012132,2025-02-25 07:55:04.953147,13.941015
channel-750,683284,30312418,30312430,12,2025-02-25 07:54:53.241086,2025-02-25 07:55:08.425831,15.184745
channel-750,683285,30312422,30312436,14,2025-02-25 07:54:57.959600,2025-02-25 07:55:16.459878,18.500278
channel-750,683286,30312422,30312433,11,2025-02-25 07:54:57.959600,2025-02-25 07:55:12.922405,14.962805
channel-122,668106,30312430,30312433,3,2025-02-25 07:55:08.425831,2025-02-25 07:55:12.922405,4.496574
channel-208,1490390,30312431,30312444,13,2025-02-25 07:55:09.544549,2025-02-25 07:55:26.227804,16.683255
channel-122,668107,30312432,30312436,4,2025-02-25 07:55:10.700360,2025-02-25 07:55:16.459878,5.759518
channel-783,104295,30312436,30312449,13,2025-02-25 07:55:16.459878,2025-02-25 07:55:32.965458,16.50558
channel-750,683287,30312458,30312468,10,2025-02-25 07:55:43.518209,2025-02-25 07:55:55.564184,12.045975
channel-122,668108,30312465,30312469,4,2025-02-25 07:55:52.148062,2025-02-25 07:55:56.760095,4.612033
channel-750,683288,30312476,30312485,9,2025-02-25 07:56:05.216700,2025-02-25 07:56:22.154775,16.938075
channel-75,845091,30312477,30312481,4,2025-02-25 07:56:07.812807,2025-02-25 07:56:16.759189,8.946382
channel-0,4038979,30312480,30312501,21,2025-02-25 07:56:11.414571,2025-02-25 07:56:40.735766,29.321195
channel-874,293268,30312483,30312489,6,2025-02-25 07:56:19.909353,2025-02-25 07:56:26.846595,6.937242
channel-642,126518,30312489,30312539,50,2025-02-25 07:56:26.846595,2025-02-25 07:57:27.145393,60.298798
channel-122,668109,30312491,30312494,3,2025-02-25 07:56:29.178250,2025-02-25 07:56:32.554704,3.376454
channel-85077,60454,30312492,30312503,11,2025-02-25 07:56:30.264106,2025-02-25 07:56:42.962746,12.69864
channel-0,4038980,30312500,30312509,9,2025-02-25 07:56:39.475676,2025-02-25 07:56:50.171526,10.69585
channel-2694,3314,30312501,30312526,25,2025-02-25 07:56:40.735766,2025-02-25 07:57:12.138217,31.402451
channel-19774,346039,30312511,30312520,9,2025-02-25 07:56:52.538086,2025-02-25 07:57:02.508227,9.970141
channel-0,4038981,30312525,30312538,13,2025-02-25 07:57:10.840243,2025-02-25 07:57:26.035892,15.195649
channel-6994,1324969,30312528,30312539,11,2025-02-25 07:57:14.534987,2025-02-25 07:57:27.145393,12.610406
channel-0,4038982,30312528,30312538,10,2025-02-25 07:57:14.534987,2025-02-25 07:57:26.035892,11.500905
channel-874,293269,30312533,30312539,6,2025-02-25 07:57:20.466295,2025-02-25 07:57:27.145393,6.679098
channel-6994,1324970,30312542,30312559,17,2025-02-25 07:57:32.104228,2025-02-25 07:57:54.778101,22.673873
channel-642,126519,30312546,30312565,19,2025-02-25 07:57:39.982861,2025-02-25 07:58:02.745929,22.763068
channel-208,1490391,30312547,30312560,13,2025-02-25 07:57:41.084400,2025-02-25 07:57:55.919580,14.83518
channel-783,104296,30312550,30312558,8,2025-02-25 07:57:44.502074,2025-02-25 07:57:53.710688,9.208614
channel-750,683289,30312559,30312573,14,2025-02-25 07:57:54.778101,2025-02-25 07:58:14.850054,20.071953
channel-6994,1324971,30312563,30312572,9,2025-02-25 07:58:00.328269,2025-02-25 07:58:12.468598,12.140329
channel-6994,1324972,30312565,30312578,13,2025-02-25 07:58:02.745929,2025-02-25 07:58:21.341007,18.595078
channel-412,64611,30312573,30312584,11,2025-02-25 07:58:14.850054,2025-02-25 07:58:30.786243,15.936189
channel-1429,140743,30312575,30312585,10,2025-02-25 07:58:17.135473,2025-02-25 07:58:31.863427,14.727954
channel-750,683290,30312582,30312593,11,2025-02-25 07:58:26.943807,2025-02-25 07:58:41.956732,15.012925
channel-642,126520,30312587,30312611,24,2025-02-25 07:58:34.033344,2025-02-25 07:59:04.506024,30.47268
channel-208,1490392,30312588,30312597,9,2025-02-25 07:58:35.091903,2025-02-25 07:58:46.762978,11.671075
channel-642,126521,30312589,30312601,12,2025-02-25 07:58:36.305436,2025-02-25 07:58:52.313388,16.007952
channel-750,683291,30312589,30312594,5,2025-02-25 07:58:36.305436,2025-02-25 07:58:43.030629,6.725193
channel-642,126522,30312592,30312625,33,2025-02-25 07:58:40.727638,2025-02-25 07:59:21.403979,40.676341
channel-1429,140744,30312597,30312609,12,2025-02-25 07:58:46.762978,2025-02-25 07:59:02.131858,15.36888
channel-85077,60455,30312599,30312609,10,2025-02-25 07:58:50.050741,2025-02-25 07:59:02.131858,12.081117
channel-750,683292,30312600,30312605,5,2025-02-25 07:58:51.267220,2025-02-25 07:58:56.918958,5.651738
channel-85077,60456,30312603,30312611,8,2025-02-25 07:58:54.602138,2025-02-25 07:59:04.506024,9.903886
channel-0,4038983,30312603,30312612,9,2025-02-25 07:58:54.602138,2025-02-25 07:59:05.611475,11.009337
channel-642,126523,30312605,30312644,39,2025-02-25 07:58:56.918958,2025-02-25 07:59:44.553827,47.634869
channel-85077,60457,30312608,30312620,12,2025-02-25 07:59:01.054797,2025-02-25 07:59:15.896590,14.841793
channel-208,1490393,30312608,30312618,10,2025-02-25 07:59:01.054797,2025-02-25 07:59:12.466677,11.41188
channel-122,668110,30312611,30312644,33,2025-02-25 07:59:04.506024,2025-02-25 07:59:44.553827,40.047803
channel-1429,140745,30312624,30312635,11,2025-02-25 07:59:20.203999,2025-02-25 07:59:33.151147,12.947148
channel-750,683293,30312629,30312647,18,2025-02-25 07:59:26.196332,2025-02-25 07:59:48.996536,22.800204
channel-326,538102,30312635,30312640,5,2025-02-25 07:59:33.151147,2025-02-25 07:59:39.483730,6.332583
channel-85077,60458,30312636,30312643,7,2025-02-25 07:59:34.250648,2025-02-25 07:59:43.426285,9.175637
channel-750,683294,30312638,30312642,4,2025-02-25 07:59:36.644105,2025-02-25 07:59:42.365028,5.720923
channel-85077,60459,30312640,30312659,19,2025-02-25 07:59:39.483730,2025-02-25 08:00:05.525992,26.042262
channel-19774,346040,30312641,30312653,12,2025-02-25 07:59:40.775297,2025-02-25 07:59:57.183736,16.408439
channel-19774,346041,30312651,30312662,11,2025-02-25 07:59:54.997045,2025-02-25 08:00:09.012940,14.015895
channel-0,4038984,30312652,30312660,8,2025-02-25 07:59:56.067132,2025-02-25 08:00:06.746847,10.679715
channel-412,64612,30312653,30312668,15,2025-02-25 07:59:57.183736,2025-02-25 08:00:16.668743,19.485007
channel-2694,3315,30312655,30312672,17,2025-02-25 08:00:00.966715,2025-02-25 08:00:22.353854,21.387139
channel-0,4038985,30312659,30312669,10,2025-02-25 08:00:05.525992,2025-02-25 08:00:19.048384,13.522392
channel-0,4038986,30312666,30312674,8,2025-02-25 08:00:13.685233,2025-02-25 08:00:25.222401,11.537168
channel-750,683295,30312667,30312672,5,2025-02-25 08:00:14.836802,2025-02-25 08:00:22.353854,7.517052
channel-208,1490394,30312668,30312681,13,2025-02-25 08:00:16.668743,2025-02-25 08:00:33.329167,16.660424
channel-75,845092,30312670,30312678,8,2025-02-25 08:00:20.159022,2025-02-25 08:00:29.847524,9.688502
channel-6994,1324973,30312673,30312702,29,2025-02-25 08:00:23.594313,2025-02-25 08:00:58.732098,35.137785
channel-2188,43769,30312688,30312692,4,2025-02-25 08:00:41.300026,2025-02-25 08:00:46.166259,4.866233
channel-143,128400,30312688,30312701,13,2025-02-25 08:00:41.300026,2025-02-25 08:00:56.634177,15.334151
channel-82,18960,30312697,30312713,16,2025-02-25 08:00:51.620835,2025-02-25 08:01:12.724804,21.103969
channel-874,293270,30312701,30312706,5,2025-02-25 08:00:56.634177,2025-02-25 08:01:03.229932,6.595755
channel-143,128401,30312701,30312714,13,2025-02-25 08:00:56.634177,2025-02-25 08:01:13.797739,17.163562
channel-19774,346042,30312705,30312717,12,2025-02-25 08:01:02.101597,2025-02-25 08:01:17.136577,15.03498
channel-208,1490395,30312705,30312716,11,2025-02-25 08:01:02.101597,2025-02-25 08:01:15.958924,13.857327
channel-6994,1324974,30312706,30312731,25,2025-02-25 08:01:03.229932,2025-02-25 08:01:37.232098,34.002166
channel-232,49205,30312711,30312723,12,2025-02-25 08:01:09.457513,2025-02-25 08:01:26.162112,16.704599
channel-216,94260,30312711,30312871,160,2025-02-25 08:01:09.457513,2025-02-25 08:04:48.115339,218.657826
channel-750,683296,30312712,30312720,8,2025-02-25 08:01:11.575380,2025-02-25 08:01:22.673085,11.097705
channel-1,408437,30312714,30312731,17,2025-02-25 08:01:13.797739,2025-02-25 08:01:37.232098,23.434359
channel-750,683297,30312715,30312718,3,2025-02-25 08:01:14.888497,2025-02-25 08:01:18.835998,3.947501
channel-38946,124207,30312719,30312741,22,2025-02-25 08:01:21.450453,2025-02-25 08:01:53.599265,32.148812
channel-85077,60460,30312725,30312739,14,2025-02-25 08:01:28.663328,2025-02-25 08:01:46.931593,18.268265
channel-75,845093,30312725,30312732,7,2025-02-25 08:01:28.663328,2025-02-25 08:01:38.316250,9.652922
channel-2188,43770,30312731,30312736,5,2025-02-25 08:01:37.232098,2025-02-25 08:01:42.965543,5.733445
channel-6994,1324975,30312735,30312744,9,2025-02-25 08:01:41.713808,2025-02-25 08:01:57.340611,15.626803
channel-1429,140746,30312741,30312750,9,2025-02-25 08:01:53.599265,2025-02-25 08:02:07.328652,13.729387
channel-0,4038987,30312743,30312755,12,2025-02-25 08:01:56.159037,2025-02-25 08:02:15.260717,19.10168
channel-750,683298,30312744,30312767,23,2025-02-25 08:01:57.340611,2025-02-25 08:02:31.413253,34.072642
channel-208,1490396,30312748,30312759,11,2025-02-25 08:02:05.071367,2025-02-25 08:02:20.935748,15.864381
channel-1429,140747,30312749,30312758,9,2025-02-25 08:02:06.239744,2025-02-25 08:02:19.835453,13.595709
channel-750,683299,30312751,30312756,5,2025-02-25 08:02:09.608459,2025-02-25 08:02:16.358463,6.750004
channel-122,668111,30312753,30312759,6,2025-02-25 08:02:12.031647,2025-02-25 08:02:20.935748,8.904101
channel-89298,18686,30312755,30312765,10,2025-02-25 08:02:15.260717,2025-02-25 08:02:27.873728,12.613011
channel-1429,140748,30312769,30312781,12,2025-02-25 08:02:33.884421,2025-02-25 08:02:49.288626,15.404205
channel-85077,60461,30312775,30312784,9,2025-02-25 08:02:42.197671,2025-02-25 08:02:52.660393,10.462722
channel-85077,60462,30312778,30312787,9,2025-02-25 08:02:45.857492,2025-02-25 08:02:56.169836,10.312344
channel-750,683300,30312786,30312792,6,2025-02-25 08:02:54.948921,2025-02-25 08:03:02.008169,7.059248
channel-115,20411,30312803,30312812,9,2025-02-25 08:03:14.494802,2025-02-25 08:03:28.174744,13.679942
channel-326,538103,30312807,30312824,17,2025-02-25 08:03:20.317459,2025-02-25 08:03:44.229349,23.91189
channel-6787,166729,30312807,30312813,6,2025-02-25 08:03:20.317459,2025-02-25 08:03:29.276795,8.959336
channel-750,683301,30312815,30312825,10,2025-02-25 08:03:31.577662,2025-02-25 08:03:45.305410,13.727748
channel-326,538104,30312815,30312821,6,2025-02-25 08:03:31.577662,2025-02-25 08:03:39.812026,8.234364
channel-6994,1324976,30312820,30312830,10,2025-02-25 08:03:38.684462,2025-02-25 08:03:51.011367,12.326905
channel-85077,60463,30312823,30312831,8,2025-02-25 08:03:42.119456,2025-02-25 08:03:56.346882,14.227426
channel-874,293271,30312827,30312831,4,2025-02-25 08:03:47.560084,2025-02-25 08:03:56.346882,8.786798
channel-750,683302,30312829,30312834,5,2025-02-25 08:03:49.846536,2025-02-25 08:03:59.811888,9.965352
channel-75,845094,30312833,30312844,11,2025-02-25 08:03:58.682016,2025-02-25 08:04:12.631986,13.94997
channel-750,683303,30312835,30312865,30,2025-02-25 08:04:01.901798,2025-02-25 08:04:40.282479,38.380681
channel-5,184318,30312837,30312847,10,2025-02-25 08:04:04.199535,2025-02-25 08:04:16.005739,11.806204
channel-232,49206,30312839,30312852,13,2025-02-25 08:04:06.579098,2025-02-25 08:04:23.141688,16.56259
channel-2188,43771,30312842,30312848,6,2025-02-25 08:04:10.464295,2025-02-25 08:04:17.398902,6.934607
channel-208,1490397,30312844,30312855,11,2025-02-25 08:04:12.631986,2025-02-25 08:04:26.542904,13.910918
channel-750,683304,30312845,30312862,17,2025-02-25 08:04:13.857997,2025-02-25 08:04:37.030490,23.172493
channel-1,408438,30312847,30312867,20,2025-02-25 08:04:16.005739,2025-02-25 08:04:42.616278,26.610539
channel-85077,60464,30312847,30312872,25,2025-02-25 08:04:16.005739,2025-02-25 08:04:50.441859,34.43612
channel-750,683305,30312848,30312863,15,2025-02-25 08:04:17.398902,2025-02-25 08:04:38.125851,20.726949
channel-85077,60465,30312849,30312860,11,2025-02-25 08:04:18.488576,2025-02-25 08:04:32.498821,14.010245
channel-750,683306,30312850,30312863,13,2025-02-25 08:04:19.730152,2025-02-25 08:04:38.125851,18.395699
channel-0,4038988,30312851,30312861,10,2025-02-25 08:04:20.805931,2025-02-25 08:04:34.922835,14.116904
channel-750,683307,30312853,30312863,10,2025-02-25 08:04:24.352952,2025-02-25 08:04:38.125851,13.772899
channel-0,4038989,30312856,30312867,11,2025-02-25 08:04:27.811095,2025-02-25 08:04:42.616278,14.805183
channel-115,20412,30312861,30312871,10,2025-02-25 08:04:34.922835,2025-02-25 08:04:48.115339,13.192504
channel-326,538105,30312863,30312872,9,2025-02-25 08:04:38.125851,2025-02-25 08:04:50.441859,12.316008
channel-2188,43772,30312868,30312872,4,2025-02-25 08:04:43.738176,2025-02-25 08:04:50.441859,6.703683
channel-750,683308,30312870,30312883,13,2025-02-25 08:04:46.770507,2025-02-25 08:05:03.305494,16.534987
channel-6994,1324977,30312882,30312894,12,2025-02-25 08:05:01.798859,2025-02-25 08:05:17.157968,15.359109
channel-6994,1324978,30312887,30312899,12,2025-02-25 08:05:07.871743,2025-02-25 08:05:22.795061,14.923318
channel-5,184319,30312888,30312898,10,2025-02-25 08:05:09.022475,2025-02-25 08:05:21.568668,12.546193
channel-0,4038990,30312891,30312901,10,2025-02-25 08:05:12.436798,2025-02-25 08:05:25.544322,13.107524
channel-750,683309,30312893,30312908,15,2025-02-25 08:05:15.069204,2025-02-25 08:05:34.561229,19.492025
channel-750,683310,30312896,30312909,13,2025-02-25 08:05:19.334907,2025-02-25 08:05:35.678731,16.343824
channel-122,668112,30312900,30312904,4,2025-02-25 08:05:24.470268,2025-02-25 08:05:29.046315,4.576047
channel-85077,60466,30312903,30312930,27,2025-02-25 08:05:27.975415,2025-02-25 08:06:04.405745,36.43033
channel-208,1490398,30312905,30312917,12,2025-02-25 08:05:31.238601,2025-02-25 08:05:47.918070,16.679469
channel-208,1490399,30312907,30312917,10,2025-02-25 08:05:33.422123,2025-02-25 08:05:47.918070,14.495947
channel-208,1490400,30312908,30312917,9,2025-02-25 08:05:34.561229,2025-02-25 08:05:47.918070,13.356841
channel-750,683311,30312908,30312919,11,2025-02-25 08:05:34.561229,2025-02-25 08:05:51.809024,17.247795
channel-6994,1324979,30312914,30312928,14,2025-02-25 08:05:43.584529,2025-02-25 08:06:02.110633,18.526104
channel-0,4038991,30312918,30312930,12,2025-02-25 08:05:49.109864,2025-02-25 08:06:04.405745,15.295881
channel-143,128402,30312921,30312943,22,2025-02-25 08:05:53.967096,2025-02-25 08:06:20.112785,26.145689
channel-750,683312,30312925,30312936,11,2025-02-25 08:05:58.692578,2025-02-25 08:06:11.312671,12.620093
channel-85077,60467,30312928,30312938,10,2025-02-25 08:06:02.110633,2025-02-25 08:06:14.302359,12.191726
channel-76971,12245,30312930,30312955,25,2025-02-25 08:06:04.405745,2025-02-25 08:06:37.091350,32.685605
channel-5,184320,30312931,30312942,11,2025-02-25 08:06:05.495866,2025-02-25 08:06:18.714488,13.218622
channel-782,310214,30312933,30312941,8,2025-02-25 08:06:07.803834,2025-02-25 08:06:17.565439,9.761605
channel-94814,3775,30312937,30312950,13,2025-02-25 08:06:12.937626,2025-02-25 08:06:28.103841,15.166215
channel-1429,140749,30312942,30312956,14,2025-02-25 08:06:18.714488,2025-02-25 08:06:38.280865,19.566377
channel-783,104297,30312950,30312959,9,2025-02-25 08:06:28.103841,2025-02-25 08:06:44.152952,16.049111
channel-750,683313,30312950,30312958,8,2025-02-25 08:06:28.103841,2025-02-25 08:06:41.979540,13.875699
channel-0,4038992,30312955,30312967,12,2025-02-25 08:06:37.091350,2025-02-25 08:06:53.519676,16.428326
channel-108,39854,30312956,30312985,29,2025-02-25 08:06:38.280865,2025-02-25 08:07:15.785745,37.50488
channel-259,314358,30312963,30312970,7,2025-02-25 08:06:48.657158,2025-02-25 08:06:56.995132,8.337974
channel-1429,140750,30312964,30312975,11,2025-02-25 08:06:49.870078,2025-02-25 08:07:03.313416,13.443338
channel-75,845095,30312967,30312974,7,2025-02-25 08:06:53.519676,2025-02-25 08:07:02.076371,8.556695
channel-108,39855,30312968,30312985,17,2025-02-25 08:06:54.670055,2025-02-25 08:07:15.785745,21.11569
channel-6994,1324980,30312969,30312982,13,2025-02-25 08:06:55.775757,2025-02-25 08:07:12.159766,16.384009
channel-208,1490401,30312972,30312984,12,2025-02-25 08:06:59.842959,2025-02-25 08:07:14.616427,14.773468
channel-122,668113,30312975,30313027,52,2025-02-25 08:07:03.313416,2025-02-25 08:08:09.925993,66.612577
channel-259,314359,30312980,30312986,6,2025-02-25 08:07:10.014319,2025-02-25 08:07:17.016343,7.002024
channel-216,94261,30312980,30313041,61,2025-02-25 08:07:10.014319,2025-02-25 08:08:28.224527,78.210208
channel-1429,140751,30312981,30312995,14,2025-02-25 08:07:11.113861,2025-02-25 08:07:27.459500,16.345639
channel-750,683314,30312989,30313000,11,2025-02-25 08:07:20.559917,2025-02-25 08:07:33.715675,13.155758
channel-6994,1324981,30312990,30313001,11,2025-02-25 08:07:21.679960,2025-02-25 08:07:35.089708,13.409748
channel-2694,3316,30312991,30313007,16,2025-02-25 08:07:22.749338,2025-02-25 08:07:44.975660,22.226322
channel-0,4038993,30312993,30313004,11,2025-02-25 08:07:25.092239,2025-02-25 08:07:40.564702,15.472463
channel-208,1490402,30313005,30313017,12,2025-02-25 08:07:41.596823,2025-02-25 08:07:56.759508,15.162685
channel-259,314360,30313007,30313012,5,2025-02-25 08:07:44.975660,2025-02-25 08:07:50.993460,6.0178
channel-6994,1324982,30313011,30313022,11,2025-02-25 08:07:49.836793,2025-02-25 08:08:02.493966,12.657173
channel-642,126524,30313017,30313031,14,2025-02-25 08:07:56.759508,2025-02-25 08:08:14.658490,17.898982
channel-642,126525,30313019,30313045,26,2025-02-25 08:07:58.998102,2025-02-25 08:08:32.811363,33.813261
channel-85077,60468,30313019,30313029,10,2025-02-25 08:07:58.998102,2025-02-25 08:08:12.223225,13.225123
channel-1,408439,30313021,30313036,15,2025-02-25 08:08:01.267467,2025-02-25 08:08:21.889275,20.621808
channel-208,1490403,30313024,30313035,11,2025-02-25 08:08:05.664473,2025-02-25 08:08:19.622648,13.958175
channel-85077,60469,30313024,30313035,11,2025-02-25 08:08:05.664473,2025-02-25 08:08:19.622648,13.958175
channel-259,314361,30313024,30313033,9,2025-02-25 08:08:05.664473,2025-02-25 08:08:17.204040,11.539567
channel-259,314362,30313025,30313035,10,2025-02-25 08:08:07.742884,2025-02-25 08:08:19.622648,11.879764
channel-85077,60470,30313045,30313055,10,2025-02-25 08:08:32.811363,2025-02-25 08:08:44.365453,11.55409
channel-259,314363,30313047,30313053,6,2025-02-25 08:08:35.219741,2025-02-25 08:08:42.020145,6.800404
channel-85077,60471,30313048,30313057,9,2025-02-25 08:08:36.401096,2025-02-25 08:08:47.871656,11.47056
channel-85077,60472,30313053,30313068,15,2025-02-25 08:08:42.020145,2025-02-25 08:09:01.730289,19.710144
channel-169,117526,30313054,30313061,7,2025-02-25 08:08:43.119248,2025-02-25 08:08:52.767145,9.647897
channel-208,1490404,30313057,30313067,10,2025-02-25 08:08:47.871656,2025-02-25 08:09:00.542122,12.670466
channel-750,683315,30313060,30313078,18,2025-02-25 08:08:51.557938,2025-02-25 08:09:14.482538,22.9246
channel-38946,124208,30313061,30313072,11,2025-02-25 08:08:52.767145,2025-02-25 08:09:06.648879,13.881734
channel-1,408440,30313066,30313084,18,2025-02-25 08:08:59.449507,2025-02-25 08:09:21.114109,21.664602
channel-750,683316,30313070,30313084,14,2025-02-25 08:09:04.434707,2025-02-25 08:09:21.114109,16.679402
channel-19774,346043,30313072,30313084,12,2025-02-25 08:09:06.648879,2025-02-25 08:09:21.114109,14.46523
channel-1,408441,30313072,30313084,12,2025-02-25 08:09:06.648879,2025-02-25 08:09:21.114109,14.46523
channel-1,408442,30313074,30313084,10,2025-02-25 08:09:08.975610,2025-02-25 08:09:21.114109,12.138499
channel-492,20120,30313077,30313089,12,2025-02-25 08:09:12.378982,2025-02-25 08:09:27.758505,15.379523
channel-1575,15195,30313081,30313089,8,2025-02-25 08:09:17.918776,2025-02-25 08:09:27.758505,9.839729
channel-208,1490405,30313086,30313093,7,2025-02-25 08:09:24.397936,2025-02-25 08:09:36.507806,12.10987
channel-0,4038994,30313088,30313114,26,2025-02-25 08:09:26.635282,2025-02-25 08:10:04.984547,38.349265
channel-782,310215,30313089,30313097,8,2025-02-25 08:09:27.758505,2025-02-25 08:09:41.070468,13.311963
channel-208,1490406,30313089,30313103,14,2025-02-25 08:09:27.758505,2025-02-25 08:09:48.653116,20.894611
channel-6994,1324983,30313089,30313104,15,2025-02-25 08:09:27.758505,2025-02-25 08:09:49.881424,22.122919
channel-326,538106,30313096,30313105,9,2025-02-25 08:09:39.980446,2025-02-25 08:09:52.315835,12.335389
channel-208,1490407,30313096,30313106,10,2025-02-25 08:09:39.980446,2025-02-25 08:09:53.589422,13.608976
channel-750,683317,30313100,30313111,11,2025-02-25 08:09:44.526487,2025-02-25 08:10:00.378575,15.852088
channel-122,668114,30313104,30313108,4,2025-02-25 08:09:49.881424,2025-02-25 08:09:55.822421,5.940997
channel-2694,3317,30313106,30313129,23,2025-02-25 08:09:53.589422,2025-02-25 08:10:22.053633,28.464211
channel-6994,1324984,30313111,30313123,12,2025-02-25 08:10:00.378575,2025-02-25 08:10:15.282028,14.903453
channel-122,668115,30313111,30313136,25,2025-02-25 08:10:00.378575,2025-02-25 08:10:31.593578,31.215003
channel-122,668116,30313114,30313120,6,2025-02-25 08:10:04.984547,2025-02-25 08:10:11.713841,6.729294
channel-1,408443,30313115,30313138,23,2025-02-25 08:10:06.029015,2025-02-25 08:10:33.866998,27.837983
channel-75,845096,30313115,30313123,8,2025-02-25 08:10:06.029015,2025-02-25 08:10:15.282028,9.253013
channel-122,668117,30313117,30313122,5,2025-02-25 08:10:08.288187,2025-02-25 08:10:14.045198,5.757011
channel-750,683318,30313120,30313130,10,2025-02-25 08:10:11.713841,2025-02-25 08:10:23.200651,11.48681
channel-750,683319,30313120,30313135,15,2025-02-25 08:10:11.713841,2025-02-25 08:10:29.954943,18.241102
channel-340,3184,30313129,30313137,8,2025-02-25 08:10:22.053633,2025-02-25 08:10:32.740203,10.68657
channel-122,668118,30313136,30313140,4,2025-02-25 08:10:31.593578,2025-02-25 08:10:36.210174,4.616596
channel-122,668119,30313140,30313145,5,2025-02-25 08:10:36.210174,2025-02-25 08:10:41.788602,5.578428
channel-85077,60473,30313147,30313157,10,2025-02-25 08:10:44.305375,2025-02-25 08:10:57.751811,13.446436
channel-184,137429,30313150,30313160,10,2025-02-25 08:10:48.785302,2025-02-25 08:11:01.795477,13.010175
channel-0,4038995,30313152,30313163,11,2025-02-25 08:10:51.094422,2025-02-25 08:11:06.228206,15.133784
channel-750,683320,30313164,30313174,10,2025-02-25 08:11:07.351083,2025-02-25 08:11:19.391081,12.039998
channel-85077,60474,30313182,30313192,10,2025-02-25 08:11:36.808870,2025-02-25 08:11:48.438023,11.629153
channel-122,668120,30313189,30313193,4,2025-02-25 08:11:45.017480,2025-02-25 08:11:49.567087,4.549607
channel-184,137430,30313192,30313213,21,2025-02-25 08:11:48.438023,2025-02-25 08:12:18.271805,29.833782
channel-6787,166730,30313204,30313209,5,2025-02-25 08:12:05.552341,2025-02-25 08:12:11.324378,5.772037
channel-1,408444,30313204,30313236,32,2025-02-25 08:12:05.552341,2025-02-25 08:12:46.763020,41.210679
channel-1,408445,30313205,30313236,31,2025-02-25 08:12:06.651425,2025-02-25 08:12:46.763020,40.111595
channel-122,668121,30313210,30313214,4,2025-02-25 08:12:12.450201,2025-02-25 08:12:19.518664,7.068463
channel-2694,3318,30313222,30313249,27,2025-02-25 08:12:28.546081,2025-02-25 08:13:04.128562,35.582481
channel-874,293272,30313237,30313243,6,2025-02-25 08:12:47.948009,2025-02-25 08:12:55.816183,7.868174
channel-113,301343,30313238,30313279,41,2025-02-25 08:12:50.117820,2025-02-25 08:13:42.353896,52.236076
channel-0,4038996,30313241,30313265,24,2025-02-25 08:12:53.509054,2025-02-25 08:13:25.119971,31.610917
channel-42,1490033,30313248,30313259,11,2025-02-25 08:13:02.951614,2025-02-25 08:13:15.581267,12.629653
channel-326,538107,30313253,30313258,5,2025-02-25 08:13:08.776308,2025-02-25 08:13:14.421706,5.645398
channel-85077,60475,30313253,30313261,8,2025-02-25 08:13:08.776308,2025-02-25 08:13:19.040008,10.2637
channel-85077,60476,30313257,30313265,8,2025-02-25 08:13:13.249222,2025-02-25 08:13:25.119971,11.870749
channel-750,683321,30313258,30313270,12,2025-02-25 08:13:14.421706,2025-02-25 08:13:31.137816,16.71611
channel-750,683322,30313266,30313272,6,2025-02-25 08:13:26.200227,2025-02-25 08:13:33.338924,7.138697
channel-208,1490408,30313267,30313275,8,2025-02-25 08:13:27.744232,2025-02-25 08:13:37.619440,9.875208
channel-208,1490409,30313277,30313290,13,2025-02-25 08:13:40.176450,2025-02-25 08:13:55.054480,14.87803
channel-750,683323,30313279,30313293,14,2025-02-25 08:13:42.353896,2025-02-25 08:13:58.213952,15.860056
channel-0,4038997,30313283,30313294,11,2025-02-25 08:13:46.986541,2025-02-25 08:14:00.344841,13.3583
channel-85077,60477,30313285,30313299,14,2025-02-25 08:13:49.366521,2025-02-25 08:14:07.542713,18.176192
channel-82819,484,30313286,30313297,11,2025-02-25 08:13:50.493756,2025-02-25 08:14:05.143605,14.649849
channel-76971,12246,30313290,30313311,21,2025-02-25 08:13:55.054480,2025-02-25 08:14:21.934101,26.879621
channel-146,20034,30313295,30313305,10,2025-02-25 08:14:01.469074,2025-02-25 08:14:15.051457,13.582383
channel-6994,1324985,30313296,30313311,15,2025-02-25 08:14:02.670350,2025-02-25 08:14:21.934101,19.263751
channel-750,683324,30313296,30313301,5,2025-02-25 08:14:02.670350,2025-02-25 08:14:10.344887,7.674537
channel-208,1490410,30313302,30313314,12,2025-02-25 08:14:11.573705,2025-02-25 08:14:25.279275,13.70557
channel-750,683325,30313304,30313311,7,2025-02-25 08:14:13.846101,2025-02-25 08:14:21.934101,8.088
channel-1,408446,30313310,30313319,9,2025-02-25 08:14:20.861637,2025-02-25 08:14:31.484225,10.622588
channel-75,845097,30313312,30313320,8,2025-02-25 08:14:23.082504,2025-02-25 08:14:32.622008,9.539504
channel-85077,60478,30313314,30313326,12,2025-02-25 08:14:25.279275,2025-02-25 08:14:39.594768,14.315493
channel-75,845098,30313315,30313323,8,2025-02-25 08:14:26.503591,2025-02-25 08:14:36.049974,9.546383
channel-259,314364,30313318,30313325,7,2025-02-25 08:14:30.232062,2025-02-25 08:14:38.493302,8.26124
channel-38946,124209,30313320,30313336,16,2025-02-25 08:14:32.622008,2025-02-25 08:14:52.649427,20.027419
channel-204,670823,30313324,30313344,20,2025-02-25 08:14:37.170212,2025-02-25 08:15:04.426667,27.256455
channel-750,683326,30313324,30313341,17,2025-02-25 08:14:37.170212,2025-02-25 08:14:58.658629,21.488417
channel-326,538108,30313329,30313333,4,2025-02-25 08:14:43.159950,2025-02-25 08:14:48.213458,5.053508
channel-208,1490411,30313335,30313345,10,2025-02-25 08:14:51.353030,2025-02-25 08:15:05.546328,14.193298
channel-750,683327,30313341,30313345,4,2025-02-25 08:14:58.658629,2025-02-25 08:15:05.546328,6.887699
channel-113,301344,30313345,30313396,51,2025-02-25 08:15:05.546328,2025-02-25 08:16:14.050646,68.504318
channel-0,4038998,30313346,30313355,9,2025-02-25 08:15:08.219858,2025-02-25 08:15:19.057847,10.837989
channel-89321,19471,30313352,30313364,12,2025-02-25 08:15:15.619705,2025-02-25 08:15:29.114147,13.494442
channel-85077,60479,30313355,30313365,10,2025-02-25 08:15:19.057847,2025-02-25 08:15:30.851861,11.794014
channel-208,1490412,30313361,30313370,9,2025-02-25 08:15:25.717458,2025-02-25 08:15:39.714358,13.9969
channel-0,4038999,30313370,30313378,8,2025-02-25 08:15:39.714358,2025-02-25 08:15:51.385190,11.670832
channel-6994,1324986,30313374,30313385,11,2025-02-25 08:15:46.736133,2025-02-25 08:15:59.605561,12.869428
channel-782,310216,30313375,30313381,6,2025-02-25 08:15:47.857941,2025-02-25 08:15:54.810431,6.95249
channel-122,668122,30313375,30313379,4,2025-02-25 08:15:47.857941,2025-02-25 08:15:52.535274,4.677333
channel-750,683328,30313383,30313395,12,2025-02-25 08:15:57.169290,2025-02-25 08:16:12.593155,15.423865
channel-94814,3776,30313384,30313397,13,2025-02-25 08:15:58.356778,2025-02-25 08:16:16.209299,17.852521
channel-85077,60480,30313393,30313401,8,2025-02-25 08:16:10.378429,2025-02-25 08:16:21.262192,10.883763
channel-208,1490413,30313398,30313411,13,2025-02-25 08:16:17.316894,2025-02-25 08:16:34.096141,16.779247
channel-208,1490414,30313399,30313411,12,2025-02-25 08:16:19.018613,2025-02-25 08:16:34.096141,15.077528
channel-750,683329,30313400,30313405,5,2025-02-25 08:16:20.128042,2025-02-25 08:16:27.401892,7.27385
channel-6994,1324987,30313404,30313418,14,2025-02-25 08:16:25.787207,2025-02-25 08:16:42.482407,16.6952
channel-2186,40789,30313405,30313417,12,2025-02-25 08:16:27.401892,2025-02-25 08:16:41.259568,13.857676
channel-208,1490415,30313409,30313420,11,2025-02-25 08:16:31.953846,2025-02-25 08:16:44.896169,12.942323
channel-750,683330,30313425,30313437,12,2025-02-25 08:16:50.611714,2025-02-25 08:17:05.118574,14.50686
channel-642,126526,30313440,30313473,33,2025-02-25 08:17:10.562188,2025-02-25 08:17:53.119879,42.557691
channel-184,137431,30313445,30313460,15,2025-02-25 08:17:17.453480,2025-02-25 08:17:36.626698,19.173218
channel-642,126527,30313446,30313469,23,2025-02-25 08:17:18.550379,2025-02-25 08:17:47.438301,28.887922
channel-204,670824,30313451,30313459,8,2025-02-25 08:17:24.257330,2025-02-25 08:17:34.524146,10.266816
channel-642,126528,30313455,30313504,49,2025-02-25 08:17:29.915820,2025-02-25 08:18:32.984993,63.069173
channel-6994,1324988,30313457,30313472,15,2025-02-25 08:17:32.358057,2025-02-25 08:17:51.932730,19.574673
channel-85077,60481,30313458,30313466,8,2025-02-25 08:17:33.452775,2025-02-25 08:17:43.789734,10.336959
channel-0,4039000,30313467,30313477,10,2025-02-25 08:17:45.143147,2025-02-25 08:17:57.874704,12.731557
channel-320,119210,30313468,30313478,10,2025-02-25 08:17:46.344272,2025-02-25 08:17:59.178996,12.834724
channel-782,310217,30313469,30313481,12,2025-02-25 08:17:47.438301,2025-02-25 08:18:02.899357,15.461056
channel-782,310218,30313472,30313481,9,2025-02-25 08:17:51.932730,2025-02-25 08:18:02.899357,10.966627
channel-6994,1324989,30313474,30313486,12,2025-02-25 08:17:54.294253,2025-02-25 08:18:09.053063,14.75881
channel-85077,60482,30313477,30313487,10,2025-02-25 08:17:57.874704,2025-02-25 08:18:11.302986,13.428282
channel-184,137432,30313484,30313495,11,2025-02-25 08:18:06.615549,2025-02-25 08:18:21.855256,15.239707
channel-2694,3319,30313497,30313526,29,2025-02-25 08:18:24.380511,2025-02-25 08:19:02.490943,38.110432
channel-326,538109,30313515,30313521,6,2025-02-25 08:18:46.937871,2025-02-25 08:18:54.147941,7.21007
channel-89298,18687,30313516,30313527,11,2025-02-25 08:18:48.265019,2025-02-25 08:19:03.633509,15.36849
channel-750,683331,30313526,30313537,11,2025-02-25 08:19:02.490943,2025-02-25 08:19:17.003005,14.512062
channel-204,670825,30313534,30313548,14,2025-02-25 08:19:12.383689,2025-02-25 08:19:30.773112,18.389423
channel-750,683332,30313537,30313541,4,2025-02-25 08:19:17.003005,2025-02-25 08:19:22.745656,5.742651
channel-38946,124210,30313538,30313553,15,2025-02-25 08:19:18.069805,2025-02-25 08:19:36.265821,18.196016
channel-750,683333,30313539,30313558,19,2025-02-25 08:19:19.315421,2025-02-25 08:19:41.971011,22.65559
channel-750,683334,30313543,30313553,10,2025-02-25 08:19:25.109106,2025-02-25 08:19:36.265821,11.156715
channel-19774,346044,30313544,30313554,10,2025-02-25 08:19:26.342475,2025-02-25 08:19:37.439129,11.096654
channel-750,683335,30313547,30313575,28,2025-02-25 08:19:29.584906,2025-02-25 08:20:02.948009,33.363103
channel-94814,3777,30313548,30313560,12,2025-02-25 08:19:30.773112,2025-02-25 08:19:45.211736,14.438624
channel-326,538110,30313549,30313556,7,2025-02-25 08:19:31.878599,2025-02-25 08:19:39.800994,7.922395
channel-97998,56,30313550,30313562,12,2025-02-25 08:19:33.060421,2025-02-25 08:19:47.528860,14.468439
channel-89321,19472,30313556,30313584,28,2025-02-25 08:19:39.800994,2025-02-25 08:20:17.596677,37.795683
channel-750,683336,30313568,30313584,16,2025-02-25 08:19:55.009936,2025-02-25 08:20:17.596677,22.586741
channel-0,4039001,30313575,30313584,9,2025-02-25 08:20:02.948009,2025-02-25 08:20:17.596677,14.648668
channel-326,538111,30313578,30313583,5,2025-02-25 08:20:09.616376,2025-02-25 08:20:16.454867,6.838491
channel-0,4039002,30313582,30313602,20,2025-02-25 08:20:14.351891,2025-02-25 08:20:42.213602,27.861711
channel-85077,60483,30313585,30313610,25,2025-02-25 08:20:18.796945,2025-02-25 08:20:51.904249,33.107304
channel-251,85245,30313585,30313596,11,2025-02-25 08:20:18.796945,2025-02-25 08:20:33.036207,14.239262
channel-169,117527,30313588,30313598,10,2025-02-25 08:20:23.713134,2025-02-25 08:20:35.908147,12.195013
channel-750,683337,30313590,30313595,5,2025-02-25 08:20:26.111929,2025-02-25 08:20:31.832436,5.720507
channel-208,1490416,30313598,30313608,10,2025-02-25 08:20:35.908147,2025-02-25 08:20:49.510935,13.602788
channel-750,683338,30313599,30313604,5,2025-02-25 08:20:37.082211,2025-02-25 08:20:44.847608,7.765397
channel-122,668123,30313600,30313604,4,2025-02-25 08:20:38.246046,2025-02-25 08:20:44.847608,6.601562
channel-88,467140,30313601,30313621,20,2025-02-25 08:20:39.849379,2025-02-25 08:21:07.210922,27.361543
channel-259,314365,30313604,30313610,6,2025-02-25 08:20:44.847608,2025-02-25 08:20:51.904249,7.056641
channel-750,683339,30313608,30313632,24,2025-02-25 08:20:49.510935,2025-02-25 08:21:20.533375,31.02244
channel-85077,60484,30313608,30313616,8,2025-02-25 08:20:49.510935,2025-02-25 08:21:01.340955,11.83002
channel-0,4039003,30313608,30313618,10,2025-02-25 08:20:49.510935,2025-02-25 08:21:03.724636,14.213701
channel-208,1490417,30313611,30313621,10,2025-02-25 08:20:54.679539,2025-02-25 08:21:07.210922,12.531383
channel-750,683340,30313613,30313632,19,2025-02-25 08:20:56.744728,2025-02-25 08:21:20.533375,23.788647
channel-6994,1324990,30313623,30313634,11,2025-02-25 08:21:09.722006,2025-02-25 08:21:22.893817,13.171811
channel-782,310219,30313629,30313778,149,2025-02-25 08:21:16.602559,2025-02-25 08:24:29.809424,193.206865
channel-2188,43773,30313635,30313639,4,2025-02-25 08:21:24.075732,2025-02-25 08:21:30.567536,6.491804
channel-208,1490418,30313635,30313647,12,2025-02-25 08:21:24.075732,2025-02-25 08:21:40.925017,16.849285
channel-85077,60485,30313641,30313652,11,2025-02-25 08:21:32.781284,2025-02-25 08:21:46.820004,14.03872
channel-750,683341,30313642,30313653,11,2025-02-25 08:21:34.140606,2025-02-25 08:21:47.912764,13.772158
channel-6994,1324991,30313643,30313654,11,2025-02-25 08:21:35.301425,2025-02-25 08:21:49.071564,13.770139
channel-85077,60486,30313643,30313652,9,2025-02-25 08:21:35.301425,2025-02-25 08:21:46.820004,11.518579
channel-143,128403,30313647,30313657,10,2025-02-25 08:21:40.925017,2025-02-25 08:21:54.555145,13.630128
channel-750,683342,30313647,30313668,21,2025-02-25 08:21:40.925017,2025-02-25 08:22:08.083908,27.158891
channel-320,119211,30313647,30313658,11,2025-02-25 08:21:40.925017,2025-02-25 08:21:55.666018,14.741001
channel-1429,140752,30313648,30313659,11,2025-02-25 08:21:42.071870,2025-02-25 08:21:56.927798,14.855928
channel-6994,1324992,30313651,30313689,38,2025-02-25 08:21:45.664607,2025-02-25 08:22:34.773875,49.109268
channel-208,1490419,30313651,30313660,9,2025-02-25 08:21:45.664607,2025-02-25 08:21:57.959364,12.294757
channel-85077,60487,30313654,30313665,11,2025-02-25 08:21:49.071564,2025-02-25 08:22:04.559213,15.487649
channel-85077,60488,30313655,30313668,13,2025-02-25 08:21:51.237370,2025-02-25 08:22:08.083908,16.846538
channel-85077,60489,30313656,30313668,12,2025-02-25 08:21:53.538284,2025-02-25 08:22:08.083908,14.545624
channel-750,683343,30313657,30313662,5,2025-02-25 08:21:54.555145,2025-02-25 08:22:00.654351,6.099206
channel-1429,140753,30313660,30313669,9,2025-02-25 08:21:57.959364,2025-02-25 08:22:09.402577,11.443213
channel-2188,43774,30313661,30313665,4,2025-02-25 08:21:59.527411,2025-02-25 08:22:04.559213,5.031802
channel-2694,3320,30313661,30313672,11,2025-02-25 08:21:59.527411,2025-02-25 08:22:12.862269,13.334858
channel-750,683344,30313661,30313678,17,2025-02-25 08:21:59.527411,2025-02-25 08:22:20.838533,21.311122
channel-4,166998,30313664,30313784,120,2025-02-25 08:22:02.863384,2025-02-25 08:24:39.566749,156.703365
channel-2186,40790,30313664,30313675,11,2025-02-25 08:22:02.863384,2025-02-25 08:22:17.445692,14.582308
channel-232,49207,30313671,30313682,11,2025-02-25 08:22:11.670429,2025-02-25 08:22:25.498678,13.828249
channel-4,166999,30313671,30313784,113,2025-02-25 08:22:11.670429,2025-02-25 08:24:39.566749,147.89632
channel-750,683345,30313676,30313697,21,2025-02-25 08:22:18.662187,2025-02-25 08:22:45.456737,26.79455
channel-19774,346045,30313684,30313694,10,2025-02-25 08:22:27.882788,2025-02-25 08:22:41.380122,13.497334
channel-2188,43775,30313686,30313691,5,2025-02-25 08:22:31.334659,2025-02-25 08:22:38.205787,6.871128
channel-4,167000,30313687,30313784,97,2025-02-25 08:22:32.455639,2025-02-25 08:24:39.566749,127.11111
channel-874,293273,30313693,30313697,4,2025-02-25 08:22:40.346583,2025-02-25 08:22:45.456737,5.110154
channel-750,683346,30313697,30313703,6,2025-02-25 08:22:45.456737,2025-02-25 08:22:55.524064,10.067327
channel-4,167001,30313697,30313757,60,2025-02-25 08:22:45.456737,2025-02-25 08:24:03.689351,78.232614
channel-75,845099,30313697,30313703,6,2025-02-25 08:22:45.456737,2025-02-25 08:22:55.524064,10.067327
channel-750,683347,30313698,30313704,6,2025-02-25 08:22:48.152144,2025-02-25 08:22:56.657651,8.505507
channel-208,1490420,30313703,30313712,9,2025-02-25 08:22:55.524064,2025-02-25 08:23:07.723226,12.199162
channel-750,683348,30313707,30313720,13,2025-02-25 08:23:00.856371,2025-02-25 08:23:16.789480,15.933109
channel-6994,1324993,30313719,30313730,11,2025-02-25 08:23:15.697706,2025-02-25 08:23:30.917725,15.220019
channel-750,683349,30313719,30313725,6,2025-02-25 08:23:15.697706,2025-02-25 08:23:23.574063,7.876357
channel-4,167002,30313721,30313779,58,2025-02-25 08:23:17.881237,2025-02-25 08:24:32.244477,74.36324
channel-782,310220,30313727,30313747,20,2025-02-25 08:23:25.958383,2025-02-25 08:23:51.957637,25.999254
channel-85077,60490,30313731,30313740,9,2025-02-25 08:23:32.057606,2025-02-25 08:23:44.074060,12.016454
channel-85077,60491,30313733,30313744,11,2025-02-25 08:23:34.526382,2025-02-25 08:23:48.523367,13.996985
channel-0,4039004,30313736,30313762,26,2025-02-25 08:23:39.124148,2025-02-25 08:24:09.394589,30.270441
channel-750,683350,30313738,30313756,18,2025-02-25 08:23:41.672987,2025-02-25 08:24:02.513653,20.840666
channel-19774,346046,30313738,30313751,13,2025-02-25 08:23:41.672987,2025-02-25 08:23:56.765106,15.092119
channel-750,683351,30313739,30313762,23,2025-02-25 08:23:42.932305,2025-02-25 08:24:09.394589,26.462284
channel-208,1490421,30313742,30313755,13,2025-02-25 08:23:46.422359,2025-02-25 08:24:01.281694,14.859335
channel-750,683352,30313745,30313756,11,2025-02-25 08:23:49.606901,2025-02-25 08:24:02.513653,12.906752
channel-783,104298,30313749,30313757,8,2025-02-25 08:23:54.439611,2025-02-25 08:24:03.689351,9.24974
channel-75,845100,30313759,30313768,9,2025-02-25 08:24:05.868158,2025-02-25 08:24:16.433801,10.565643
channel-750,683353,30313760,30313777,17,2025-02-25 08:24:06.952446,2025-02-25 08:24:28.723726,21.77128
channel-6994,1324994,30313764,30313774,10,2025-02-25 08:24:12.207446,2025-02-25 08:24:25.207814,13.000368
channel-232,49208,30313764,30313774,10,2025-02-25 08:24:12.207446,2025-02-25 08:24:25.207814,13.000368
channel-326,538112,30313780,30313786,6,2025-02-25 08:24:34.924911,2025-02-25 08:24:41.976819,7.051908
channel-6994,1324995,30313790,30313817,27,2025-02-25 08:24:49.905778,2025-02-25 08:25:23.754540,33.848762
channel-115,20413,30313792,30313807,15,2025-02-25 08:24:52.684521,2025-02-25 08:25:10.899460,18.214939
channel-229,55032,30313801,30313812,11,2025-02-25 08:25:03.558656,2025-02-25 08:25:17.659035,14.100379
channel-208,1490422,30313807,30313820,13,2025-02-25 08:25:10.899460,2025-02-25 08:25:27.363676,16.464216
channel-326,538113,30313808,30313817,9,2025-02-25 08:25:13.069616,2025-02-25 08:25:23.754540,10.684924
channel-85077,60492,30313816,30313824,8,2025-02-25 08:25:22.552541,2025-02-25 08:25:31.706070,9.153529
channel-19774,346047,30313817,30313827,10,2025-02-25 08:25:23.754540,2025-02-25 08:25:35.078249,11.323709
channel-19774,346048,30313818,30313827,9,2025-02-25 08:25:25.029704,2025-02-25 08:25:35.078249,10.048545
channel-1,408447,30313825,30313870,45,2025-02-25 08:25:32.825155,2025-02-25 08:26:32.191650,59.366495
channel-75,845101,30313832,30313840,8,2025-02-25 08:25:42.735256,2025-02-25 08:25:53.875958,11.140702
channel-750,683354,30313832,30313842,10,2025-02-25 08:25:42.735256,2025-02-25 08:25:57.318186,14.58293
channel-750,683355,30313834,30313847,13,2025-02-25 08:25:46.062630,2025-02-25 08:26:03.400232,17.337602
channel-2186,40791,30313836,30313850,14,2025-02-25 08:25:49.394460,2025-02-25 08:26:06.904714,17.510254
channel-642,126529,30313844,30313859,15,2025-02-25 08:25:59.917274,2025-02-25 08:26:16.990659,17.073385
channel-326,538114,30313857,30313867,10,2025-02-25 08:26:14.826928,2025-02-25 08:26:28.732629,13.905701
channel-259,314366,30313859,30313865,6,2025-02-25 08:26:16.990659,2025-02-25 08:26:24.679563,7.688904
channel-184,137433,30313862,30313874,12,2025-02-25 08:26:21.216116,2025-02-25 08:26:36.781882,15.565766
channel-6994,1324996,30313882,30313893,11,2025-02-25 08:26:47.166251,2025-02-25 08:27:00.903092,13.736841
channel-750,683356,30313887,30313905,18,2025-02-25 08:26:54.082714,2025-02-25 08:27:16.487080,22.404366
channel-208,1490423,30313895,30313908,13,2025-02-25 08:27:03.854717,2025-02-25 08:27:19.869715,16.014998
channel-4,167003,30313901,30313953,52,2025-02-25 08:27:11.462145,2025-02-25 08:28:17.657996,66.195851
channel-6994,1324997,30313919,30313941,22,2025-02-25 08:27:33.846041,2025-02-25 08:28:01.611845,27.765804
channel-122,668124,30313919,30313924,5,2025-02-25 08:27:33.846041,2025-02-25 08:27:39.830247,5.984206
channel-6994,1324998,30313924,30313936,12,2025-02-25 08:27:39.830247,2025-02-25 08:27:55.599891,15.769644
channel-184,137434,30313927,30313939,12,2025-02-25 08:27:45.000742,2025-02-25 08:27:59.161550,14.160808
channel-19774,346049,30313927,30313937,10,2025-02-25 08:27:45.000742,2025-02-25 08:27:56.750711,11.749969
channel-259,314367,30313933,30313940,7,2025-02-25 08:27:52.055094,2025-02-25 08:28:00.397404,8.34231
channel-750,683357,30313936,30313943,7,2025-02-25 08:27:55.599891,2025-02-25 08:28:04.969639,9.369748
channel-184,137435,30313947,30313954,7,2025-02-25 08:28:10.785578,2025-02-25 08:28:18.878810,8.093232
channel-122,668125,30313965,30313969,4,2025-02-25 08:28:34.547355,2025-02-25 08:28:39.190380,4.643025
channel-6994,1324999,30313966,30313983,17,2025-02-25 08:28:35.747124,2025-02-25 08:28:56.128881,20.381757
channel-122,668126,30313987,30313991,4,2025-02-25 08:29:00.740482,2025-02-25 08:29:05.303239,4.562757
channel-19774,346050,30313992,30314000,8,2025-02-25 08:29:06.363305,2025-02-25 08:29:16.861830,10.498525
channel-122,668127,30314005,30314009,4,2025-02-25 08:29:24.484703,2025-02-25 08:29:29.203496,4.718793
channel-6994,1325000,30314017,30314028,11,2025-02-25 08:29:38.666267,2025-02-25 08:29:56.746933,18.080666
channel-122,668128,30314019,30314023,4,2025-02-25 08:29:44.178613,2025-02-25 08:29:48.832406,4.653793
channel-85077,60493,30314028,30314036,8,2025-02-25 08:29:56.746933,2025-02-25 08:30:06.566221,9.819288
channel-184,137436,30314036,30314045,9,2025-02-25 08:30:06.566221,2025-02-25 08:30:21.330160,14.763939
channel-2188,43776,30314037,30314043,6,2025-02-25 08:30:07.778459,2025-02-25 08:30:14.883659,7.1052
channel-0,4039005,30314037,30314064,27,2025-02-25 08:30:07.778459,2025-02-25 08:30:44.771802,36.993343
channel-782,310221,30314041,30314046,5,2025-02-25 08:30:12.607604,2025-02-25 08:30:22.433660,9.826056
channel-750,683358,30314041,30314046,5,2025-02-25 08:30:12.607604,2025-02-25 08:30:22.433660,9.826056
channel-6994,1325001,30314057,30314071,14,2025-02-25 08:30:36.391524,2025-02-25 08:30:54.479833,18.088309
channel-259,314368,30314059,30314065,6,2025-02-25 08:30:38.757392,2025-02-25 08:30:46.103675,7.346283
channel-122,668129,30314064,30314069,5,2025-02-25 08:30:44.771802,2025-02-25 08:30:50.941091,6.169289
channel-750,683359,30314065,30314071,6,2025-02-25 08:30:46.103675,2025-02-25 08:30:54.479833,8.376158
channel-340,3185,30314065,30314072,7,2025-02-25 08:30:46.103675,2025-02-25 08:30:55.772516,9.668841
channel-0,4039006,30314066,30314075,9,2025-02-25 08:30:47.322468,2025-02-25 08:30:59.583106,12.260638
channel-85077,60494,30314067,30314075,8,2025-02-25 08:30:48.454669,2025-02-25 08:30:59.583106,11.128437
channel-0,4039007,30314078,30314090,12,2025-02-25 08:31:02.842225,2025-02-25 08:31:17.337393,14.495168
channel-85077,60495,30314080,30314089,9,2025-02-25 08:31:05.187044,2025-02-25 08:31:16.186102,10.999058
channel-6994,1325002,30314081,30314091,10,2025-02-25 08:31:06.305532,2025-02-25 08:31:18.469735,12.164203
channel-85077,60496,30314084,30314095,11,2025-02-25 08:31:10.654898,2025-02-25 08:31:23.847056,13.192158
channel-6994,1325003,30314085,30314096,11,2025-02-25 08:31:11.740604,2025-02-25 08:31:24.928126,13.187522
channel-750,683360,30314092,30314107,15,2025-02-25 08:31:20.257331,2025-02-25 08:31:39.326466,19.069135
channel-1634,6719,30314093,30314117,24,2025-02-25 08:31:21.431293,2025-02-25 08:31:51.010403,29.57911
channel-85077,60497,30314094,30314112,18,2025-02-25 08:31:22.655224,2025-02-25 08:31:45.100683,22.445459
channel-0,4039008,30314095,30314119,24,2025-02-25 08:31:23.847056,2025-02-25 08:31:54.582572,30.735516
channel-0,4039009,30314100,30314110,10,2025-02-25 08:31:29.627760,2025-02-25 08:31:42.828164,13.200404
channel-750,683361,30314110,30314115,5,2025-02-25 08:31:42.828164,2025-02-25 08:31:48.656712,5.828548
channel-89298,18688,30314114,30314122,8,2025-02-25 08:31:47.610158,2025-02-25 08:31:57.951643,10.341485
channel-320,119212,30314122,30314147,25,2025-02-25 08:31:57.951643,2025-02-25 08:32:30.063639,32.111996
channel-750,683362,30314122,30314126,4,2025-02-25 08:31:57.951643,2025-02-25 08:32:03.109268,5.157625
channel-6994,1325004,30314123,30314135,12,2025-02-25 08:31:59.110305,2025-02-25 08:32:14.841743,15.731438
channel-85077,60498,30314125,30314137,12,2025-02-25 08:32:02.032622,2025-02-25 08:32:17.191697,15.159075
channel-122,668130,30314143,30314146,3,2025-02-25 08:32:24.285675,2025-02-25 08:32:27.858815,3.57314
channel-143,128404,30314148,30314162,14,2025-02-25 08:32:31.182251,2025-02-25 08:32:49.648849,18.466598
channel-750,683363,30314153,30314173,20,2025-02-25 08:32:38.857252,2025-02-25 08:33:04.264671,25.407419
channel-85077,60499,30314174,30314184,10,2025-02-25 08:33:05.501203,2025-02-25 08:33:21.321081,15.819878
channel-89321,19473,30314176,30314197,21,2025-02-25 08:33:08.874664,2025-02-25 08:33:38.295503,29.420839
channel-122,668131,30314180,30314183,3,2025-02-25 08:33:14.287937,2025-02-25 08:33:19.521666,5.233729
channel-750,683364,30314181,30314194,13,2025-02-25 08:33:15.668536,2025-02-25 08:33:34.609107,18.940571
channel-88,467141,30314182,30314198,16,2025-02-25 08:33:16.944779,2025-02-25 08:33:39.387784,22.443005
channel-750,683365,30314189,30314198,9,2025-02-25 08:33:26.898528,2025-02-25 08:33:39.387784,12.489256
channel-782,310222,30314205,30314224,19,2025-02-25 08:33:50.720354,2025-02-25 08:34:17.512553,26.792199
channel-38946,124211,30314208,30314224,16,2025-02-25 08:33:54.995666,2025-02-25 08:34:17.512553,22.516887
channel-208,1490424,30314210,30314220,10,2025-02-25 08:33:58.228749,2025-02-25 08:34:12.993061,14.764312
channel-320,119213,30314212,30314222,10,2025-02-25 08:34:00.614118,2025-02-25 08:34:15.249471,14.635353
channel-144,86694,30314213,30314219,6,2025-02-25 08:34:01.802960,2025-02-25 08:34:10.303494,8.500534
channel-8945,17752,30314217,30314231,14,2025-02-25 08:34:06.583183,2025-02-25 08:34:26.046479,19.463296
channel-21113,25341,30314218,30314226,8,2025-02-25 08:34:09.151162,2025-02-25 08:34:20.324395,11.173233
channel-88,467142,30314221,30314235,14,2025-02-25 08:34:14.162551,2025-02-25 08:34:31.028551,16.866
channel-0,4039010,30314229,30314242,13,2025-02-25 08:34:23.744926,2025-02-25 08:34:38.981749,15.236823
channel-0,4039011,30314229,30314242,13,2025-02-25 08:34:23.744926,2025-02-25 08:34:38.981749,15.236823
channel-874,293274,30314231,30314237,6,2025-02-25 08:34:26.046479,2025-02-25 08:34:33.255249,7.20877
channel-782,310223,30314231,30314239,8,2025-02-25 08:34:26.046479,2025-02-25 08:34:35.430251,9.383772
channel-85077,60500,30314238,30314249,11,2025-02-25 08:34:34.309585,2025-02-25 08:34:47.092145,12.78256
channel-85077,60501,30314247,30314260,13,2025-02-25 08:34:44.848158,2025-02-25 08:35:01.271888,16.42373
channel-73755,5837,30314250,30314263,13,2025-02-25 08:34:48.181306,2025-02-25 08:35:05.993097,17.811791
channel-750,683366,30314258,30314275,17,2025-02-25 08:34:58.040444,2025-02-25 08:35:19.998794,21.95835
channel-85077,60502,30314258,30314268,10,2025-02-25 08:34:58.040444,2025-02-25 08:35:11.808695,13.768251
channel-85077,60503,30314259,30314268,9,2025-02-25 08:34:59.148368,2025-02-25 08:35:11.808695,12.660327
channel-0,4039012,30314265,30314275,10,2025-02-25 08:35:08.268696,2025-02-25 08:35:19.998794,11.730098
channel-1,408448,30314270,30314294,24,2025-02-25 08:35:14.135425,2025-02-25 08:35:43.918369,29.782944
channel-73755,5838,30314273,30314281,8,2025-02-25 08:35:17.707274,2025-02-25 08:35:27.717882,10.010608
channel-85077,60504,30314275,30314285,10,2025-02-25 08:35:19.998794,2025-02-25 08:35:32.477765,12.478971
channel-113,301345,30314277,30314376,99,2025-02-25 08:35:23.470470,2025-02-25 08:37:27.729285,124.258815
channel-750,683367,30314279,30314307,28,2025-02-25 08:35:25.692807,2025-02-25 08:36:02.031840,36.339033
channel-85077,60505,30314279,30314288,9,2025-02-25 08:35:25.692807,2025-02-25 08:35:36.016519,10.323712
channel-782,310224,30314280,30314286,6,2025-02-25 08:35:26.657459,2025-02-25 08:35:33.707911,7.050452
channel-750,683368,30314282,30314295,13,2025-02-25 08:35:29.004746,2025-02-25 08:35:45.084976,16.08023
channel-38946,124212,30314287,30314308,21,2025-02-25 08:35:34.804691,2025-02-25 08:36:03.215051,28.41036
channel-6994,1325005,30314290,30314301,11,2025-02-25 08:35:39.001900,2025-02-25 08:35:52.324935,13.323035
channel-188,190592,30314291,30314325,34,2025-02-25 08:35:40.062646,2025-02-25 08:36:25.412622,45.349976
channel-0,4039013,30314303,30314311,8,2025-02-25 08:35:56.353702,2025-02-25 08:36:06.554912,10.20121
channel-38946,124213,30314306,30314330,24,2025-02-25 08:36:00.871929,2025-02-25 08:36:30.899602,30.027673
channel-874,293275,30314309,30314314,5,2025-02-25 08:36:04.342148,2025-02-25 08:36:11.208612,6.866464
channel-782,310225,30314316,30314330,14,2025-02-25 08:36:13.556376,2025-02-25 08:36:30.899602,17.343226
channel-85077,60506,30314319,30314328,9,2025-02-25 08:36:17.020251,2025-02-25 08:36:28.785070,11.764819
channel-0,4039014,30314320,30314331,11,2025-02-25 08:36:18.103450,2025-02-25 08:36:32.069050,13.9656
channel-0,4039015,30314323,30314335,12,2025-02-25 08:36:23.097359,2025-02-25 08:36:37.726359,14.629
channel-782,310226,30314327,30314334,7,2025-02-25 08:36:27.711732,2025-02-25 08:36:36.577361,8.865629
channel-782,310227,30314332,30314343,11,2025-02-25 08:36:33.296760,2025-02-25 08:36:47.016885,13.720125
channel-2716,2668,30314336,30314357,21,2025-02-25 08:36:39.011591,2025-02-25 08:37:03.641866,24.630275
channel-0,4039016,30314337,30314348,11,2025-02-25 08:36:40.130575,2025-02-25 08:36:52.804822,12.674247
channel-1,408449,30314340,30314361,21,2025-02-25 08:36:43.544040,2025-02-25 08:37:08.186006,24.641966
channel-108,39856,30314342,30314366,24,2025-02-25 08:36:45.812448,2025-02-25 08:37:15.128129,29.315681
channel-750,683369,30314344,30314372,28,2025-02-25 08:36:48.135214,2025-02-25 08:37:23.351913,35.216699
channel-122,668132,30314347,30314351,4,2025-02-25 08:36:51.674773,2025-02-25 08:36:56.366983,4.69221
channel-326,538115,30314349,30314354,5,2025-02-25 08:36:54.023236,2025-02-25 08:36:59.817611,5.794375
channel-88,467143,30314356,30314369,13,2025-02-25 08:37:02.560172,2025-02-25 08:37:19.926387,17.366215
channel-85077,60507,30314362,30314394,32,2025-02-25 08:37:10.640875,2025-02-25 08:37:51.742884,41.102009
channel-750,683370,30314363,30314366,3,2025-02-25 08:37:11.746034,2025-02-25 08:37:15.128129,3.382095
channel-2,130655,30314370,30314383,13,2025-02-25 08:37:21.103821,2025-02-25 08:37:37.044081,15.94026
channel-6994,1325006,30314370,30314381,11,2025-02-25 08:37:21.103821,2025-02-25 08:37:34.735056,13.631235
channel-6897,5644,30314371,30314378,7,2025-02-25 08:37:22.174033,2025-02-25 08:37:30.007567,7.833534
channel-38946,124214,30314388,30314400,12,2025-02-25 08:37:42.823077,2025-02-25 08:37:59.892630,17.069553
channel-85077,60508,30314394,30314426,32,2025-02-25 08:37:51.742884,2025-02-25 08:38:37.637313,45.894429
channel-91017,2875,30314399,30314410,11,2025-02-25 08:37:58.728782,2025-02-25 08:38:12.882264,14.153482
channel-85077,60509,30314399,30314430,31,2025-02-25 08:37:58.728782,2025-02-25 08:38:42.331903,43.603121
channel-0,4039017,30314400,30314413,13,2025-02-25 08:37:59.892630,2025-02-25 08:38:17.479052,17.586422
channel-42,1490034,30314400,30314413,13,2025-02-25 08:37:59.892630,2025-02-25 08:38:17.479052,17.586422
channel-208,1490425,30314402,30314413,11,2025-02-25 08:38:03.114046,2025-02-25 08:38:17.479052,14.365006
channel-750,683371,30314408,30314460,52,2025-02-25 08:38:10.288240,2025-02-25 08:39:20.061798,69.773558
channel-88,467144,30314408,30314420,12,2025-02-25 08:38:10.288240,2025-02-25 08:38:29.996720,19.70848
channel-6994,1325007,30314410,30314422,12,2025-02-25 08:38:12.882264,2025-02-25 08:38:32.537825,19.655561
channel-85077,60510,30314412,30314436,24,2025-02-25 08:38:16.372092,2025-02-25 08:38:50.111736,33.739644
channel-6787,166731,30314418,30314423,5,2025-02-25 08:38:23.424410,2025-02-25 08:38:33.643494,10.219084
channel-0,4039018,30314421,30314435,14,2025-02-25 08:38:31.414486,2025-02-25 08:38:49.047961,17.633475
channel-1,408450,30314422,30314460,38,2025-02-25 08:38:32.537825,2025-02-25 08:39:20.061798,47.523973
channel-85077,60511,30314427,30314443,16,2025-02-25 08:38:38.846225,2025-02-25 08:38:58.808936,19.962711
channel-143,128405,30314428,30314460,32,2025-02-25 08:38:40.078428,2025-02-25 08:39:20.061798,39.98337
channel-0,4039019,30314428,30314440,12,2025-02-25 08:38:40.078428,2025-02-25 08:38:54.918790,14.840362
channel-2716,2669,30314432,30314458,26,2025-02-25 08:38:44.709416,2025-02-25 08:39:17.709675,33.000259
channel-85077,60512,30314434,30314459,25,2025-02-25 08:38:47.888693,2025-02-25 08:39:18.885309,30.996616
channel-750,683372,30314435,30314440,5,2025-02-25 08:38:49.047961,2025-02-25 08:38:54.918790,5.870829
channel-750,683373,30314449,30314454,5,2025-02-25 08:39:05.753019,2025-02-25 08:39:11.996413,6.243394
channel-0,4039020,30314449,30314459,10,2025-02-25 08:39:05.753019,2025-02-25 08:39:18.885309,13.13229
channel-85077,60513,30314457,30314467,10,2025-02-25 08:39:16.579749,2025-02-25 08:39:31.269068,14.689319
channel-85791,3773,30314463,30314470,7,2025-02-25 08:39:25.695048,2025-02-25 08:39:34.858633,9.163585
channel-85077,60514,30314463,30314473,10,2025-02-25 08:39:25.695048,2025-02-25 08:39:38.248243,12.553195
channel-750,683374,30314463,30314468,5,2025-02-25 08:39:25.695048,2025-02-25 08:39:32.342649,6.647601
channel-85077,60515,30314467,30314476,9,2025-02-25 08:39:31.269068,2025-02-25 08:39:41.726398,10.45733
channel-259,314369,30314467,30314473,6,2025-02-25 08:39:31.269068,2025-02-25 08:39:38.248243,6.979175
channel-208,1490426,30314468,30314476,8,2025-02-25 08:39:32.342649,2025-02-25 08:39:41.726398,9.383749
channel-208,1490427,30314474,30314483,9,2025-02-25 08:39:39.413418,2025-02-25 08:39:54.941218,15.5278
channel-72,516433,30314476,30314535,59,2025-02-25 08:39:41.726398,2025-02-25 08:40:59.915232,78.188834
channel-38946,124215,30314479,30314498,19,2025-02-25 08:39:50.363396,2025-02-25 08:40:13.075214,22.711818
channel-88,467145,30314540,30314584,44,2025-02-25 08:41:05.577908,2025-02-25 08:42:00.763708,55.1858
channel-19774,346051,30314547,30314559,12,2025-02-25 08:41:14.157176,2025-02-25 08:41:29.344295,15.187119
channel-1,408451,30314571,30314584,13,2025-02-25 08:41:44.796191,2025-02-25 08:42:00.763708,15.967517
channel-38946,124216,30314572,30314587,15,2025-02-25 08:41:45.965945,2025-02-25 08:42:04.697719,18.731774
channel-88,467146,30314596,30314610,14,2025-02-25 08:42:16.520787,2025-02-25 08:42:35.382923,18.862136
channel-0,4039021,30314615,30314622,7,2025-02-25 08:42:41.126780,2025-02-25 08:42:51.969564,10.842784
channel-750,683375,30314617,30314621,4,2025-02-25 08:42:44.514240,2025-02-25 08:42:50.763785,6.249545
channel-874,293276,30314626,30314632,6,2025-02-25 08:42:56.528484,2025-02-25 08:43:06.701299,10.172815
channel-38946,124217,30314631,30314642,11,2025-02-25 08:43:05.528633,2025-02-25 08:43:18.731655,13.203022
channel-750,683376,30314642,30314654,12,2025-02-25 08:43:18.731655,2025-02-25 08:43:37.279156,18.547501
channel-0,4039022,30314646,30314653,7,2025-02-25 08:43:23.389981,2025-02-25 08:43:34.567991,11.17801
channel-6994,1325008,30314650,30314659,9,2025-02-25 08:43:28.921383,2025-02-25 08:43:43.306262,14.384879
channel-750,683377,30314654,30314665,11,2025-02-25 08:43:37.279156,2025-02-25 08:43:49.999338,12.720182
channel-208,1490428,30314656,30314670,14,2025-02-25 08:43:39.959889,2025-02-25 08:43:55.688750,15.728861
channel-20082,9889,30314659,30314672,13,2025-02-25 08:43:43.306262,2025-02-25 08:43:57.953621,14.647359
channel-6994,1325009,30314663,30314677,14,2025-02-25 08:43:47.846986,2025-02-25 08:44:03.949963,16.102977
channel-750,683378,30314672,30314683,11,2025-02-25 08:43:57.953621,2025-02-25 08:44:11.495426,13.541805
channel-6994,1325010,30314679,30314712,33,2025-02-25 08:44:06.407369,2025-02-25 08:44:50.577430,44.170061
channel-0,4039023,30314683,30314706,23,2025-02-25 08:44:11.495426,2025-02-25 08:44:42.566708,31.071282
channel-750,683379,30314684,30314690,6,2025-02-25 08:44:14.112467,2025-02-25 08:44:21.448193,7.335726
channel-750,683380,30314692,30314704,12,2025-02-25 08:44:23.793692,2025-02-25 08:44:40.016690,16.222998
channel-750,683381,30314694,30314708,14,2025-02-25 08:44:27.165298,2025-02-25 08:44:45.031361,17.866063
channel-208,1490429,30314698,30314710,12,2025-02-25 08:44:31.745561,2025-02-25 08:44:47.296294,15.550733
channel-750,683382,30314703,30314708,5,2025-02-25 08:44:38.839104,2025-02-25 08:44:45.031361,6.192257
channel-750,683383,30314719,30314734,15,2025-02-25 08:44:58.854268,2025-02-25 08:45:18.860717,20.006449
channel-89321,19474,30314729,30314742,13,2025-02-25 08:45:10.368649,2025-02-25 08:45:28.183496,17.814847
channel-750,683384,30314729,30314734,5,2025-02-25 08:45:10.368649,2025-02-25 08:45:18.860717,8.492068
channel-88,467147,30314733,30314755,22,2025-02-25 08:45:16.179491,2025-02-25 08:45:45.930209,29.750718
channel-19774,346052,30314761,30314770,9,2025-02-25 08:45:53.200502,2025-02-25 08:46:03.491707,10.291205
channel-6994,1325011,30314761,30314771,10,2025-02-25 08:45:53.200502,2025-02-25 08:46:04.614850,11.414348
channel-6994,1325012,30314768,30314781,13,2025-02-25 08:46:01.211538,2025-02-25 08:46:18.340932,17.129394
channel-122,668133,30314773,30314776,3,2025-02-25 08:46:07.041483,2025-02-25 08:46:12.464141,5.422658
channel-750,683385,30314776,30314786,10,2025-02-25 08:46:12.464141,2025-02-25 08:46:24.566033,12.101892
channel-42,1490035,30314781,30314791,10,2025-02-25 08:46:18.340932,2025-02-25 08:46:30.836468,12.495536
channel-326,538116,30314781,30314787,6,2025-02-25 08:46:18.340932,2025-02-25 08:46:25.821205,7.480273
channel-88,467148,30314784,30314797,13,2025-02-25 08:46:21.756565,2025-02-25 08:46:39.046033,17.289468
channel-326,538117,30314787,30314799,12,2025-02-25 08:46:25.821205,2025-02-25 08:46:41.313528,15.492323
channel-326,538118,30314787,30314799,12,2025-02-25 08:46:25.821205,2025-02-25 08:46:41.313528,15.492323
channel-326,538119,30314787,30314799,12,2025-02-25 08:46:25.821205,2025-02-25 08:46:41.313528,15.492323
channel-326,538120,30314787,30314799,12,2025-02-25 08:46:25.821205,2025-02-25 08:46:41.313528,15.492323
channel-750,683386,30314788,30314796,8,2025-02-25 08:46:26.957646,2025-02-25 08:46:37.853573,10.895927
channel-208,1490430,30314788,30314799,11,2025-02-25 08:46:26.957646,2025-02-25 08:46:41.313528,14.355882
channel-0,4039024,30314792,30314799,7,2025-02-25 08:46:31.917012,2025-02-25 08:46:41.313528,9.396516
channel-122,668134,30314796,30314799,3,2025-02-25 08:46:37.853573,2025-02-25 08:46:41.313528,3.459955
channel-199,132762,30314800,30314811,11,2025-02-25 08:46:43.423327,2025-02-25 08:46:56.047661,12.624334
channel-750,683387,30314802,30314820,18,2025-02-25 08:46:46.011127,2025-02-25 08:47:06.850447,20.83932
channel-0,4039025,30314809,30314821,12,2025-02-25 08:46:53.852132,2025-02-25 08:47:09.576615,15.724483
channel-89321,19475,30314815,30314824,9,2025-02-25 08:47:00.676771,2025-02-25 08:47:13.056358,12.379587
channel-326,538121,30314832,30314842,10,2025-02-25 08:47:25.536877,2025-02-25 08:47:38.084505,12.547628
channel-750,683388,30314833,30314846,13,2025-02-25 08:47:26.794256,2025-02-25 08:47:43.906042,17.111786
channel-6994,1325013,30314833,30314845,12,2025-02-25 08:47:26.794256,2025-02-25 08:47:42.652187,15.857931
channel-88,467149,30314835,30314846,11,2025-02-25 08:47:30.045393,2025-02-25 08:47:43.906042,13.860649
channel-208,1490431,30314841,30314852,11,2025-02-25 08:47:36.857624,2025-02-25 08:47:52.394640,15.537016
channel-750,683389,30314865,30314870,5,2025-02-25 08:48:08.167661,2025-02-25 08:48:13.883915,5.716254
channel-122,668135,30314868,30314872,4,2025-02-25 08:48:11.474028,2025-02-25 08:48:16.125537,4.651509
channel-750,683390,30314872,30314877,5,2025-02-25 08:48:16.125537,2025-02-25 08:48:22.852687,6.72715
channel-38946,124218,30314884,30348617,33733,2025-02-25 08:48:31.343376,2025-02-25 21:09:30.931671,44459.588295
channel-75,845102,30314894,30314902,8,2025-02-25 08:48:43.981221,2025-02-25 08:48:53.867269,9.886048
channel-19774,346053,30314896,30314905,9,2025-02-25 08:48:46.176759,2025-02-25 08:48:57.678144,11.501385
channel-750,683391,30314896,30314910,14,2025-02-25 08:48:46.176759,2025-02-25 08:49:05.788297,19.611538
channel-0,4039026,30314897,30314907,10,2025-02-25 08:48:47.320770,2025-02-25 08:49:00.869790,13.54902
channel-6994,1325014,30314901,30314914,13,2025-02-25 08:48:51.749120,2025-02-25 08:49:10.919237,19.170117
channel-6994,1325015,30314904,30314914,10,2025-02-25 08:48:56.287194,2025-02-25 08:49:10.919237,14.632043
channel-0,4039027,30314905,30314918,13,2025-02-25 08:48:57.678144,2025-02-25 08:49:16.279249,18.601105
channel-85077,60516,30314918,30314929,11,2025-02-25 08:49:16.279249,2025-02-25 08:49:29.487568,13.208319
channel-326,538122,30314922,30314941,19,2025-02-25 08:49:21.047110,2025-02-25 08:49:46.091584,25.044474
channel-326,538123,30314935,30314941,6,2025-02-25 08:49:37.986957,2025-02-25 08:49:46.091584,8.104627
channel-259,314370,30314937,30314942,5,2025-02-25 08:49:40.119035,2025-02-25 08:49:47.310162,7.191127
channel-89321,19476,30314946,30314953,7,2025-02-25 08:49:51.938113,2025-02-25 08:50:00.632554,8.694441
channel-75,845103,30314950,30314957,7,2025-02-25 08:49:57.045864,2025-02-25 08:50:05.271931,8.226067
channel-0,4039028,30314961,30314975,14,2025-02-25 08:50:10.888768,2025-02-25 08:50:28.607208,17.71844
channel-75755,5546,30314963,30314973,10,2025-02-25 08:50:14.718848,2025-02-25 08:50:26.166263,11.447415
channel-204,670826,30314965,30314977,12,2025-02-25 08:50:16.960568,2025-02-25 08:50:31.079920,14.119352
channel-750,683392,30314968,30314980,12,2025-02-25 08:50:20.587359,2025-02-25 08:50:34.569915,13.982556
channel-75,845104,30314975,30314982,7,2025-02-25 08:50:28.607208,2025-02-25 08:50:37.393620,8.786412
channel-767,14370,30314980,30314993,13,2025-02-25 08:50:34.569915,2025-02-25 08:50:51.812431,17.242516
channel-1429,140754,30314982,30314990,8,2025-02-25 08:50:37.393620,2025-02-25 08:50:48.398055,11.004435
channel-874,293277,30314987,30314994,7,2025-02-25 08:50:43.225341,2025-02-25 08:50:53.170052,9.944711
channel-0,4039029,30314990,30315011,21,2025-02-25 08:50:48.398055,2025-02-25 08:51:15.448543,27.050488
channel-874,293278,30314992,30315000,8,2025-02-25 08:50:50.673871,2025-02-25 08:51:01.519748,10.845877
channel-0,4039030,30314994,30315025,31,2025-02-25 08:50:53.170052,2025-02-25 08:51:34.070552,40.9005
channel-89298,18689,30314994,30315006,12,2025-02-25 08:50:53.170052,2025-02-25 08:51:09.486708,16.316656
channel-184,137437,30315002,30315018,16,2025-02-25 08:51:03.759360,2025-02-25 08:51:24.951754,21.192394
channel-750,683393,30315003,30315014,11,2025-02-25 08:51:04.933480,2025-02-25 08:51:19.835033,14.901553
channel-5,184321,30315003,30315014,11,2025-02-25 08:51:04.933480,2025-02-25 08:51:19.835033,14.901553
channel-6994,1325016,30315006,30315016,10,2025-02-25 08:51:09.486708,2025-02-25 08:51:22.723757,13.237049
channel-0,4039031,30315006,30315016,10,2025-02-25 08:51:09.486708,2025-02-25 08:51:22.723757,13.237049
channel-6994,1325017,30315014,30315040,26,2025-02-25 08:51:19.835033,2025-02-25 08:51:55.302737,35.467704
channel-0,4039032,30315014,30315025,11,2025-02-25 08:51:19.835033,2025-02-25 08:51:34.070552,14.235519
channel-750,683394,30315015,30315033,18,2025-02-25 08:51:21.029193,2025-02-25 08:51:42.691997,21.662804
channel-750,683395,30315017,30315022,5,2025-02-25 08:51:23.804987,2025-02-25 08:51:29.526985,5.721998
channel-750,683396,30315024,30315029,5,2025-02-25 08:51:31.939441,2025-02-25 08:51:38.390618,6.451177
channel-750,683397,30315025,30315030,5,2025-02-25 08:51:34.070552,2025-02-25 08:51:39.441555,5.371003
channel-750,683398,30315028,30315034,6,2025-02-25 08:51:37.257328,2025-02-25 08:51:47.148545,9.891217
channel-0,4039033,30315028,30315054,26,2025-02-25 08:51:37.257328,2025-02-25 08:52:12.050626,34.793298
channel-874,293279,30315033,30315041,8,2025-02-25 08:51:42.691997,2025-02-25 08:51:56.476250,13.784253
channel-750,683399,30315035,30315040,5,2025-02-25 08:51:48.412729,2025-02-25 08:51:55.302737,6.890008
channel-6994,1325018,30315036,30315051,15,2025-02-25 08:51:50.728262,2025-02-25 08:52:08.787862,18.0596
channel-208,1490432,30315037,30315046,9,2025-02-25 08:51:51.826832,2025-02-25 08:52:02.326324,10.499492
channel-750,683400,30315038,30315054,16,2025-02-25 08:51:52.962812,2025-02-25 08:52:12.050626,19.087814
channel-122,668136,30315047,30315053,6,2025-02-25 08:52:04.029332,2025-02-25 08:52:10.968532,6.9392
channel-750,683401,30315051,30315062,11,2025-02-25 08:52:08.787862,2025-02-25 08:52:23.070633,14.282771
channel-85077,60517,30315059,30315067,8,2025-02-25 08:52:18.535298,2025-02-25 08:52:28.912207,10.376909
channel-208,1490433,30315062,30315073,11,2025-02-25 08:52:23.070633,2025-02-25 08:52:37.186211,14.115578
channel-2,130656,30315064,30315076,12,2025-02-25 08:52:25.346696,2025-02-25 08:52:41.856436,16.50974
channel-6787,166732,30315074,30315079,5,2025-02-25 08:52:38.569684,2025-02-25 08:52:45.241777,6.672093
channel-0,4039034,30315077,30315100,23,2025-02-25 08:52:42.999637,2025-02-25 08:53:13.638056,30.638419
channel-750,683402,30315078,30315086,8,2025-02-25 08:52:44.090487,2025-02-25 08:52:56.442706,12.352219
channel-0,4039035,30315078,30315100,22,2025-02-25 08:52:44.090487,2025-02-25 08:53:13.638056,29.547569
channel-89298,18690,30315083,30315090,7,2025-02-25 08:52:50.250006,2025-02-25 08:53:02.163882,11.913876
channel-750,683403,30315098,30315113,15,2025-02-25 08:53:11.373089,2025-02-25 08:53:28.688458,17.315369
channel-0,4039036,30315102,30315114,12,2025-02-25 08:53:16.039670,2025-02-25 08:53:30.356770,14.3171
channel-750,683404,30315103,30315112,9,2025-02-25 08:53:17.196492,2025-02-25 08:53:27.623201,10.426709
channel-0,4039037,30315118,30315137,19,2025-02-25 08:53:35.850206,2025-02-25 08:53:59.729746,23.87954
channel-0,4039038,30315138,30315145,7,2025-02-25 08:54:00.801560,2025-02-25 08:54:08.848143,8.046583
channel-0,4039039,30315155,30315178,23,2025-02-25 08:54:22.048462,2025-02-25 08:54:51.970246,29.921784
channel-326,538124,30315167,30315174,7,2025-02-25 08:54:35.511706,2025-02-25 08:54:46.908493,11.396787
channel-122,668137,30315172,30315176,4,2025-02-25 08:54:44.594148,2025-02-25 08:54:49.438634,4.844486
channel-0,4039040,30315175,30315186,11,2025-02-25 08:54:48.139937,2025-02-25 08:55:03.870006,15.730069
channel-0,4039041,30315177,30315186,9,2025-02-25 08:54:50.713811,2025-02-25 08:55:03.870006,13.156195
channel-0,4039042,30315177,30315186,9,2025-02-25 08:54:50.713811,2025-02-25 08:55:03.870006,13.156195
channel-750,683405,30315180,30315188,8,2025-02-25 08:54:54.760556,2025-02-25 08:55:06.115938,11.355382
channel-0,4039043,30315182,30315203,21,2025-02-25 08:54:58.081020,2025-02-25 08:55:24.064299,25.983279
channel-259,314371,30315183,30315189,6,2025-02-25 08:55:00.383751,2025-02-25 08:55:07.290018,6.906267
channel-0,4039044,30315190,30315212,22,2025-02-25 08:55:08.313296,2025-02-25 08:55:35.270583,26.957287
channel-204,670827,30315192,30315203,11,2025-02-25 08:55:11.049815,2025-02-25 08:55:24.064299,13.014484
channel-750,683406,30315202,30315207,5,2025-02-25 08:55:22.884867,2025-02-25 08:55:28.542020,5.657153
channel-232,49209,30315205,30315216,11,2025-02-25 08:55:26.247487,2025-02-25 08:55:40.312665,14.065178
channel-21113,25342,30315206,30315215,9,2025-02-25 08:55:27.345708,2025-02-25 08:55:39.202484,11.856776
channel-0,4039045,30315215,30315227,12,2025-02-25 08:55:39.202484,2025-02-25 08:55:53.646936,14.444452
channel-259,314372,30315217,30315222,5,2025-02-25 08:55:41.421583,2025-02-25 08:55:48.054820,6.633237
channel-232,49210,30315229,30315238,9,2025-02-25 08:55:56.160801,2025-02-25 08:56:09.678781,13.51798
channel-0,4039046,30315233,30315242,9,2025-02-25 08:56:02.801565,2025-02-25 08:56:14.218768,11.417203
channel-6994,1325019,30315257,30315271,14,2025-02-25 08:56:35.283893,2025-02-25 08:56:56.054125,20.770232
channel-412,64613,30315262,30315273,11,2025-02-25 08:56:42.354559,2025-02-25 08:56:58.215704,15.861145
channel-0,4039047,30315263,30315291,28,2025-02-25 08:56:43.541312,2025-02-25 08:57:23.544671,40.003359
channel-208,1490434,30315277,30315287,10,2025-02-25 08:57:03.669014,2025-02-25 08:57:17.820478,14.151464
channel-750,683407,30315285,30315302,17,2025-02-25 08:57:14.513735,2025-02-25 08:57:36.195226,21.681491
channel-0,4039048,30315287,30315297,10,2025-02-25 08:57:17.820478,2025-02-25 08:57:30.692115,12.871637
channel-750,683408,30315289,30315303,14,2025-02-25 08:57:20.183762,2025-02-25 08:57:37.372590,17.188828
channel-1,408452,30315297,30315323,26,2025-02-25 08:57:30.692115,2025-02-25 08:58:02.489071,31.796956
channel-6994,1325020,30315303,30315316,13,2025-02-25 08:57:37.372590,2025-02-25 08:57:54.622618,17.250028
channel-750,683409,30315307,30315312,5,2025-02-25 08:57:43.060833,2025-02-25 08:57:49.254016,6.193183
channel-4,167004,30315312,30315341,29,2025-02-25 08:57:49.254016,2025-02-25 08:58:26.557877,37.303861
channel-222,3834,30315331,30315339,8,2025-02-25 08:58:12.790627,2025-02-25 08:58:22.325191,9.534564
channel-0,4039049,30315336,30315344,8,2025-02-25 08:58:18.874856,2025-02-25 08:58:31.541218,12.666362
channel-4,167005,30315338,30315393,55,2025-02-25 08:58:21.116150,2025-02-25 08:59:32.967036,71.850886
channel-0,4039050,30315346,30315359,13,2025-02-25 08:58:34.425845,2025-02-25 08:58:48.991742,14.565897
channel-208,1490435,30315351,30315362,11,2025-02-25 08:58:40.177243,2025-02-25 08:58:52.342845,12.165602
channel-89321,19477,30315362,30315372,10,2025-02-25 08:58:52.342845,2025-02-25 08:59:03.805111,11.462266
channel-75016,4662,30315366,30315382,16,2025-02-25 08:58:56.805007,2025-02-25 08:59:17.168043,20.363036
channel-874,293280,30315377,30315382,5,2025-02-25 08:59:10.877998,2025-02-25 08:59:17.168043,6.290045
channel-0,4039051,30315389,30315397,8,2025-02-25 08:59:27.451370,2025-02-25 08:59:37.632762,10.181392
channel-326,538125,30315393,30315406,13,2025-02-25 08:59:32.967036,2025-02-25 08:59:49.591889,16.624853
channel-412,64614,30315399,30315409,10,2025-02-25 08:59:41.066123,2025-02-25 08:59:52.947610,11.881487
channel-0,4039052,30315403,30315416,13,2025-02-25 08:59:45.647440,2025-02-25 09:00:01.726259,16.078819
channel-0,4039053,30315409,30315422,13,2025-02-25 08:59:52.947610,2025-02-25 09:00:09.048147,16.100537
channel-0,4039054,30315411,30315422,11,2025-02-25 08:59:55.797746,2025-02-25 09:00:09.048147,13.250401
channel-122,668138,30315414,30315418,4,2025-02-25 08:59:59.200666,2025-02-25 09:00:04.003891,4.803225
channel-19774,346054,30315431,30315441,10,2025-02-25 09:00:22.189146,2025-02-25 09:00:34.283434,12.094288
channel-1429,140755,30315433,30315444,11,2025-02-25 09:00:24.497924,2025-02-25 09:00:39.354760,14.856836
channel-750,683410,30315445,30315450,5,2025-02-25 09:00:40.433651,2025-02-25 09:00:46.156616,5.722965
channel-326,538126,30315455,30315460,5,2025-02-25 09:00:51.672892,2025-02-25 09:01:00.706479,9.033587
channel-0,4039055,30315455,30315486,31,2025-02-25 09:00:51.672892,2025-02-25 09:01:33.894849,42.221957
channel-0,4039056,30315459,30315481,22,2025-02-25 09:00:59.537956,2025-02-25 09:01:27.616399,28.078443
channel-326,538127,30315459,30315469,10,2025-02-25 09:00:59.537956,2025-02-25 09:01:12.326339,12.788383
channel-0,4039057,30315475,30315486,11,2025-02-25 09:01:19.164465,2025-02-25 09:01:33.894849,14.730384
channel-188,190593,30315476,30315491,15,2025-02-25 09:01:21.546154,2025-02-25 09:01:39.689734,18.14358
channel-0,4039058,30315478,30315492,14,2025-02-25 09:01:23.817708,2025-02-25 09:01:40.881300,17.063592
channel-89321,19478,30315486,30315497,11,2025-02-25 09:01:33.894849,2025-02-25 09:01:46.388113,12.493264
channel-122,668139,30315490,30315494,4,2025-02-25 09:01:38.674312,2025-02-25 09:01:43.024160,4.349848
channel-208,1490436,30315494,30315505,11,2025-02-25 09:01:43.024160,2025-02-25 09:01:56.413929,13.389769
channel-0,4039059,30315498,30315515,17,2025-02-25 09:01:47.592020,2025-02-25 09:02:10.228817,22.636797
channel-122,668140,30315507,30315511,4,2025-02-25 09:01:58.884404,2025-02-25 09:02:04.121517,5.237113
channel-38946,124219,30315508,30315517,9,2025-02-25 09:02:00.003652,2025-02-25 09:02:14.838046,14.834394
channel-259,314373,30315508,30315513,5,2025-02-25 09:02:00.003652,2025-02-25 09:02:08.054404,8.050752
channel-208,1490437,30315511,30315521,10,2025-02-25 09:02:04.121517,2025-02-25 09:02:19.539299,15.417782
channel-208,1490438,30315523,30315535,12,2025-02-25 09:02:22.777187,2025-02-25 09:02:36.652992,13.875805
channel-750,683411,30315529,30315533,4,2025-02-25 09:02:29.740019,2025-02-25 09:02:34.249917,4.509898
channel-0,4039060,30315536,30315562,26,2025-02-25 09:02:37.755639,2025-02-25 09:03:12.261502,34.505863
channel-208,1490439,30315540,30315553,13,2025-02-25 09:02:43.522150,2025-02-25 09:03:00.956361,17.434211
channel-0,4039061,30315544,30315556,12,2025-02-25 09:02:49.629750,2025-02-25 09:03:04.467185,14.837435
channel-0,4039062,30315546,30315556,10,2025-02-25 09:02:51.768409,2025-02-25 09:03:04.467185,12.698776
channel-6994,1325021,30315554,30315566,12,2025-02-25 09:03:02.222909,2025-02-25 09:03:17.741041,15.518132
channel-0,4039063,30315558,30315566,8,2025-02-25 09:03:06.946883,2025-02-25 09:03:17.741041,10.794158
channel-6994,1325022,30315561,30315571,10,2025-02-25 09:03:11.125154,2025-02-25 09:03:24.326167,13.201013
channel-874,293281,30315576,30315583,7,2025-02-25 09:03:29.987192,2025-02-25 09:03:38.605811,8.618619
channel-750,683412,30315580,30315588,8,2025-02-25 09:03:35.192641,2025-02-25 09:03:44.486876,9.294235
channel-72,516434,30315583,30315622,39,2025-02-25 09:03:38.605811,2025-02-25 09:04:29.031430,50.425619
channel-750,683413,30315586,30315590,4,2025-02-25 09:03:42.056536,2025-02-25 09:03:47.697066,5.64053
channel-782,310228,30315588,30315596,8,2025-02-25 09:03:44.486876,2025-02-25 09:03:54.917346,10.43047
channel-251,85246,30315596,30315608,12,2025-02-25 09:03:54.917346,2025-02-25 09:04:10.207928,15.290582
channel-122,668141,30315600,30315603,3,2025-02-25 09:03:59.639318,2025-02-25 09:04:03.019611,3.380293
channel-0,4039064,30315600,30315609,9,2025-02-25 09:03:59.639318,2025-02-25 09:04:11.447159,11.807841
channel-326,538128,30315604,30315628,24,2025-02-25 09:04:04.169947,2025-02-25 09:04:35.702854,31.532907
channel-2494,31953,30315612,30315624,12,2025-02-25 09:04:15.389815,2025-02-25 09:04:31.191426,15.801611
channel-0,4039065,30315622,30315633,11,2025-02-25 09:04:29.031430,2025-02-25 09:04:41.425258,12.393828
channel-2494,31954,30315625,30315643,18,2025-02-25 09:04:32.321219,2025-02-25 09:04:53.592293,21.271074
channel-326,538129,30315629,30315638,9,2025-02-25 09:04:36.786183,2025-02-25 09:04:47.426832,10.640649
channel-2494,31955,30315636,30315648,12,2025-02-25 09:04:45.171892,2025-02-25 09:04:59.510389,14.338497
channel-782,310229,30315637,30315642,5,2025-02-25 09:04:46.286778,2025-02-25 09:04:52.310883,6.024105
channel-122,668142,30315637,30315642,5,2025-02-25 09:04:46.286778,2025-02-25 09:04:52.310883,6.024105
channel-0,4039066,30315645,30315658,13,2025-02-25 09:04:56.275634,2025-02-25 09:05:16.162564,19.88693
channel-0,4039067,30315647,30315658,11,2025-02-25 09:04:58.436959,2025-02-25 09:05:16.162564,17.725605
channel-0,4039068,30315660,30315674,14,2025-02-25 09:05:18.496742,2025-02-25 09:05:36.979297,18.482555
channel-412,64615,30315669,30315681,12,2025-02-25 09:05:31.203873,2025-02-25 09:05:45.844061,14.640188
channel-208,1490440,30315676,30315689,13,2025-02-25 09:05:39.913008,2025-02-25 09:05:55.398815,15.485807
channel-6994,1325023,30315685,30315696,11,2025-02-25 09:05:50.382445,2025-02-25 09:06:08.147959,17.765514
channel-115,20414,30315687,30315696,9,2025-02-25 09:05:52.986889,2025-02-25 09:06:08.147959,15.16107
channel-2494,31956,30315691,30315702,11,2025-02-25 09:05:58.131197,2025-02-25 09:06:15.207005,17.075808
channel-2494,31957,30315693,30315702,9,2025-02-25 09:06:04.670915,2025-02-25 09:06:15.207005,10.53609
channel-750,683414,30315705,30315723,18,2025-02-25 09:06:19.527506,2025-02-25 09:06:44.274692,24.747186
channel-6994,1325024,30315707,30315718,11,2025-02-25 09:06:21.831889,2025-02-25 09:06:37.580215,15.748326
channel-750,683415,30315712,30315724,12,2025-02-25 09:06:28.146341,2025-02-25 09:06:45.341667,17.195326
channel-204,670828,30315715,30315721,6,2025-02-25 09:06:31.950541,2025-02-25 09:06:41.038012,9.087471
channel-2,130657,30315718,30315727,9,2025-02-25 09:06:37.580215,2025-02-25 09:06:48.569896,10.989681
channel-6994,1325025,30315723,30315735,12,2025-02-25 09:06:44.274692,2025-02-25 09:06:57.565873,13.291181
channel-2,130658,30315738,30315747,9,2025-02-25 09:07:00.925767,2025-02-25 09:07:11.775233,10.849466
channel-6994,1325026,30315740,30315751,11,2025-02-25 09:07:03.200604,2025-02-25 09:07:17.322374,14.12177
channel-208,1490441,30315742,30315755,13,2025-02-25 09:07:06.114823,2025-02-25 09:07:22.209377,16.094554
channel-208,1490442,30315745,30315755,10,2025-02-25 09:07:09.581140,2025-02-25 09:07:22.209377,12.628237
channel-326,538130,30315748,30315754,6,2025-02-25 09:07:12.922236,2025-02-25 09:07:21.011940,8.089704
channel-208,1490443,30315748,30315759,11,2025-02-25 09:07:12.922236,2025-02-25 09:07:27.032499,14.110263
channel-143,128406,30315755,30315790,35,2025-02-25 09:07:22.209377,2025-02-25 09:08:08.802420,46.593043
channel-75,845105,30315767,30315772,5,2025-02-25 09:07:38.977469,2025-02-25 09:07:46.871921,7.894452
channel-412,64616,30315769,30315783,14,2025-02-25 09:07:41.281794,2025-02-25 09:08:00.800097,19.518303
channel-0,4039069,30315770,30315783,13,2025-02-25 09:07:43.929535,2025-02-25 09:08:00.800097,16.870562
channel-5,184322,30315770,30315778,8,2025-02-25 09:07:43.929535,2025-02-25 09:07:54.693998,10.764463
channel-89321,19479,30315776,30315787,11,2025-02-25 09:07:52.509399,2025-02-25 09:08:05.240494,12.731095
channel-6994,1325027,30315784,30315794,10,2025-02-25 09:08:01.901882,2025-02-25 09:08:13.454079,11.552197
channel-75,845106,30315787,30315794,7,2025-02-25 09:08:05.240494,2025-02-25 09:08:13.454079,8.213585
channel-0,4039070,30315808,30315817,9,2025-02-25 09:08:30.310509,2025-02-25 09:08:43.177711,12.867202
channel-208,1490444,30315815,30315828,13,2025-02-25 09:08:39.758158,2025-02-25 09:08:55.581287,15.823129
channel-89298,18691,30315825,30315833,8,2025-02-25 09:08:52.314775,2025-02-25 09:09:02.191981,9.877206
channel-75,845107,30315839,30315849,10,2025-02-25 09:09:10.718562,2025-02-25 09:09:23.189043,12.470481
channel-115,20415,30315841,30315852,11,2025-02-25 09:09:13.060286,2025-02-25 09:09:26.791350,13.731064
channel-326,538131,30315857,30315863,6,2025-02-25 09:09:35.127114,2025-02-25 09:09:43.895443,8.768329
channel-6994,1325028,30315860,30315868,8,2025-02-25 09:09:40.288928,2025-02-25 09:09:53.279733,12.990805
channel-750,683416,30315885,30315896,11,2025-02-25 09:10:16.942478,2025-02-25 09:10:29.607678,12.6652
channel-6994,1325029,30315890,30315903,13,2025-02-25 09:10:22.925830,2025-02-25 09:10:38.448420,15.52259
channel-750,683417,30315892,30315912,20,2025-02-25 09:10:25.144083,2025-02-25 09:10:51.677120,26.533037
channel-0,4039071,30315892,30315903,11,2025-02-25 09:10:25.144083,2025-02-25 09:10:38.448420,13.304337
channel-89321,19480,30315898,30315908,10,2025-02-25 09:10:31.733243,2025-02-25 09:10:45.014491,13.281248
channel-19774,346055,30315900,30315909,9,2025-02-25 09:10:34.092738,2025-02-25 09:10:47.354154,13.261416
channel-208,1490445,30315905,30315912,7,2025-02-25 09:10:40.812956,2025-02-25 09:10:51.677120,10.864164
channel-341,3392,30315912,30315926,14,2025-02-25 09:10:51.677120,2025-02-25 09:11:11.670105,19.992985
channel-199,132763,30315923,30315932,9,2025-02-25 09:11:07.898526,2025-02-25 09:11:19.214920,11.316394
channel-88,467150,30315923,30315953,30,2025-02-25 09:11:07.898526,2025-02-25 09:11:47.308213,39.409687
channel-258,17755,30315927,30315935,8,2025-02-25 09:11:13.040068,2025-02-25 09:11:24.326440,11.286372
channel-38946,124220,30315934,30315951,17,2025-02-25 09:11:22.690153,2025-02-25 09:11:45.065694,22.375541
channel-0,4039072,30315940,30315952,12,2025-02-25 09:11:30.681049,2025-02-25 09:11:46.247367,15.566318
channel-1429,140756,30315946,30315956,10,2025-02-25 09:11:37.496589,2025-02-25 09:11:51.921599,14.42501
channel-19774,346056,30315947,30315956,9,2025-02-25 09:11:40.166538,2025-02-25 09:11:51.921599,11.755061
channel-208,1490446,30315955,30315965,10,2025-02-25 09:11:49.654639,2025-02-25 09:12:03.400165,13.745526
channel-143,128407,30315959,30315971,12,2025-02-25 09:11:55.456866,2025-02-25 09:12:10.091450,14.634584
channel-42,1490036,30315967,30315973,6,2025-02-25 09:12:05.656412,2025-02-25 09:12:12.867041,7.210629
channel-6994,1325030,30315971,30315984,13,2025-02-25 09:12:10.091450,2025-02-25 09:12:26.701219,16.609769
channel-208,1490447,30315974,30315984,10,2025-02-25 09:12:14.269549,2025-02-25 09:12:26.701219,12.43167
channel-229,55033,30315974,30315985,11,2025-02-25 09:12:14.269549,2025-02-25 09:12:27.836608,13.567059
channel-42,1490037,30315977,30315987,10,2025-02-25 09:12:17.608940,2025-02-25 09:12:31.233858,13.624918
channel-0,4039073,30315988,30316001,13,2025-02-25 09:12:32.480213,2025-02-25 09:12:47.562085,15.081872
channel-42,1490038,30315991,30316002,11,2025-02-25 09:12:36.101532,2025-02-25 09:12:48.745168,12.643636
channel-1279,67133,30315991,30316004,13,2025-02-25 09:12:36.101532,2025-02-25 09:12:51.020623,14.919091
channel-89298,18692,30316014,30316027,13,2025-02-25 09:13:05.354336,2025-02-25 09:13:20.357879,15.003543
channel-199,132764,30316015,30316025,10,2025-02-25 09:13:06.489858,2025-02-25 09:13:18.017884,11.528026
channel-0,4039074,30316025,30316035,10,2025-02-25 09:13:18.017884,2025-02-25 09:13:30.263577,12.245693
channel-0,4039075,30316029,30316038,9,2025-02-25 09:13:23.590787,2025-02-25 09:13:36.045108,12.454321
channel-0,4039076,30316039,30316047,8,2025-02-25 09:13:37.262855,2025-02-25 09:13:47.452214,10.189359
channel-89298,18693,30316045,30316056,11,2025-02-25 09:13:44.259035,2025-02-25 09:13:59.462650,15.203615
channel-0,4039077,30316052,30316061,9,2025-02-25 09:13:53.300943,2025-02-25 09:14:05.778485,12.477542
channel-115,20416,30316061,30316069,8,2025-02-25 09:14:05.778485,2025-02-25 09:14:15.467042,9.688557
channel-0,4039078,30316065,30316082,17,2025-02-25 09:14:10.586630,2025-02-25 09:14:31.084195,20.497565
channel-0,4039079,30316076,30316096,20,2025-02-25 09:14:23.955766,2025-02-25 09:14:52.960767,29.005001
channel-326,538132,30316084,30316090,6,2025-02-25 09:14:36.909657,2025-02-25 09:14:44.794909,7.885252
channel-750,683418,30316089,30316094,5,2025-02-25 09:14:42.698784,2025-02-25 09:14:50.683683,7.984899
channel-6994,1325031,30316092,30316104,12,2025-02-25 09:14:48.178939,2025-02-25 09:15:04.794434,16.615495
channel-750,683419,30316093,30316130,37,2025-02-25 09:14:49.514361,2025-02-25 09:15:36.585973,47.071612
channel-750,683420,30316098,30316103,5,2025-02-25 09:14:56.367077,2025-02-25 09:15:03.534464,7.167387
channel-208,1490448,30316103,30316116,13,2025-02-25 09:15:03.534464,2025-02-25 09:15:18.938886,15.404422
channel-326,538133,30316125,30316134,9,2025-02-25 09:15:30.656200,2025-02-25 09:15:41.117685,10.461485
channel-0,4039080,30316130,30316141,11,2025-02-25 09:15:36.585973,2025-02-25 09:15:49.335298,12.749325
channel-2186,40792,30316132,30316144,12,2025-02-25 09:15:38.916457,2025-02-25 09:15:52.779188,13.862731
channel-1,408453,30316134,30316153,19,2025-02-25 09:15:41.117685,2025-02-25 09:16:06.104668,24.986983
channel-1,408454,30316136,30316196,60,2025-02-25 09:15:43.858928,2025-02-25 09:17:00.347596,76.488668
channel-412,64617,30316136,30316147,11,2025-02-25 09:15:43.858928,2025-02-25 09:15:56.158098,12.29917
channel-6994,1325032,30316139,30316151,12,2025-02-25 09:15:47.192912,2025-02-25 09:16:02.795986,15.603074
channel-874,293282,30316157,30316163,6,2025-02-25 09:16:10.787417,2025-02-25 09:16:17.632249,6.844832
channel-750,683421,30316171,30316177,6,2025-02-25 09:16:29.899689,2025-02-25 09:16:36.641716,6.742027
channel-0,4039081,30316174,30316197,23,2025-02-25 09:16:33.411788,2025-02-25 09:17:02.532914,29.121126
channel-326,538134,30316178,30316198,20,2025-02-25 09:16:37.742887,2025-02-25 09:17:04.963214,27.220327
channel-6994,1325033,30316189,30316202,13,2025-02-25 09:16:51.634781,2025-02-25 09:17:09.783586,18.148805
channel-0,4039082,30316189,30316201,12,2025-02-25 09:16:51.634781,2025-02-25 09:17:08.299376,16.664595
channel-75,845108,30316193,30316198,5,2025-02-25 09:16:56.612291,2025-02-25 09:17:04.963214,8.350923
channel-6994,1325034,30316198,30316217,19,2025-02-25 09:17:04.963214,2025-02-25 09:17:39.479352,34.516138
channel-0,4039083,30316209,30316235,26,2025-02-25 09:17:19.643700,2025-02-25 09:18:01.331918,41.688218
channel-6994,1325035,30316210,30316217,7,2025-02-25 09:17:21.041511,2025-02-25 09:17:39.479352,18.437841
channel-0,4039084,30316211,30316223,12,2025-02-25 09:17:25.617352,2025-02-25 09:17:46.629757,21.012405
channel-85077,60518,30316213,30316224,11,2025-02-25 09:17:33.603297,2025-02-25 09:17:47.838127,14.23483
channel-19774,346057,30316216,30316230,14,2025-02-25 09:17:37.325356,2025-02-25 09:17:54.835630,17.510274
channel-4,167006,30316216,30316254,38,2025-02-25 09:17:37.325356,2025-02-25 09:18:24.709258,47.383902
channel-184,137438,30316216,30316228,12,2025-02-25 09:17:37.325356,2025-02-25 09:17:52.304805,14.979449
channel-0,4039085,30316218,30316240,22,2025-02-25 09:17:40.883836,2025-02-25 09:18:07.239484,26.355648
channel-42,1490039,30316218,30316226,8,2025-02-25 09:17:40.883836,2025-02-25 09:17:50.031703,9.147867
channel-208,1490449,30316218,30316228,10,2025-02-25 09:17:40.883836,2025-02-25 09:17:52.304805,11.420969
channel-2494,31958,30316218,30316228,10,2025-02-25 09:17:40.883836,2025-02-25 09:17:52.304805,11.420969
channel-0,4039086,30316220,30316251,31,2025-02-25 09:17:43.266124,2025-02-25 09:18:21.328539,38.062415
channel-122,668143,30316221,30316225,4,2025-02-25 09:17:44.390046,2025-02-25 09:17:48.946633,4.556587
channel-1,408455,30316223,30316234,11,2025-02-25 09:17:46.629757,2025-02-25 09:17:59.457870,12.828113
channel-0,4039087,30316223,30316235,12,2025-02-25 09:17:46.629757,2025-02-25 09:18:01.331918,14.702161
channel-89321,19481,30316228,30316248,20,2025-02-25 09:17:52.304805,2025-02-25 09:18:17.822471,25.517666
channel-91017,2876,30316233,30316244,11,2025-02-25 09:17:58.283558,2025-02-25 09:18:11.771087,13.487529
channel-6994,1325036,30316234,30316247,13,2025-02-25 09:17:59.457870,2025-02-25 09:18:15.285581,15.827711
channel-251,85247,30316234,30316248,14,2025-02-25 09:17:59.457870,2025-02-25 09:18:17.822471,18.364601
channel-0,4039088,30316240,30316251,11,2025-02-25 09:18:07.239484,2025-02-25 09:18:21.328539,14.089055
channel-4,167007,30316243,30316269,26,2025-02-25 09:18:10.728127,2025-02-25 09:18:43.248083,32.519956
channel-4,167008,30316247,30316316,69,2025-02-25 09:18:15.285581,2025-02-25 09:19:47.913308,92.627727
channel-0,4039089,30316254,30316266,12,2025-02-25 09:18:24.709258,2025-02-25 09:18:39.732112,15.022854
channel-0,4039090,30316256,30316266,10,2025-02-25 09:18:27.097124,2025-02-25 09:18:39.732112,12.634988
channel-19774,346058,30316265,30316275,10,2025-02-25 09:18:38.630149,2025-02-25 09:18:50.501205,11.871056
channel-0,4039091,30316271,30316281,10,2025-02-25 09:18:45.948747,2025-02-25 09:18:58.127451,12.178704
channel-251,85248,30316289,30316297,8,2025-02-25 09:19:07.568561,2025-02-25 09:19:22.497556,14.928995
channel-326,538135,30316304,30316309,5,2025-02-25 09:19:32.710909,2025-02-25 09:19:39.531921,6.821012
channel-0,4039092,30316304,30316313,9,2025-02-25 09:19:32.710909,2025-02-25 09:19:44.083222,11.372313
channel-2188,43777,30316310,30316315,5,2025-02-25 09:19:40.637793,2025-02-25 09:19:46.574156,5.936363
channel-2694,3321,30316310,30316324,14,2025-02-25 09:19:40.637793,2025-02-25 09:19:58.162221,17.524428
channel-6994,1325037,30316318,30316332,14,2025-02-25 09:19:50.289204,2025-02-25 09:20:07.344659,17.055455
channel-6994,1325038,30316319,30316332,13,2025-02-25 09:19:51.370280,2025-02-25 09:20:07.344659,15.974379
channel-0,4039093,30316321,30316350,29,2025-02-25 09:19:53.647951,2025-02-25 09:20:30.254774,36.606823
channel-750,683422,30316333,30316338,5,2025-02-25 09:20:08.441383,2025-02-25 09:20:14.562600,6.121217
channel-208,1490450,30316334,30316344,10,2025-02-25 09:20:09.666327,2025-02-25 09:20:22.349209,12.682882
channel-85077,60519,30316336,30316344,8,2025-02-25 09:20:12.390940,2025-02-25 09:20:22.349209,9.958269
channel-21113,25343,30316345,30316353,8,2025-02-25 09:20:23.445366,2025-02-25 09:20:33.701204,10.255838
channel-0,4039094,30316358,30316366,8,2025-02-25 09:20:39.696653,2025-02-25 09:20:49.754542,10.057889
channel-6994,1325039,30316365,30316380,15,2025-02-25 09:20:48.559660,2025-02-25 09:21:12.212608,23.652948
channel-6994,1325040,30316365,30316380,15,2025-02-25 09:20:48.559660,2025-02-25 09:21:12.212608,23.652948
channel-21113,25344,30316374,30316380,6,2025-02-25 09:21:00.602730,2025-02-25 09:21:12.212608,11.609878
channel-1,408456,30316375,30316391,16,2025-02-25 09:21:01.787961,2025-02-25 09:21:25.783149,23.995188
channel-0,4039095,30316390,30316401,11,2025-02-25 09:21:24.583000,2025-02-25 09:21:38.123782,13.540782
channel-204,670829,30316394,30316403,9,2025-02-25 09:21:29.217587,2025-02-25 09:21:41.319640,12.102053
channel-122,668144,30316395,30316399,4,2025-02-25 09:21:30.345575,2025-02-25 09:21:35.137386,4.791811
channel-2188,43778,30316397,30316401,4,2025-02-25 09:21:32.635911,2025-02-25 09:21:38.123782,5.487871
channel-208,1490451,30316398,30316410,12,2025-02-25 09:21:33.734733,2025-02-25 09:21:50.594455,16.859722
channel-75,845109,30316400,30316407,7,2025-02-25 09:21:36.925838,2025-02-25 09:21:47.083558,10.15772
channel-783,104299,30316401,30316410,9,2025-02-25 09:21:38.123782,2025-02-25 09:21:50.594455,12.470673
channel-750,683423,30316403,30316408,5,2025-02-25 09:21:41.319640,2025-02-25 09:21:48.266410,6.94677
channel-0,4039096,30316404,30316430,26,2025-02-25 09:21:42.422934,2025-02-25 09:22:15.894495,33.471561
channel-0,4039097,30316409,30316423,14,2025-02-25 09:21:49.390594,2025-02-25 09:22:06.009109,16.618515
channel-85077,60520,30316428,30316437,9,2025-02-25 09:22:13.440394,2025-02-25 09:22:25.035243,11.594849
channel-204,670830,30316437,30316443,6,2025-02-25 09:22:25.035243,2025-02-25 09:22:34.155204,9.119961
channel-208,1490452,30316437,30316446,9,2025-02-25 09:22:25.035243,2025-02-25 09:22:37.552776,12.517533
channel-1,408457,30316439,30316461,22,2025-02-25 09:22:27.800268,2025-02-25 09:22:55.462545,27.662277
channel-0,4039098,30316443,30316464,21,2025-02-25 09:22:34.155204,2025-02-25 09:22:59.931141,25.775937
channel-6,66638,30316443,30316458,15,2025-02-25 09:22:34.155204,2025-02-25 09:22:51.923964,17.76876
channel-251,85249,30316444,30316456,12,2025-02-25 09:22:35.336889,2025-02-25 09:22:49.455881,14.118992
channel-750,683424,30316448,30316452,4,2025-02-25 09:22:40.089313,2025-02-25 09:22:44.746816,4.657503
channel-6994,1325041,30316449,30316459,10,2025-02-25 09:22:41.226533,2025-02-25 09:22:53.084867,11.858334
channel-122,668145,30316451,30319073,2622,2025-02-25 09:22:43.603825,2025-02-25 10:21:04.312223,3500.708398
channel-6994,1325042,30316457,30316510,53,2025-02-25 09:22:50.700029,2025-02-25 09:24:03.310080,72.610051
channel-750,683425,30316463,30316473,10,2025-02-25 09:22:58.852123,2025-02-25 09:23:12.107169,13.255046
channel-143,128408,30316467,30316501,34,2025-02-25 09:23:03.817277,2025-02-25 09:23:52.093992,48.276715
channel-85077,60521,30316468,30316476,8,2025-02-25 09:23:06.555773,2025-02-25 09:23:17.064441,10.508668
channel-750,683426,30316468,30316480,12,2025-02-25 09:23:06.555773,2025-02-25 09:23:22.602967,16.047194
channel-750,683427,30316469,30316479,10,2025-02-25 09:23:07.740816,2025-02-25 09:23:21.446616,13.7058
channel-2188,43779,30316480,30316485,5,2025-02-25 09:23:22.602967,2025-02-25 09:23:28.583432,5.980465
channel-1,408458,30316480,30316506,26,2025-02-25 09:23:22.602967,2025-02-25 09:23:58.737327,36.13436
channel-6994,1325043,30316488,30316501,13,2025-02-25 09:23:33.431601,2025-02-25 09:23:52.093992,18.662391
channel-85077,60522,30316491,30316501,10,2025-02-25 09:23:40.332975,2025-02-25 09:23:52.093992,11.761017
channel-184,137439,30316498,30316509,11,2025-02-25 09:23:48.192180,2025-02-25 09:24:02.133881,13.941701
channel-0,4039099,30316499,30316512,13,2025-02-25 09:23:49.801597,2025-02-25 09:24:05.581853,15.780256
channel-89298,18694,30316504,30316513,9,2025-02-25 09:23:56.558056,2025-02-25 09:24:07.695079,11.137023
channel-750,683428,30316508,30316512,4,2025-02-25 09:24:00.980748,2025-02-25 09:24:05.581853,4.601105
channel-208,1490453,30316516,30316526,10,2025-02-25 09:24:11.446457,2025-02-25 09:24:23.898083,12.451626
channel-750,683429,30316525,30316537,12,2025-02-25 09:24:22.693300,2025-02-25 09:24:37.948716,15.255416
channel-1,408459,30316525,30316541,16,2025-02-25 09:24:22.693300,2025-02-25 09:24:42.940109,20.246809
channel-1,408460,30316526,30316541,15,2025-02-25 09:24:23.898083,2025-02-25 09:24:42.940109,19.042026
channel-19774,346059,30316529,30316536,7,2025-02-25 09:24:27.250457,2025-02-25 09:24:35.563024,8.312567
channel-6994,1325044,30316529,30316540,11,2025-02-25 09:24:27.250457,2025-02-25 09:24:41.742980,14.492523
channel-782,310230,30316532,30316539,7,2025-02-25 09:24:31.149874,2025-02-25 09:24:40.504878,9.355004
channel-326,538136,30316534,30316539,5,2025-02-25 09:24:33.305025,2025-02-25 09:24:40.504878,7.199853
channel-6994,1325045,30316534,30316545,11,2025-02-25 09:24:33.305025,2025-02-25 09:24:47.685577,14.380552
channel-6994,1325046,30316543,30316556,13,2025-02-25 09:24:45.214558,2025-02-25 09:25:00.388238,15.17368
channel-0,4039100,30316543,30316554,11,2025-02-25 09:24:45.214558,2025-02-25 09:24:58.215851,13.001293
channel-113,301346,30316543,30316573,30,2025-02-25 09:24:45.214558,2025-02-25 09:25:24.326807,39.112249
channel-0,4039101,30316547,30316556,9,2025-02-25 09:24:50.014001,2025-02-25 09:25:00.388238,10.374237
channel-208,1490454,30316573,30316584,11,2025-02-25 09:25:24.326807,2025-02-25 09:25:37.806212,13.479405
channel-1,408461,30316580,30316595,15,2025-02-25 09:25:33.108593,2025-02-25 09:25:53.522898,20.414305
channel-1,408462,30316589,30316615,26,2025-02-25 09:25:45.809311,2025-02-25 09:26:18.361311,32.552
channel-208,1490455,30316602,30316616,14,2025-02-25 09:26:03.213384,2025-02-25 09:26:19.409831,16.196447
channel-0,4039102,30316605,30316616,11,2025-02-25 09:26:06.701429,2025-02-25 09:26:19.409831,12.708402
channel-259,314374,30316610,30316617,7,2025-02-25 09:26:12.748184,2025-02-25 09:26:20.455945,7.707761
channel-750,683430,30316617,30316621,4,2025-02-25 09:26:20.455945,2025-02-25 09:26:26.932704,6.476759
channel-1,408463,30316617,30316652,35,2025-02-25 09:26:20.455945,2025-02-25 09:27:10.299942,49.843997
channel-0,4039103,30316618,30316643,25,2025-02-25 09:26:22.517993,2025-02-25 09:26:55.938141,33.420148
channel-1,408464,30316619,30316653,34,2025-02-25 09:26:24.617633,2025-02-25 09:27:11.648342,47.030709
channel-232,49211,30316621,30316632,11,2025-02-25 09:26:26.932704,2025-02-25 09:26:41.397782,14.465078
channel-85077,60523,30316627,30316635,8,2025-02-25 09:26:35.108030,2025-02-25 09:26:45.900870,10.79284
channel-750,683431,30316628,30316638,10,2025-02-25 09:26:36.249741,2025-02-25 09:26:50.365702,14.115961
channel-208,1490456,30316634,30316644,10,2025-02-25 09:26:44.790957,2025-02-25 09:26:58.161150,13.370193
channel-6994,1325047,30316648,30316661,13,2025-02-25 09:27:05.747418,2025-02-25 09:27:21.715367,15.967949
channel-208,1490457,30316655,30316667,12,2025-02-25 09:27:14.841265,2025-02-25 09:27:28.949143,14.107878
channel-85077,60524,30316666,30316674,8,2025-02-25 09:27:27.903122,2025-02-25 09:27:37.993783,10.090661
channel-2188,43780,30316668,30316673,5,2025-02-25 09:27:30.092985,2025-02-25 09:27:36.838768,6.745783
channel-208,1490458,30316668,30316680,12,2025-02-25 09:27:30.092985,2025-02-25 09:27:45.147943,15.054958
channel-750,683432,30316669,30316685,16,2025-02-25 09:27:31.263292,2025-02-25 09:27:52.087364,20.824072
channel-1,408465,30316669,30316701,32,2025-02-25 09:27:31.263292,2025-02-25 09:28:13.343018,42.079726
channel-0,4039104,30316672,30316682,10,2025-02-25 09:27:35.758442,2025-02-25 09:27:47.449747,11.691305
channel-750,683433,30316674,30316687,13,2025-02-25 09:27:37.993783,2025-02-25 09:27:54.419615,16.425832
channel-232,49212,30316675,30316684,9,2025-02-25 09:27:39.051514,2025-02-25 09:27:49.817676,10.766162
channel-208,1490459,30316682,30316693,11,2025-02-25 09:27:47.449747,2025-02-25 09:28:01.331778,13.882031
channel-6897,5645,30316685,30316693,8,2025-02-25 09:27:52.087364,2025-02-25 09:28:01.331778,9.244414
channel-874,293283,30316687,30316693,6,2025-02-25 09:27:54.419615,2025-02-25 09:28:01.331778,6.912163
channel-1,408466,30316692,30316706,14,2025-02-25 09:28:00.149272,2025-02-25 09:28:19.280855,19.131583
channel-750,683434,30316692,30316698,6,2025-02-25 09:28:00.149272,2025-02-25 09:28:08.265088,8.115816
channel-259,314375,30316692,30316700,8,2025-02-25 09:28:00.149272,2025-02-25 09:28:12.081403,11.932131
channel-783,104300,30316701,30316711,10,2025-02-25 09:28:13.343018,2025-02-25 09:28:25.382422,12.039404
channel-750,683435,30316704,30316711,7,2025-02-25 09:28:16.833625,2025-02-25 09:28:25.382422,8.548797
channel-98451,46,30316727,30316736,9,2025-02-25 09:28:48.080576,2025-02-25 09:29:04.216247,16.135671
channel-783,104301,30316728,30316732,4,2025-02-25 09:28:49.218457,2025-02-25 09:28:55.327231,6.108774
channel-1,408467,30316747,30316760,13,2025-02-25 09:29:17.433664,2025-02-25 09:29:32.806899,15.373235
channel-340,3186,30316747,30316759,12,2025-02-25 09:29:17.433664,2025-02-25 09:29:31.596388,14.162724
channel-782,310231,30316751,30316758,7,2025-02-25 09:29:22.169187,2025-02-25 09:29:30.427855,8.258668
channel-0,4039105,30316754,30316764,10,2025-02-25 09:29:25.677763,2025-02-25 09:29:38.149506,12.471743
channel-782,310232,30316757,30316765,8,2025-02-25 09:29:29.179736,2025-02-25 09:29:39.408487,10.228751
channel-0,4039106,30316758,30316770,12,2025-02-25 09:29:30.427855,2025-02-25 09:29:45.104736,14.676881
channel-326,538137,30316760,30316767,7,2025-02-25 09:29:32.806899,2025-02-25 09:29:41.504902,8.698003
channel-326,538138,30316763,30316780,17,2025-02-25 09:29:37.070720,2025-02-25 09:29:59.085808,22.015088
channel-1,408468,30316763,30316778,15,2025-02-25 09:29:37.070720,2025-02-25 09:29:56.659755,19.589035
channel-1,408469,30316765,30316778,13,2025-02-25 09:29:39.408487,2025-02-25 09:29:56.659755,17.251268
channel-208,1490460,30316766,30316776,10,2025-02-25 09:29:40.513069,2025-02-25 09:29:52.054051,11.540982
channel-89298,18695,30316766,30316777,11,2025-02-25 09:29:40.513069,2025-02-25 09:29:54.483321,13.970252
channel-750,683436,30316769,30316777,8,2025-02-25 09:29:43.978013,2025-02-25 09:29:54.483321,10.505308
channel-259,314376,30316770,30316776,6,2025-02-25 09:29:45.104736,2025-02-25 09:29:52.054051,6.949315
channel-208,1490461,30316778,30316790,12,2025-02-25 09:29:56.659755,2025-02-25 09:30:11.174259,14.514504
channel-874,293284,30316779,30316789,10,2025-02-25 09:29:57.881485,2025-02-25 09:30:09.942537,12.061052
channel-1,408470,30316783,30316821,38,2025-02-25 09:30:02.582171,2025-02-25 09:30:51.116242,48.534071
channel-750,683437,30316783,30316793,10,2025-02-25 09:30:02.582171,2025-02-25 09:30:16.090565,13.508394
channel-874,293285,30316786,30316791,5,2025-02-25 09:30:06.527200,2025-02-25 09:30:13.446211,6.919011
channel-148,16092,30316789,30316796,7,2025-02-25 09:30:09.942537,2025-02-25 09:30:19.437184,9.494647
channel-73,51340,30316790,30316803,13,2025-02-25 09:30:11.174259,2025-02-25 09:30:28.026058,16.851799
channel-208,1490462,30316792,30316803,11,2025-02-25 09:30:14.849620,2025-02-25 09:30:28.026058,13.176438
channel-91017,2877,30316798,30316810,12,2025-02-25 09:30:22.316325,2025-02-25 09:30:37.156456,14.840131
channel-259,314377,30316806,30316813,7,2025-02-25 09:30:32.632667,2025-02-25 09:30:40.396226,7.763559
channel-783,104302,30316809,30316818,9,2025-02-25 09:30:35.997481,2025-02-25 09:30:46.261775,10.264294
channel-874,293286,30316821,30316841,20,2025-02-25 09:30:51.116242,2025-02-25 09:31:16.686072,25.56983
channel-4,167009,30316824,30316833,9,2025-02-25 09:30:55.048874,2025-02-25 09:31:07.339534,12.29066
channel-208,1490463,30316827,30316840,13,2025-02-25 09:30:59.790987,2025-02-25 09:31:15.509704,15.718717
channel-750,683438,30316833,30316839,6,2025-02-25 09:31:07.339534,2025-02-25 09:31:14.242701,6.903167
channel-208,1490464,30316833,30316844,11,2025-02-25 09:31:07.339534,2025-02-25 09:31:21.139562,13.800028
channel-874,293287,30316839,30316846,7,2025-02-25 09:31:14.242701,2025-02-25 09:31:24.370494,10.127793
channel-340,3187,30316839,30316846,7,2025-02-25 09:31:14.242701,2025-02-25 09:31:24.370494,10.127793
channel-208,1490465,30316839,30316848,9,2025-02-25 09:31:14.242701,2025-02-25 09:31:26.583783,12.341082
channel-1,408471,30316841,30316871,30,2025-02-25 09:31:16.686072,2025-02-25 09:31:53.772931,37.086859
channel-874,293288,30316846,30316851,5,2025-02-25 09:31:24.370494,2025-02-25 09:31:29.954860,5.584366
channel-6994,1325048,30316853,30316864,11,2025-02-25 09:31:32.076103,2025-02-25 09:31:45.423871,13.347768
channel-750,683439,30316854,30316859,5,2025-02-25 09:31:33.247243,2025-02-25 09:31:39.244103,5.99686
channel-1,408472,30316857,30316871,14,2025-02-25 09:31:36.872833,2025-02-25 09:31:53.772931,16.900098
channel-326,538139,30316870,30316875,5,2025-02-25 09:31:52.499403,2025-02-25 09:32:00.612858,8.113455
channel-229,55034,30316870,30316879,9,2025-02-25 09:31:52.499403,2025-02-25 09:32:05.230110,12.730707
channel-208,1490466,30316877,30316891,14,2025-02-25 09:32:02.950865,2025-02-25 09:32:19.223500,16.272635
channel-874,293289,30316879,30316898,19,2025-02-25 09:32:05.230110,2025-02-25 09:32:27.995019,22.764909
channel-184,137440,30316879,30316890,11,2025-02-25 09:32:05.230110,2025-02-25 09:32:18.119915,12.889805
channel-208,1490467,30316880,30316891,11,2025-02-25 09:32:06.469455,2025-02-25 09:32:19.223500,12.754045
channel-783,104303,30316894,30316905,11,2025-02-25 09:32:23.404640,2025-02-25 09:32:38.754248,15.349608
channel-6994,1325049,30316895,30316911,16,2025-02-25 09:32:24.484156,2025-02-25 09:32:46.635122,22.150966
channel-208,1490468,30316906,30316914,8,2025-02-25 09:32:40.963359,2025-02-25 09:32:54.334080,13.370721
channel-208,1490469,30316910,30316918,8,2025-02-25 09:32:45.442435,2025-02-25 09:32:58.922537,13.480102
channel-750,683440,30316913,30316920,7,2025-02-25 09:32:49.965339,2025-02-25 09:33:04.831761,14.866422
channel-750,683441,30316915,30316923,8,2025-02-25 09:32:55.406730,2025-02-25 09:33:09.384039,13.977309
channel-1424,7346,30316917,30316927,10,2025-02-25 09:32:57.746523,2025-02-25 09:33:14.082791,16.336268
channel-2494,31959,30316918,30316927,9,2025-02-25 09:32:58.922537,2025-02-25 09:33:14.082791,15.160254
channel-199,132765,30316919,30316927,8,2025-02-25 09:33:03.547615,2025-02-25 09:33:14.082791,10.535176
channel-6994,1325050,30316924,30316935,11,2025-02-25 09:33:10.534946,2025-02-25 09:33:23.781608,13.246662
channel-1,408473,30316925,30316935,10,2025-02-25 09:33:11.644768,2025-02-25 09:33:23.781608,12.13684
channel-783,104304,30316925,30316937,12,2025-02-25 09:33:11.644768,2025-02-25 09:33:26.169793,14.525025
channel-1,408474,30316927,30316940,13,2025-02-25 09:33:14.082791,2025-02-25 09:33:29.541372,15.458581
channel-6994,1325051,30316930,30316941,11,2025-02-25 09:33:18.211144,2025-02-25 09:33:30.674518,12.463374
channel-85077,60525,30316933,30316945,12,2025-02-25 09:33:21.490484,2025-02-25 09:33:35.354661,13.864177
channel-85077,60526,30316942,30316953,11,2025-02-25 09:33:31.784634,2025-02-25 09:33:45.840774,14.05614
channel-208,1490470,30316946,30316957,11,2025-02-25 09:33:36.515722,2025-02-25 09:33:51.611664,15.095942
channel-783,104305,30316949,30316955,6,2025-02-25 09:33:41.254136,2025-02-25 09:33:49.135548,7.881412
channel-208,1490471,30316957,30316967,10,2025-02-25 09:33:51.611664,2025-02-25 09:34:03.876480,12.264816
channel-208,1490472,30316960,30316971,11,2025-02-25 09:33:55.374585,2025-02-25 09:34:09.364784,13.990199
channel-6994,1325052,30316966,30316981,15,2025-02-25 09:34:02.800426,2025-02-25 09:34:22.439683,19.639257
channel-208,1490473,30316970,30316979,9,2025-02-25 09:34:08.252271,2025-02-25 09:34:20.245800,11.993529
channel-208,1490474,30316974,30316984,10,2025-02-25 09:34:14.515190,2025-02-25 09:34:26.275634,11.760444
channel-750,683442,30316975,30316984,9,2025-02-25 09:34:15.736952,2025-02-25 09:34:26.275634,10.538682
channel-874,293290,30316979,30316984,5,2025-02-25 09:34:20.245800,2025-02-25 09:34:26.275634,6.029834
channel-783,104306,30316979,30316985,6,2025-02-25 09:34:20.245800,2025-02-25 09:34:27.473840,7.22804
channel-0,4039107,30316981,30316991,10,2025-02-25 09:34:22.439683,2025-02-25 09:34:35.720842,13.281159
channel-1,408475,30316983,30316993,10,2025-02-25 09:34:24.731714,2025-02-25 09:34:38.090857,13.359143
channel-326,538140,30316989,30316994,5,2025-02-25 09:34:33.372828,2025-02-25 09:34:40.810395,7.437567
channel-208,1490475,30316990,30317000,10,2025-02-25 09:34:34.667896,2025-02-25 09:34:48.602558,13.934662
channel-0,4039108,30316992,30317004,12,2025-02-25 09:34:36.931511,2025-02-25 09:34:53.230251,16.29874
channel-326,538141,30317002,30317007,5,2025-02-25 09:34:50.965018,2025-02-25 09:34:56.742622,5.777604
channel-750,683443,30317004,30317010,6,2025-02-25 09:34:53.230251,2025-02-25 09:35:00.103208,6.872957
channel-750,683444,30317006,30317020,14,2025-02-25 09:34:55.536151,2025-02-25 09:35:13.232928,17.696777
channel-208,1490476,30317006,30317015,9,2025-02-25 09:34:55.536151,2025-02-25 09:35:06.608437,11.072286
channel-19774,346060,30317015,30317027,12,2025-02-25 09:35:06.608437,2025-02-25 09:35:22.900116,16.291679
channel-1,408476,30317016,30317026,10,2025-02-25 09:35:07.758429,2025-02-25 09:35:21.197606,13.439177
channel-208,1490477,30317018,30317027,9,2025-02-25 09:35:11.018032,2025-02-25 09:35:22.900116,11.882084
channel-85077,60527,30317028,30317037,9,2025-02-25 09:35:25.028657,2025-02-25 09:35:35.007890,9.979233
channel-783,104307,30317032,30317051,19,2025-02-25 09:35:29.367765,2025-02-25 09:35:51.863692,22.495927
channel-89321,19482,30317032,30317070,38,2025-02-25 09:35:29.367765,2025-02-25 09:36:16.244546,46.876781
channel-750,683445,30317034,30317039,5,2025-02-25 09:35:31.542152,2025-02-25 09:35:37.194075,5.651923
channel-91017,2878,30317034,30317045,11,2025-02-25 09:35:31.542152,2025-02-25 09:35:44.193748,12.651596
channel-208,1490478,30317040,30317052,12,2025-02-25 09:35:38.389555,2025-02-25 09:35:52.968600,14.579045
channel-1,408477,30317050,30317082,32,2025-02-25 09:35:49.745923,2025-02-25 09:36:38.544482,48.798559
channel-1,408478,30317052,30317082,30,2025-02-25 09:35:52.968600,2025-02-25 09:36:38.544482,45.575882
channel-208,1490479,30317056,30317067,11,2025-02-25 09:35:57.503833,2025-02-25 09:36:10.760256,13.256423
channel-232,49213,30317057,30317067,10,2025-02-25 09:35:58.743423,2025-02-25 09:36:10.760256,12.016833
channel-1,408479,30317063,30317082,19,2025-02-25 09:36:05.982794,2025-02-25 09:36:38.544482,32.561688
channel-0,4039109,30317066,30317089,23,2025-02-25 09:36:09.529964,2025-02-25 09:36:48.311433,38.781469
channel-326,538142,30317067,30317072,5,2025-02-25 09:36:10.760256,2025-02-25 09:36:18.961164,8.200908
channel-19774,346061,30317077,30317086,9,2025-02-25 09:36:29.049897,2025-02-25 09:36:42.911106,13.861209
channel-783,104308,30317088,30317098,10,2025-02-25 09:36:46.093844,2025-02-25 09:36:59.559835,13.465991
channel-208,1490480,30317090,30317101,11,2025-02-25 09:36:49.411279,2025-02-25 09:37:03.006806,13.595527
channel-38946,124221,30317114,30317129,15,2025-02-25 09:37:22.579549,2025-02-25 09:37:42.244811,19.665262
channel-783,104309,30317119,30317144,25,2025-02-25 09:37:29.395292,2025-02-25 09:37:59.803488,30.408196
channel-750,683446,30317128,30317138,10,2025-02-25 09:37:41.160354,2025-02-25 09:37:52.290583,11.130229
channel-208,1490481,30317130,30317140,10,2025-02-25 09:37:43.343083,2025-02-25 09:37:54.815545,11.472462
channel-0,4039110,30317136,30317148,12,2025-02-25 09:37:49.923099,2025-02-25 09:38:05.844154,15.921055
channel-208,1490482,30317142,30317154,12,2025-02-25 09:37:57.359883,2025-02-25 09:38:13.493350,16.133467
channel-6994,1325053,30317144,30317156,12,2025-02-25 09:37:59.803488,2025-02-25 09:38:15.660177,15.856689
channel-6994,1325054,30317157,30317168,11,2025-02-25 09:38:16.764176,2025-02-25 09:38:33.724066,16.95989
channel-208,1490483,30317167,30317179,12,2025-02-25 09:38:32.444856,2025-02-25 09:38:47.060621,14.615765
channel-89298,18696,30317168,30317176,8,2025-02-25 09:38:33.724066,2025-02-25 09:38:43.656475,9.932409
channel-208,1490484,30317175,30317184,9,2025-02-25 09:38:42.523759,2025-02-25 09:38:53.410641,10.886882
channel-4,167010,30317193,30317207,14,2025-02-25 09:39:04.127578,2025-02-25 09:39:20.249648,16.12207
channel-0,4039111,30317196,30317209,13,2025-02-25 09:39:07.613006,2025-02-25 09:39:22.586486,14.97348
channel-0,4039112,30317212,30317223,11,2025-02-25 09:39:26.318536,2025-02-25 09:39:41.566543,15.248007
channel-1,408480,30317222,30317238,16,2025-02-25 09:39:40.532494,2025-02-25 09:39:59.827051,19.294557
channel-75,845110,30317229,30317236,7,2025-02-25 09:39:48.716470,2025-02-25 09:39:57.638682,8.922212
channel-874,293291,30317231,30317237,6,2025-02-25 09:39:50.910499,2025-02-25 09:39:58.728094,7.817595
channel-208,1490485,30317233,30317246,13,2025-02-25 09:39:53.159858,2025-02-25 09:40:09.065335,15.905477
channel-750,683447,30317237,30317252,15,2025-02-25 09:39:58.728094,2025-02-25 09:40:17.552566,18.824472
channel-6994,1325055,30317248,30317256,8,2025-02-25 09:40:11.354312,2025-02-25 09:40:23.275179,11.920867
channel-88,467151,30317266,30317286,20,2025-02-25 09:40:36.446309,2025-02-25 09:41:01.229210,24.782901
channel-0,4039113,30317270,30317280,10,2025-02-25 09:40:42.067417,2025-02-25 09:40:54.274026,12.206609
channel-6994,1325056,30317280,30317297,17,2025-02-25 09:40:54.274026,2025-02-25 09:41:14.949559,20.675533
channel-38,11684,30317281,30317292,11,2025-02-25 09:40:55.437948,2025-02-25 09:41:08.351327,12.913379
channel-750,683448,30317284,30317289,5,2025-02-25 09:40:59.023279,2025-02-25 09:41:04.550653,5.527374
channel-75,845111,30317285,30317293,8,2025-02-25 09:41:00.165715,2025-02-25 09:41:10.105812,9.940097
channel-208,1490486,30317290,30317301,11,2025-02-25 09:41:05.907745,2025-02-25 09:41:19.354739,13.446994
channel-208,1490487,30317291,30317301,10,2025-02-25 09:41:07.040271,2025-02-25 09:41:19.354739,12.314468
channel-208,1490488,30317291,30317301,10,2025-02-25 09:41:07.040271,2025-02-25 09:41:19.354739,12.314468
channel-1,408481,30317299,30317327,28,2025-02-25 09:41:17.174361,2025-02-25 09:41:55.953121,38.77876
channel-750,683449,30317303,30317317,14,2025-02-25 09:41:22.025001,2025-02-25 09:41:40.031728,18.006727
channel-0,4039114,30317308,30317317,9,2025-02-25 09:41:27.615771,2025-02-25 09:41:40.031728,12.415957
channel-0,4039115,30317315,30317322,7,2025-02-25 09:41:37.917438,2025-02-25 09:41:49.545843,11.628405
channel-208,1490489,30317315,30317324,9,2025-02-25 09:41:37.917438,2025-02-25 09:41:52.345572,14.428134
channel-750,683450,30317324,30317333,9,2025-02-25 09:41:52.345572,2025-02-25 09:42:02.875777,10.530205
channel-750,683451,30317328,30317333,5,2025-02-25 09:41:57.067093,2025-02-25 09:42:02.875777,5.808684
channel-122,668146,30317338,30317341,3,2025-02-25 09:42:11.056295,2025-02-25 09:42:15.689254,4.632959
channel-208,1490490,30317343,30317354,11,2025-02-25 09:42:18.870528,2025-02-25 09:42:32.600700,13.730172
channel-750,683452,30317343,30317348,5,2025-02-25 09:42:18.870528,2025-02-25 09:42:25.728771,6.858243
channel-208,1490491,30317353,30317363,10,2025-02-25 09:42:31.462281,2025-02-25 09:42:45.137744,13.675463
channel-42,1490040,30317355,30317366,11,2025-02-25 09:42:33.735552,2025-02-25 09:42:48.552637,14.817085
channel-259,314378,30317359,30317364,5,2025-02-25 09:42:39.219936,2025-02-25 09:42:46.310077,7.090141
channel-1429,140757,30317360,30317371,11,2025-02-25 09:42:41.604453,2025-02-25 09:42:54.383605,12.779152
channel-6994,1325057,30317361,30317373,12,2025-02-25 09:42:42.721971,2025-02-25 09:42:56.654825,13.932854
channel-208,1490492,30317361,30317373,12,2025-02-25 09:42:42.721971,2025-02-25 09:42:56.654825,13.932854
channel-42,1490041,30317363,30317376,13,2025-02-25 09:42:45.137744,2025-02-25 09:43:00.011186,14.873442
channel-108,39857,30317366,30317389,23,2025-02-25 09:42:48.552637,2025-02-25 09:43:16.621622,28.068985
channel-750,683453,30317368,30317379,11,2025-02-25 09:42:50.863066,2025-02-25 09:43:04.528045,13.664979
channel-750,683454,30317370,30317384,14,2025-02-25 09:42:53.341987,2025-02-25 09:43:10.608935,17.266948
channel-122,668147,30317372,30317382,10,2025-02-25 09:42:55.533402,2025-02-25 09:43:08.280084,12.746682
channel-750,683455,30317373,30317378,5,2025-02-25 09:42:56.654825,2025-02-25 09:43:02.367904,5.713079
channel-88,467152,30317374,30317396,22,2025-02-25 09:42:57.748194,2025-02-25 09:43:25.090680,27.342486
channel-0,4039116,30317378,30317390,12,2025-02-25 09:43:02.367904,2025-02-25 09:43:18.191076,15.823172
channel-6787,166734,30317380,30317385,5,2025-02-25 09:43:06.001264,2025-02-25 09:43:11.844532,5.843268
channel-19774,346062,30317381,30317395,14,2025-02-25 09:43:07.090694,2025-02-25 09:43:23.906679,16.815985
channel-208,1490493,30317387,30317397,10,2025-02-25 09:43:14.215733,2025-02-25 09:43:26.210115,11.994382
channel-6994,1325058,30317387,30317397,10,2025-02-25 09:43:14.215733,2025-02-25 09:43:26.210115,11.994382
channel-19774,346063,30317390,30317398,8,2025-02-25 09:43:18.191076,2025-02-25 09:43:27.432473,9.241397
channel-208,1490494,30317391,30317402,11,2025-02-25 09:43:19.451527,2025-02-25 09:43:31.941625,12.490098
channel-259,314379,30317391,30317396,5,2025-02-25 09:43:19.451527,2025-02-25 09:43:25.090680,5.639153
channel-21113,25345,30317396,30317409,13,2025-02-25 09:43:25.090680,2025-02-25 09:43:41.861045,16.770365
channel-42,1490042,30317396,30317404,8,2025-02-25 09:43:25.090680,2025-02-25 09:43:35.205620,10.11494
channel-1,408482,30317397,30317405,8,2025-02-25 09:43:26.210115,2025-02-25 09:43:36.259932,10.049817
channel-874,293292,30317399,30317404,5,2025-02-25 09:43:28.510242,2025-02-25 09:43:35.205620,6.695378
channel-6994,1325059,30317410,30317422,12,2025-02-25 09:43:43.002644,2025-02-25 09:43:58.611355,15.608711
channel-208,1490495,30317411,30317420,9,2025-02-25 09:43:44.149763,2025-02-25 09:43:56.345232,12.195469
channel-108,39858,30317420,30317431,11,2025-02-25 09:43:56.345232,2025-02-25 09:44:13.251393,16.906161
channel-6994,1325060,30317424,30317435,11,2025-02-25 09:44:01.469421,2025-02-25 09:44:17.922813,16.453392
channel-85077,60528,30317424,30317435,11,2025-02-25 09:44:01.469421,2025-02-25 09:44:17.922813,16.453392
channel-1,408483,30317430,30317446,16,2025-02-25 09:44:12.095967,2025-02-25 09:44:31.191159,19.095192
channel-0,4039117,30317432,30317443,11,2025-02-25 09:44:14.428760,2025-02-25 09:44:26.797697,12.368937
channel-75,845112,30317436,30317454,18,2025-02-25 09:44:19.020677,2025-02-25 09:44:42.197418,23.176741
channel-208,1490496,30317437,30317449,12,2025-02-25 09:44:20.039041,2025-02-25 09:44:36.145200,16.106159
channel-0,4039118,30317441,30317453,12,2025-02-25 09:44:24.516976,2025-02-25 09:44:41.094308,16.577332
channel-42,1490043,30317445,30317460,15,2025-02-25 09:44:30.040679,2025-02-25 09:44:50.820676,20.779997
channel-0,4039119,30317451,30317459,8,2025-02-25 09:44:38.748087,2025-02-25 09:44:49.667952,10.919865
channel-6994,1325061,30317451,30317464,13,2025-02-25 09:44:38.748087,2025-02-25 09:44:55.562795,16.814708
channel-75,845113,30317460,30317478,18,2025-02-25 09:44:50.820676,2025-02-25 09:45:12.562743,21.742067
channel-199,132766,30317465,30317475,10,2025-02-25 09:44:56.993537,2025-02-25 09:45:09.208755,12.215218
channel-208,1490497,30317468,30317481,13,2025-02-25 09:45:01.227555,2025-02-25 09:45:16.113443,14.885888
channel-208,1490498,30317476,30317486,10,2025-02-25 09:45:10.325323,2025-02-25 09:45:21.785272,11.459949
channel-6994,1325062,30317477,30317489,12,2025-02-25 09:45:11.474558,2025-02-25 09:45:26.273830,14.799272
channel-0,4039120,30317485,30317505,20,2025-02-25 09:45:20.473097,2025-02-25 09:45:46.950201,26.477104
channel-1,408484,30317490,30317507,17,2025-02-25 09:45:27.363125,2025-02-25 09:45:49.299734,21.936609
channel-6994,1325063,30317491,30317504,13,2025-02-25 09:45:29.041354,2025-02-25 09:45:45.753139,16.711785
channel-0,4039121,30317498,30317509,11,2025-02-25 09:45:37.757982,2025-02-25 09:45:51.495383,13.737401
channel-0,4039122,30317498,30317509,11,2025-02-25 09:45:37.757982,2025-02-25 09:45:51.495383,13.737401
channel-208,1490499,30317498,30317509,11,2025-02-25 09:45:37.757982,2025-02-25 09:45:51.495383,13.737401
channel-208,1490500,30317507,30317518,11,2025-02-25 09:45:49.299734,2025-02-25 09:46:03.083646,13.783912
channel-0,4039123,30317508,30317537,29,2025-02-25 09:45:50.435785,2025-02-25 09:46:29.209116,38.773331
channel-208,1490501,30317520,30317532,12,2025-02-25 09:46:05.929995,2025-02-25 09:46:20.616609,14.686614
channel-1,408485,30317530,30317540,10,2025-02-25 09:46:18.392758,2025-02-25 09:46:32.516279,14.123521
channel-42,1490044,30317531,30317535,4,2025-02-25 09:46:19.461342,2025-02-25 09:46:27.042846,7.581504
channel-0,4039124,30317534,30317558,24,2025-02-25 09:46:22.735480,2025-02-25 09:46:56.277030,33.54155
channel-0,4039125,30317537,30317549,12,2025-02-25 09:46:29.209116,2025-02-25 09:46:42.917217,13.708101
channel-0,4039126,30317541,30317554,13,2025-02-25 09:46:33.622440,2025-02-25 09:46:50.639039,17.016599
channel-19774,346064,30317544,30317555,11,2025-02-25 09:46:37.084405,2025-02-25 09:46:51.763592,14.679187
channel-6994,1325064,30317546,30317558,12,2025-02-25 09:46:39.395408,2025-02-25 09:46:56.277030,16.881622
channel-208,1490502,30317546,30317554,8,2025-02-25 09:46:39.395408,2025-02-25 09:46:50.639039,11.243631
channel-0,4039127,30317556,30317587,31,2025-02-25 09:46:52.969607,2025-02-25 09:47:32.797982,39.828375
channel-38946,124222,30317566,30317578,12,2025-02-25 09:47:07.703486,2025-02-25 09:47:22.286908,14.583422
channel-208,1490503,30317572,30317581,9,2025-02-25 09:47:14.839059,2025-02-25 09:47:25.886810,11.047751
channel-0,4039128,30317576,30317587,11,2025-02-25 09:47:19.394390,2025-02-25 09:47:32.797982,13.403592
channel-326,538143,30317585,30317590,5,2025-02-25 09:47:30.529627,2025-02-25 09:47:36.728722,6.199095
channel-0,4039129,30317593,30317604,11,2025-02-25 09:47:42.224178,2025-02-25 09:47:56.966505,14.742327
channel-208,1490504,30317596,30317607,11,2025-02-25 09:47:47.117533,2025-02-25 09:48:00.486768,13.369235
channel-0,4039130,30317600,30317610,10,2025-02-25 09:47:51.351807,2025-02-25 09:48:03.899022,12.547215
channel-750,683456,30317607,30317613,6,2025-02-25 09:48:00.486768,2025-02-25 09:48:07.559011,7.072243
channel-89298,18697,30317607,30317616,9,2025-02-25 09:48:00.486768,2025-02-25 09:48:10.944066,10.457298
channel-1,408486,30317627,30317642,15,2025-02-25 09:48:24.016066,2025-02-25 09:48:41.135911,17.119845
channel-1,408487,30317630,30317660,30,2025-02-25 09:48:27.546394,2025-02-25 09:49:06.303206,38.756812
channel-320,119214,30317630,30317640,10,2025-02-25 09:48:27.546394,2025-02-25 09:48:38.887087,11.340693
channel-0,4039131,30317633,30317646,13,2025-02-25 09:48:31.033996,2025-02-25 09:48:46.375405,15.341409
channel-208,1490505,30317635,30317646,11,2025-02-25 09:48:33.184593,2025-02-25 09:48:46.375405,13.190812
channel-6994,1325065,30317636,30317653,17,2025-02-25 09:48:34.377585,2025-02-25 09:48:56.833118,22.455533
channel-208,1490506,30317647,30317658,11,2025-02-25 09:48:48.622114,2025-02-25 09:49:04.131843,15.509729
channel-0,4039132,30317648,30317657,9,2025-02-25 09:48:51.155718,2025-02-25 09:49:03.052236,11.896518
channel-6994,1325066,30317656,30317667,11,2025-02-25 09:49:00.912163,2025-02-25 09:49:14.532977,13.620814
channel-6994,1325067,30317663,30317673,10,2025-02-25 09:49:09.981095,2025-02-25 09:49:22.328842,12.347747
channel-19774,346065,30317666,30317676,10,2025-02-25 09:49:13.436504,2025-02-25 09:49:25.845331,12.408827
channel-6994,1325068,30317682,30317693,11,2025-02-25 09:49:32.617755,2025-02-25 09:49:48.298259,15.680504
channel-208,1490507,30317687,30317696,9,2025-02-25 09:49:40.502594,2025-02-25 09:49:51.849478,11.346884
channel-122,668148,30317689,30317704,15,2025-02-25 09:49:42.711671,2025-02-25 09:50:03.567424,20.855753
channel-750,683457,30317689,30317703,14,2025-02-25 09:49:42.711671,2025-02-25 09:50:02.230778,19.519107
channel-0,4039133,30317690,30317703,13,2025-02-25 09:49:44.844817,2025-02-25 09:50:02.230778,17.385961
channel-6994,1325069,30317693,30317702,9,2025-02-25 09:49:48.298259,2025-02-25 09:50:00.862157,12.563898
channel-5,184323,30317701,30317711,10,2025-02-25 09:49:58.691646,2025-02-25 09:50:11.935679,13.244033
channel-750,683458,30317705,30317711,6,2025-02-25 09:50:04.692968,2025-02-25 09:50:11.935679,7.242711
channel-208,1490508,30317705,30317716,11,2025-02-25 09:50:04.692968,2025-02-25 09:50:18.586216,13.893248
channel-0,4039134,30317705,30317717,12,2025-02-25 09:50:04.692968,2025-02-25 09:50:20.705129,16.012161
channel-208,1490509,30317705,30317716,11,2025-02-25 09:50:04.692968,2025-02-25 09:50:18.586216,13.893248
channel-19774,346066,30317716,30317726,10,2025-02-25 09:50:18.586216,2025-02-25 09:50:32.561521,13.975305
channel-208,1490510,30317728,30317737,9,2025-02-25 09:50:34.902278,2025-02-25 09:50:45.179752,10.277474
channel-750,683459,30317729,30317735,6,2025-02-25 09:50:35.990497,2025-02-25 09:50:42.548852,6.558355
channel-1,408488,30317736,30317746,10,2025-02-25 09:50:43.705568,2025-02-25 09:50:59.881371,16.175803
channel-75,845114,30317737,30317744,7,2025-02-25 09:50:45.179752,2025-02-25 09:50:57.628783,12.449031
channel-1,408489,30317739,30317757,18,2025-02-25 09:50:50.726346,2025-02-25 09:51:17.249430,26.523084
channel-0,4039135,30317739,30317750,11,2025-02-25 09:50:50.726346,2025-02-25 09:51:08.358922,17.632576
channel-750,683460,30317741,30317746,5,2025-02-25 09:50:52.967781,2025-02-25 09:50:59.881371,6.91359
channel-6994,1325070,30317744,30317755,11,2025-02-25 09:50:57.628783,2025-02-25 09:51:14.840410,17.211627
channel-874,293293,30317745,30317773,28,2025-02-25 09:50:58.763275,2025-02-25 09:51:40.397213,41.633938
channel-208,1490511,30317745,30317752,7,2025-02-25 09:50:58.763275,2025-02-25 09:51:11.434104,12.670829
channel-199,132767,30317747,30317759,12,2025-02-25 09:51:01.219836,2025-02-25 09:51:19.549526,18.32969
channel-259,314380,30317750,30317757,7,2025-02-25 09:51:08.358922,2025-02-25 09:51:17.249430,8.890508
channel-85077,60529,30317753,30317763,10,2025-02-25 09:51:12.577281,2025-02-25 09:51:24.247675,11.670394
channel-1429,140758,30317756,30317768,12,2025-02-25 09:51:16.061045,2025-02-25 09:51:30.051851,13.990806
channel-750,683461,30317759,30317764,5,2025-02-25 09:51:19.549526,2025-02-25 09:51:25.430404,5.880878
channel-259,314381,30317760,30317766,6,2025-02-25 09:51:20.787948,2025-02-25 09:51:27.767642,6.979694
channel-188,190594,30317761,30317770,9,2025-02-25 09:51:21.844866,2025-02-25 09:51:36.767201,14.922335
channel-85077,60530,30317761,30317769,8,2025-02-25 09:51:21.844866,2025-02-25 09:51:35.561356,13.71649
channel-208,1490512,30317767,30317779,12,2025-02-25 09:51:28.922231,2025-02-25 09:51:48.418367,19.496136
channel-0,4039136,30317769,30317779,10,2025-02-25 09:51:35.561356,2025-02-25 09:51:48.418367,12.857011
channel-0,4039137,30317772,30317793,21,2025-02-25 09:51:39.010343,2025-02-25 09:52:07.534891,28.524548
channel-208,1490513,30317772,30317782,10,2025-02-25 09:51:39.010343,2025-02-25 09:51:52.699623,13.68928
channel-122,668149,30317775,30317779,4,2025-02-25 09:51:43.798678,2025-02-25 09:51:48.418367,4.619689
channel-1429,140759,30317779,30317788,9,2025-02-25 09:51:48.418367,2025-02-25 09:52:00.983695,12.565328
channel-1,408490,30317780,30317795,15,2025-02-25 09:51:50.537836,2025-02-25 09:52:10.986090,20.448254
channel-259,314382,30317780,30317786,6,2025-02-25 09:51:50.537836,2025-02-25 09:51:57.895753,7.357917
channel-6994,1325071,30317787,30317798,11,2025-02-25 09:51:59.670571,2025-02-25 09:52:15.643694,15.973123
channel-208,1490514,30317787,30317795,8,2025-02-25 09:51:59.670571,2025-02-25 09:52:10.986090,11.315519
channel-208,1490515,30317788,30317798,10,2025-02-25 09:52:00.983695,2025-02-25 09:52:15.643694,14.659999
channel-208,1490516,30317791,30317798,7,2025-02-25 09:52:05.227354,2025-02-25 09:52:15.643694,10.41634
channel-6994,1325072,30317794,30317844,50,2025-02-25 09:52:08.716735,2025-02-25 09:53:13.015566,64.298831
channel-6787,166735,30317797,30317802,5,2025-02-25 09:52:14.370227,2025-02-25 09:52:20.477720,6.107493
channel-1,408491,30317797,30317809,12,2025-02-25 09:52:14.370227,2025-02-25 09:52:29.890094,15.519867
channel-208,1490517,30317800,30317812,12,2025-02-25 09:52:18.127842,2025-02-25 09:52:33.545534,15.417692
channel-208,1490518,30317801,30317812,11,2025-02-25 09:52:19.293444,2025-02-25 09:52:33.545534,14.25209
channel-320,119215,30317801,30317844,43,2025-02-25 09:52:19.293444,2025-02-25 09:53:13.015566,53.722122
channel-6787,166736,30317802,30317807,5,2025-02-25 09:52:20.477720,2025-02-25 09:52:26.531054,6.053334
channel-19774,346067,30317805,30317815,10,2025-02-25 09:52:24.132443,2025-02-25 09:52:37.179360,13.046917
channel-0,4039138,30317807,30317821,14,2025-02-25 09:52:26.531054,2025-02-25 09:52:44.479033,17.947979
channel-6787,166737,30317807,30317812,5,2025-02-25 09:52:26.531054,2025-02-25 09:52:33.545534,7.01448
channel-4,167011,30317807,30317820,13,2025-02-25 09:52:26.531054,2025-02-25 09:52:43.342719,16.811665
channel-72,516435,30317809,30317856,47,2025-02-25 09:52:29.890094,2025-02-25 09:53:28.346610,58.456516
channel-0,4039139,30317812,30317841,29,2025-02-25 09:52:33.545534,2025-02-25 09:53:08.432129,34.886595
channel-750,683462,30317818,30317823,5,2025-02-25 09:52:40.632456,2025-02-25 09:52:46.671533,6.039077
channel-4,167012,30317819,30317831,12,2025-02-25 09:52:41.729410,2025-02-25 09:52:55.652441,13.923031
channel-4,167013,30317824,30317836,12,2025-02-25 09:52:47.821975,2025-02-25 09:53:01.995473,14.173498
channel-4,167014,30317834,30317861,27,2025-02-25 09:52:59.447189,2025-02-25 09:53:37.041968,37.594779
channel-259,314383,30317836,30317842,6,2025-02-25 09:53:01.995473,2025-02-25 09:53:09.552897,7.557424
channel-4,167015,30317845,30317856,11,2025-02-25 09:53:15.101529,2025-02-25 09:53:28.346610,13.245081
channel-0,4039140,30317853,30317864,11,2025-02-25 09:53:24.745595,2025-02-25 09:53:40.395823,15.650228
channel-208,1490519,30317860,30317870,10,2025-02-25 09:53:36.026270,2025-02-25 09:53:48.552193,12.525923
channel-4,167016,30317867,30317880,13,2025-02-25 09:53:43.964561,2025-02-25 09:54:00.238273,16.273712
channel-1429,140760,30317885,30317896,11,2025-02-25 09:54:11.423731,2025-02-25 09:54:25.066137,13.642406
channel-108,39859,30317886,30317932,46,2025-02-25 09:54:12.622778,2025-02-25 09:55:11.949573,59.326795
channel-208,1490520,30317888,30317901,13,2025-02-25 09:54:15.888187,2025-02-25 09:54:30.635925,14.747738
channel-642,126530,30317896,30317958,62,2025-02-25 09:54:25.066137,2025-02-25 09:55:52.283652,87.217515
channel-1,408492,30317901,30317909,8,2025-02-25 09:54:30.635925,2025-02-25 09:54:44.018148,13.382223
channel-208,1490521,30317910,30317922,12,2025-02-25 09:54:46.256900,2025-02-25 09:55:00.530084,14.273184
channel-2186,40793,30317916,30317932,16,2025-02-25 09:54:53.017610,2025-02-25 09:55:11.949573,18.931963
channel-874,293294,30317916,30317932,16,2025-02-25 09:54:53.017610,2025-02-25 09:55:11.949573,18.931963
channel-85077,60531,30317917,30317927,10,2025-02-25 09:54:54.718990,2025-02-25 09:55:06.336955,11.617965
channel-208,1490522,30317917,30317927,10,2025-02-25 09:54:54.718990,2025-02-25 09:55:06.336955,11.617965
channel-208,1490523,30317924,30317936,12,2025-02-25 09:55:02.948636,2025-02-25 09:55:16.701694,13.753058
channel-75,845115,30317926,30317935,9,2025-02-25 09:55:05.153074,2025-02-25 09:55:15.418655,10.265581
channel-181,13593,30317932,30317939,7,2025-02-25 09:55:11.949573,2025-02-25 09:55:21.545136,9.595563
channel-4,167017,30317933,30317939,6,2025-02-25 09:55:13.051016,2025-02-25 09:55:21.545136,8.49412
channel-326,538144,30317937,30317957,20,2025-02-25 09:55:19.018178,2025-02-25 09:55:51.216473,32.198295
channel-750,683463,30317939,30317943,4,2025-02-25 09:55:21.545136,2025-02-25 09:55:30.720762,9.175626
channel-750,683464,30317939,30317954,15,2025-02-25 09:55:21.545136,2025-02-25 09:55:47.689547,26.144411
channel-259,314384,30317939,30317944,5,2025-02-25 09:55:21.545136,2025-02-25 09:55:35.139612,13.594476
channel-144,86695,30317941,30317956,15,2025-02-25 09:55:28.298128,2025-02-25 09:55:50.100558,21.80243
channel-89321,19483,30317942,30317948,6,2025-02-25 09:55:29.456092,2025-02-25 09:55:39.662965,10.206873
channel-208,1490524,30317942,30317954,12,2025-02-25 09:55:29.456092,2025-02-25 09:55:47.689547,18.233455
channel-85077,60532,30317943,30317951,8,2025-02-25 09:55:30.720762,2025-02-25 09:55:43.875202,13.15444
channel-0,4039141,30317943,30317952,9,2025-02-25 09:55:30.720762,2025-02-25 09:55:45.355024,14.634262
channel-1,408493,30317943,30317959,16,2025-02-25 09:55:30.720762,2025-02-25 09:55:53.410124,22.689362
channel-6994,1325073,30317945,30317954,9,2025-02-25 09:55:36.206635,2025-02-25 09:55:47.689547,11.482912
channel-0,4039142,30317946,30317957,11,2025-02-25 09:55:37.430302,2025-02-25 09:55:51.216473,13.786171
channel-19774,346068,30317947,30317958,11,2025-02-25 09:55:38.542609,2025-02-25 09:55:52.283652,13.741043
channel-0,4039143,30317948,30317968,20,2025-02-25 09:55:39.662965,2025-02-25 09:56:04.777901,25.114936
channel-0,4039144,30317948,30317968,20,2025-02-25 09:55:39.662965,2025-02-25 09:56:04.777901,25.114936
channel-0,4039145,30317948,30317972,24,2025-02-25 09:55:39.662965,2025-02-25 09:56:10.633247,30.970282
channel-4,167018,30317949,30317959,10,2025-02-25 09:55:40.959773,2025-02-25 09:55:53.410124,12.450351
channel-0,4039146,30317950,30317963,13,2025-02-25 09:55:42.615284,2025-02-25 09:55:57.886776,15.271492
channel-85077,60533,30317966,30317978,12,2025-02-25 09:56:02.417023,2025-02-25 09:56:17.428801,15.011778
channel-6994,1325074,30317966,30317979,13,2025-02-25 09:56:02.417023,2025-02-25 09:56:18.548085,16.131062
channel-4,167019,30317968,30317978,10,2025-02-25 09:56:04.777901,2025-02-25 09:56:17.428801,12.6509
channel-0,4039147,30317968,30317978,10,2025-02-25 09:56:04.777901,2025-02-25 09:56:17.428801,12.6509
channel-42,1490045,30317968,30317989,21,2025-02-25 09:56:04.777901,2025-02-25 09:56:32.242922,27.465021
channel-208,1490525,30317978,30317990,12,2025-02-25 09:56:17.428801,2025-02-25 09:56:33.406086,15.977285
channel-6994,1325075,30317984,30317996,12,2025-02-25 09:56:25.240483,2025-02-25 09:56:42.624185,17.383702
channel-259,314385,30317984,30317989,5,2025-02-25 09:56:25.240483,2025-02-25 09:56:32.242922,7.002439
channel-6994,1325076,30317999,30318011,12,2025-02-25 09:56:46.433607,2025-02-25 09:57:03.972120,17.538513
channel-750,683465,30317999,30318002,3,2025-02-25 09:56:46.433607,2025-02-25 09:56:49.931589,3.497982
channel-91017,2879,30318011,30318022,11,2025-02-25 09:57:03.972120,2025-02-25 09:57:19.309335,15.337215
channel-208,1490526,30318017,30318027,10,2025-02-25 09:57:11.470581,2025-02-25 09:57:25.269990,13.799409
channel-85077,60534,30318018,30318031,13,2025-02-25 09:57:12.678168,2025-02-25 09:57:29.850429,17.172261
channel-750,683466,30318020,30318025,5,2025-02-25 09:57:15.990460,2025-02-25 09:57:23.028404,7.037944
channel-85077,60535,30318026,30318034,8,2025-02-25 09:57:24.209180,2025-02-25 09:57:34.329395,10.120215
channel-1,408494,30318029,30318046,17,2025-02-25 09:57:27.501709,2025-02-25 09:57:51.812256,24.310547
channel-0,4039148,30318030,30318037,7,2025-02-25 09:57:28.685101,2025-02-25 09:57:40.285140,11.600039
channel-85077,60536,30318033,30318066,33,2025-02-25 09:57:32.182161,2025-02-25 09:58:18.018696,45.836535
channel-88,467153,30318033,30318044,11,2025-02-25 09:57:32.182161,2025-02-25 09:57:49.492465,17.310304
channel-85077,60537,30318034,30318042,8,2025-02-25 09:57:34.329395,2025-02-25 09:57:47.296816,12.967421
channel-85077,60538,30318041,30318066,25,2025-02-25 09:57:46.166176,2025-02-25 09:58:18.018696,31.85252
channel-0,4039149,30318042,30318049,7,2025-02-25 09:57:47.296816,2025-02-25 09:57:56.460359,9.163543
channel-19774,346069,30318052,30318066,14,2025-02-25 09:58:00.569316,2025-02-25 09:58:18.018696,17.44938
channel-750,683467,30318054,30318059,5,2025-02-25 09:58:03.043617,2025-02-25 09:58:08.734998,5.691381
channel-0,4039150,30318055,30318064,9,2025-02-25 09:58:04.146281,2025-02-25 09:58:14.557701,10.41142
channel-6994,1325077,30318060,30318075,15,2025-02-25 09:58:09.965607,2025-02-25 09:58:28.389592,18.423985
channel-94814,3778,30318067,30318077,10,2025-02-25 09:58:19.174853,2025-02-25 09:58:30.709285,11.534432
channel-0,4039151,30318074,30318082,8,2025-02-25 09:58:27.116608,2025-02-25 09:58:39.465926,12.349318
channel-199,132768,30318075,30318083,8,2025-02-25 09:58:28.389592,2025-02-25 09:58:41.246692,12.8571
channel-750,683468,30318076,30318079,3,2025-02-25 09:58:29.549653,2025-02-25 09:58:32.999172,3.449519
channel-85077,60539,30318078,30318086,8,2025-02-25 09:58:31.807247,2025-02-25 09:58:46.016498,14.209251
channel-0,4039152,30318079,30318090,11,2025-02-25 09:58:32.999172,2025-02-25 09:58:50.851828,17.852656
channel-0,4039153,30318084,30318095,11,2025-02-25 09:58:43.607647,2025-02-25 09:58:57.526773,13.919126
channel-85077,60540,30318085,30318094,9,2025-02-25 09:58:44.671365,2025-02-25 09:58:56.428909,11.757544
channel-85077,60541,30318091,30318100,9,2025-02-25 09:58:52.970434,2025-02-25 09:59:04.257398,11.286964
channel-259,314386,30318093,30318099,6,2025-02-25 09:58:55.291987,2025-02-25 09:59:03.172322,7.880335
channel-85077,60542,30318094,30318104,10,2025-02-25 09:58:56.428909,2025-02-25 09:59:08.750233,12.321324
channel-0,4039154,30318099,30318107,8,2025-02-25 09:59:03.172322,2025-02-25 09:59:12.379498,9.207176
channel-19774,346070,30318100,30318112,12,2025-02-25 09:59:04.257398,2025-02-25 09:59:18.067954,13.810556
channel-782,310233,30318101,30318107,6,2025-02-25 09:59:05.367349,2025-02-25 09:59:12.379498,7.012149
channel-4,167020,30318103,30318116,13,2025-02-25 09:59:07.643085,2025-02-25 09:59:22.738005,15.09492
channel-750,683469,30318104,30318117,13,2025-02-25 09:59:08.750233,2025-02-25 09:59:23.788615,15.038382
channel-8,43462,30318104,30318135,31,2025-02-25 09:59:08.750233,2025-02-25 09:59:54.563235,45.813002
channel-208,1490527,30318106,30318116,10,2025-02-25 09:59:11.252303,2025-02-25 09:59:22.738005,11.485702
channel-0,4039155,30318121,30318133,12,2025-02-25 09:59:33.204746,2025-02-25 09:59:51.193973,17.989227
channel-750,683470,30318123,30318136,13,2025-02-25 09:59:38.687827,2025-02-25 09:59:55.671668,16.983841
channel-208,1490528,30318123,30318133,10,2025-02-25 09:59:38.687827,2025-02-25 09:59:51.193973,12.506146
channel-208,1490529,30318148,30318161,13,2025-02-25 10:00:10.002762,2025-02-25 10:00:26.139239,16.136477
channel-750,683471,30318153,30318157,4,2025-02-25 10:00:16.139122,2025-02-25 10:00:20.731590,4.592468
channel-0,4039156,30318157,30318162,5,2025-02-25 10:00:20.731590,2025-02-25 10:00:30.508880,9.77729
channel-0,4039157,30318158,30318162,4,2025-02-25 10:00:22.824828,2025-02-25 10:00:30.508880,7.684052
channel-208,1490530,30318158,30318168,10,2025-02-25 10:00:22.824828,2025-02-25 10:00:37.700697,14.875869
channel-91017,2880,30318161,30318171,10,2025-02-25 10:00:26.139239,2025-02-25 10:00:42.609521,16.470282
channel-19774,346071,30318163,30318173,10,2025-02-25 10:00:31.652795,2025-02-25 10:00:45.004983,13.352188
channel-2188,43781,30318163,30318168,5,2025-02-25 10:00:31.652795,2025-02-25 10:00:37.700697,6.047902
channel-19774,346072,30318166,30318178,12,2025-02-25 10:00:35.252142,2025-02-25 10:00:52.248023,16.995881
channel-94814,3779,30318167,30318177,10,2025-02-25 10:00:36.396748,2025-02-25 10:00:49.928825,13.532077
channel-208,1490531,30318169,30318181,12,2025-02-25 10:00:40.362610,2025-02-25 10:00:56.705961,16.343351
channel-85077,60543,30318175,30318181,6,2025-02-25 10:00:47.643609,2025-02-25 10:00:56.705961,9.062352
channel-85077,60544,30318179,30318191,12,2025-02-25 10:00:54.429722,2025-02-25 10:01:08.604711,14.174989
channel-208,1490532,30318194,30318202,8,2025-02-25 10:01:11.917686,2025-02-25 10:01:26.181237,14.263551
channel-259,314387,30318196,30318202,6,2025-02-25 10:01:14.390598,2025-02-25 10:01:26.181237,11.790639
channel-874,293295,30318205,30318227,22,2025-02-25 10:01:29.593665,2025-02-25 10:02:01.436435,31.84277
channel-208,1490533,30318209,30318220,11,2025-02-25 10:01:34.096498,2025-02-25 10:01:48.828321,14.731823
channel-85077,60545,30318210,30318219,9,2025-02-25 10:01:35.449618,2025-02-25 10:01:47.365476,11.915858
channel-89298,18698,30318211,30318221,10,2025-02-25 10:01:36.587191,2025-02-25 10:01:49.881695,13.294504
channel-767,14371,30318214,30318226,12,2025-02-25 10:01:40.084935,2025-02-25 10:01:57.016275,16.93134
channel-0,4039158,30318217,30318231,14,2025-02-25 10:01:44.106837,2025-02-25 10:02:06.369094,22.262257
channel-0,4039159,30318225,30318238,13,2025-02-25 10:01:54.663983,2025-02-25 10:02:15.585283,20.9213
channel-6994,1325078,30318226,30318264,38,2025-02-25 10:01:57.016275,2025-02-25 10:02:51.610286,54.594011
channel-85077,60546,30318226,30318241,15,2025-02-25 10:01:57.016275,2025-02-25 10:02:18.810986,21.794711
channel-750,683472,30318230,30318243,13,2025-02-25 10:02:05.160981,2025-02-25 10:02:22.163457,17.002476
channel-208,1490534,30318232,30318245,13,2025-02-25 10:02:07.490192,2025-02-25 10:02:24.348908,16.858716
channel-85077,60547,30318233,30318247,14,2025-02-25 10:02:08.577275,2025-02-25 10:02:26.713498,18.136223
channel-85077,60548,30318233,30318247,14,2025-02-25 10:02:08.577275,2025-02-25 10:02:26.713498,18.136223
channel-251,85250,30318233,30318242,9,2025-02-25 10:02:08.577275,2025-02-25 10:02:20.007841,11.430566
channel-874,293296,30318236,30318243,7,2025-02-25 10:02:13.005752,2025-02-25 10:02:22.163457,9.157705
channel-0,4039160,30318236,30318256,20,2025-02-25 10:02:13.005752,2025-02-25 10:02:40.897245,27.891493
channel-750,683473,30318241,30318253,12,2025-02-25 10:02:18.810986,2025-02-25 10:02:37.466865,18.655879
channel-781,11379,30318244,30318248,4,2025-02-25 10:02:23.286645,2025-02-25 10:02:28.501278,5.214633
channel-75,845116,30318247,30318266,19,2025-02-25 10:02:26.713498,2025-02-25 10:02:53.963825,27.250327
channel-91017,2881,30318253,30318264,11,2025-02-25 10:02:37.466865,2025-02-25 10:02:51.610286,14.143421
channel-208,1490535,30318257,30318269,12,2025-02-25 10:02:42.036953,2025-02-25 10:02:57.451633,15.41468
channel-6994,1325079,30318262,30318274,12,2025-02-25 10:02:49.305533,2025-02-25 10:03:03.605338,14.299805
channel-4,167021,30318272,30318284,12,2025-02-25 10:03:01.097643,2025-02-25 10:03:17.752589,16.654946
channel-184,137441,30318276,30318285,9,2025-02-25 10:03:07.138976,2025-02-25 10:03:18.975576,11.8366
channel-6787,166738,30318277,30318283,6,2025-02-25 10:03:08.230510,2025-02-25 10:03:16.585938,8.355428
channel-1,408495,30318288,30318299,11,2025-02-25 10:03:22.592820,2025-02-25 10:03:37.126163,14.533343
channel-6994,1325080,30318297,30318310,13,2025-02-25 10:03:34.924683,2025-02-25 10:03:49.206444,14.281761
channel-750,683474,30318298,30318309,11,2025-02-25 10:03:35.981553,2025-02-25 10:03:48.052295,12.070742
channel-208,1490536,30318302,30318314,12,2025-02-25 10:03:40.530914,2025-02-25 10:03:55.653246,15.122332
channel-2188,43782,30318302,30318307,5,2025-02-25 10:03:40.530914,2025-02-25 10:03:45.975715,5.444801
channel-85077,60549,30318306,30318315,9,2025-02-25 10:03:44.935606,2025-02-25 10:03:57.051214,12.115608
channel-750,683475,30318311,30318317,6,2025-02-25 10:03:50.399486,2025-02-25 10:03:59.296728,8.897242
channel-82,18961,30318311,30318322,11,2025-02-25 10:03:50.399486,2025-02-25 10:04:05.002489,14.603003
channel-781,11380,30318312,30318317,5,2025-02-25 10:03:52.561620,2025-02-25 10:03:59.296728,6.735108
channel-750,683476,30318319,30318327,8,2025-02-25 10:04:01.589011,2025-02-25 10:04:11.828154,10.239143
channel-146,20035,30318320,30318344,24,2025-02-25 10:04:02.781972,2025-02-25 10:04:33.946182,31.16421
channel-85077,60550,30318326,30318335,9,2025-02-25 10:04:10.712113,2025-02-25 10:04:21.477844,10.765731
channel-94814,3780,30318332,30318345,13,2025-02-25 10:04:17.721289,2025-02-25 10:04:36.032004,18.310715
channel-85077,60551,30318335,30318343,8,2025-02-25 10:04:21.477844,2025-02-25 10:04:31.865058,10.387214
channel-750,683477,30318339,30318344,5,2025-02-25 10:04:26.116370,2025-02-25 10:04:33.946182,7.829812
channel-0,4039161,30318339,30318345,6,2025-02-25 10:04:26.116370,2025-02-25 10:04:36.032004,9.915634
channel-208,1490537,30318344,30318356,12,2025-02-25 10:04:33.946182,2025-02-25 10:04:52.922028,18.975846
channel-208,1490538,30318345,30318356,11,2025-02-25 10:04:36.032004,2025-02-25 10:04:52.922028,16.890024
channel-750,683478,30318345,30318354,9,2025-02-25 10:04:36.032004,2025-02-25 10:04:50.600059,14.568055
channel-208,1490539,30318346,30318356,10,2025-02-25 10:04:40.953261,2025-02-25 10:04:52.922028,11.968767
channel-75,845117,30318361,30318370,9,2025-02-25 10:05:01.996740,2025-02-25 10:05:12.844529,10.847789
channel-0,4039162,30318367,30318374,7,2025-02-25 10:05:09.361749,2025-02-25 10:05:20.172093,10.810344
channel-216,94265,30318370,30319147,777,2025-02-25 10:05:12.844529,2025-02-25 10:22:40.501929,1047.6574
channel-89298,18699,30318371,30318381,10,2025-02-25 10:05:13.939267,2025-02-25 10:05:28.679552,14.740285
channel-750,683479,30318376,30318382,6,2025-02-25 10:05:22.433793,2025-02-25 10:05:29.763780,7.329987
channel-2188,43783,30318377,30318382,5,2025-02-25 10:05:23.587216,2025-02-25 10:05:29.763780,6.176564
channel-0,4039163,30318379,30318390,11,2025-02-25 10:05:26.327942,2025-02-25 10:05:38.963957,12.636015
channel-326,538145,30318383,30318390,7,2025-02-25 10:05:30.971762,2025-02-25 10:05:38.963957,7.992195
channel-326,538146,30318383,30318390,7,2025-02-25 10:05:30.971762,2025-02-25 10:05:38.963957,7.992195
channel-750,683480,30318386,30318405,19,2025-02-25 10:05:34.453751,2025-02-25 10:05:57.211428,22.757677
channel-750,683481,30318388,30318402,14,2025-02-25 10:05:36.721450,2025-02-25 10:05:53.823370,17.10192
channel-750,683482,30318394,30318399,5,2025-02-25 10:05:44.367757,2025-02-25 10:05:50.487618,6.119861
channel-259,314388,30318396,30318402,6,2025-02-25 10:05:46.946071,2025-02-25 10:05:53.823370,6.877299
channel-874,293297,30318400,30318405,5,2025-02-25 10:05:51.613080,2025-02-25 10:05:57.211428,5.598348
channel-874,293298,30318401,30318406,5,2025-02-25 10:05:52.682400,2025-02-25 10:05:59.326991,6.644591
channel-122,668150,30318402,30318405,3,2025-02-25 10:05:53.823370,2025-02-25 10:05:57.211428,3.388058
channel-874,293299,30318403,30318408,5,2025-02-25 10:05:54.976803,2025-02-25 10:06:01.757815,6.781012
channel-874,293300,30318406,30318414,8,2025-02-25 10:05:59.326991,2025-02-25 10:06:08.931582,9.604591
channel-85077,60552,30318411,30318419,8,2025-02-25 10:06:05.117974,2025-02-25 10:06:18.040010,12.922036
channel-874,293301,30318411,30318416,5,2025-02-25 10:06:05.117974,2025-02-25 10:06:14.669490,9.551516
channel-874,293302,30318414,30318419,5,2025-02-25 10:06:08.931582,2025-02-25 10:06:18.040010,9.108428
channel-208,1490540,30318415,30318425,10,2025-02-25 10:06:10.160826,2025-02-25 10:06:27.400504,17.239678
channel-750,683483,30318416,30318428,12,2025-02-25 10:06:14.669490,2025-02-25 10:06:30.868015,16.198525
channel-874,293303,30318421,30318427,6,2025-02-25 10:06:20.822810,2025-02-25 10:06:29.682290,8.85948
channel-750,683484,30318421,30318427,6,2025-02-25 10:06:20.822810,2025-02-25 10:06:29.682290,8.85948
channel-73,51341,30318422,30318438,16,2025-02-25 10:06:23.137472,2025-02-25 10:06:42.665660,19.528188
channel-6994,1325081,30318427,30318439,12,2025-02-25 10:06:29.682290,2025-02-25 10:06:43.822364,14.140074
channel-1,408496,30318431,30318444,13,2025-02-25 10:06:34.453470,2025-02-25 10:06:51.465732,17.012262
channel-0,4039164,30318433,30318442,9,2025-02-25 10:06:36.652824,2025-02-25 10:06:47.777577,11.124753
channel-6994,1325082,30318434,30318442,8,2025-02-25 10:06:37.808554,2025-02-25 10:06:47.777577,9.969023
channel-750,683485,30318436,30318441,5,2025-02-25 10:06:40.338503,2025-02-25 10:06:46.335224,5.996721
channel-6994,1325083,30318439,30318446,7,2025-02-25 10:06:43.822364,2025-02-25 10:06:53.683447,9.861083
channel-6994,1325084,30318441,30318450,9,2025-02-25 10:06:46.335224,2025-02-25 10:06:59.471258,13.136034
channel-208,1490541,30318442,30318454,12,2025-02-25 10:06:47.777577,2025-02-25 10:07:04.410780,16.633203
channel-750,683486,30318444,30318448,4,2025-02-25 10:06:51.465732,2025-02-25 10:06:56.040876,4.575144
channel-0,4039165,30318445,30318455,10,2025-02-25 10:06:52.564257,2025-02-25 10:07:05.489134,12.924877
channel-199,132769,30318447,30318456,9,2025-02-25 10:06:54.810658,2025-02-25 10:07:10.052777,15.242119
channel-1429,140761,30318455,30318466,11,2025-02-25 10:07:05.489134,2025-02-25 10:07:23.114935,17.625801
channel-0,4039166,30318460,30318470,10,2025-02-25 10:07:14.631558,2025-02-25 10:07:30.780633,16.149075
channel-21113,25346,30318460,30318466,6,2025-02-25 10:07:14.631558,2025-02-25 10:07:23.114935,8.483377
channel-0,4039167,30318462,30318470,8,2025-02-25 10:07:18.392974,2025-02-25 10:07:30.780633,12.387659
channel-85077,60553,30318466,30318474,8,2025-02-25 10:07:23.114935,2025-02-25 10:07:35.455216,12.340281
channel-750,683487,30318467,30318472,5,2025-02-25 10:07:25.298823,2025-02-25 10:07:33.044256,7.745433
channel-6787,166739,30318474,30318481,7,2025-02-25 10:07:35.455216,2025-02-25 10:07:43.927355,8.472139
channel-320,119216,30318476,30318502,26,2025-02-25 10:07:37.734919,2025-02-25 10:08:09.298708,31.563789
channel-6994,1325085,30318482,30318492,10,2025-02-25 10:07:45.160899,2025-02-25 10:07:56.636907,11.476008
channel-6994,1325086,30318484,30318496,12,2025-02-25 10:07:47.367209,2025-02-25 10:08:01.365618,13.998409
channel-85077,60554,30318498,30318509,11,2025-02-25 10:08:04.773720,2025-02-25 10:08:17.505303,12.731583
channel-320,119217,30318499,30318528,29,2025-02-25 10:08:05.931812,2025-02-25 10:08:41.325008,35.393196
channel-1575,15196,30318504,30318514,10,2025-02-25 10:08:11.649399,2025-02-25 10:08:24.173648,12.524249
channel-6994,1325087,30318504,30318513,9,2025-02-25 10:08:11.649399,2025-02-25 10:08:22.597959,10.94856
channel-85077,60555,30318517,30318528,11,2025-02-25 10:08:27.737430,2025-02-25 10:08:41.325008,13.587578
channel-874,293304,30318522,30318529,7,2025-02-25 10:08:34.497427,2025-02-25 10:08:42.409699,7.912272
channel-85077,60556,30318522,30318531,9,2025-02-25 10:08:34.497427,2025-02-25 10:08:45.808269,11.310842
channel-320,119218,30318523,30318550,27,2025-02-25 10:08:35.593682,2025-02-25 10:09:10.115364,34.521682
channel-6994,1325088,30318532,30318540,8,2025-02-25 10:08:47.887919,2025-02-25 10:08:58.150602,10.262683
channel-6994,1325089,30318536,30318544,8,2025-02-25 10:08:53.428325,2025-02-25 10:09:02.866552,9.438227
channel-0,4039168,30318536,30318547,11,2025-02-25 10:08:53.428325,2025-02-25 10:09:06.662752,13.234427
channel-750,683488,30318540,30318549,9,2025-02-25 10:08:58.150602,2025-02-25 10:09:09.021631,10.871029
channel-0,4039169,30318547,30318556,9,2025-02-25 10:09:06.662752,2025-02-25 10:09:18.516312,11.85356
channel-750,683489,30318550,30318561,11,2025-02-25 10:09:10.115364,2025-02-25 10:09:24.660451,14.545087
channel-0,4039170,30318555,30318565,10,2025-02-25 10:09:17.339997,2025-02-25 10:09:30.228570,12.888573
channel-1429,140762,30318561,30318571,10,2025-02-25 10:09:24.660451,2025-02-25 10:09:38.008530,13.348079
channel-199,132770,30318562,30318572,10,2025-02-25 10:09:25.920972,2025-02-25 10:09:39.126391,13.205419
channel-259,314389,30318562,30318567,5,2025-02-25 10:09:25.920972,2025-02-25 10:09:32.463602,6.54263
channel-750,683490,30318563,30318571,8,2025-02-25 10:09:27.005536,2025-02-25 10:09:38.008530,11.002994
channel-0,4039171,30318567,30318574,7,2025-02-25 10:09:32.463602,2025-02-25 10:09:41.343318,8.879716
channel-0,4039172,30318568,30318574,6,2025-02-25 10:09:34.698160,2025-02-25 10:09:41.343318,6.645158
channel-750,683491,30318572,30318576,4,2025-02-25 10:09:39.126391,2025-02-25 10:09:54.389476,15.263085
channel-750,683492,30318574,30318591,17,2025-02-25 10:09:41.343318,2025-02-25 10:10:16.332168,34.98885
channel-199,132771,30318574,30318584,10,2025-02-25 10:09:41.343318,2025-02-25 10:10:08.194414,26.851096
channel-259,314390,30318578,30318582,4,2025-02-25 10:09:57.177798,2025-02-25 10:10:05.288017,8.110219
channel-259,314391,30318579,30318582,3,2025-02-25 10:09:58.339070,2025-02-25 10:10:05.288017,6.948947
channel-326,538147,30318581,30318586,5,2025-02-25 10:10:00.742008,2025-02-25 10:10:10.509554,9.767546
channel-0,4039173,30318583,30318596,13,2025-02-25 10:10:06.703163,2025-02-25 10:10:22.362718,15.659555
channel-6994,1325090,30318585,30318595,10,2025-02-25 10:10:09.442271,2025-02-25 10:10:21.164860,11.722589
channel-85077,60557,30318585,30318611,26,2025-02-25 10:10:09.442271,2025-02-25 10:10:41.508428,32.066157
channel-85077,60558,30318589,30318600,11,2025-02-25 10:10:14.020840,2025-02-25 10:10:28.108147,14.087307
channel-750,683493,30318592,30318653,61,2025-02-25 10:10:17.575907,2025-02-25 10:11:37.082274,79.506367
channel-208,1490542,30318593,30318603,10,2025-02-25 10:10:18.690589,2025-02-25 10:10:31.568871,12.878282
channel-259,314392,30318607,30318612,5,2025-02-25 10:10:36.235175,2025-02-25 10:10:42.585321,6.350146
channel-750,683494,30318608,30318653,45,2025-02-25 10:10:37.405525,2025-02-25 10:11:37.082274,59.676749
channel-6994,1325091,30318614,30318623,9,2025-02-25 10:10:45.111145,2025-02-25 10:10:56.743644,11.632499
channel-94814,3781,30318615,30318632,17,2025-02-25 10:10:46.304585,2025-02-25 10:11:07.489414,21.184829
channel-259,314393,30318615,30318620,5,2025-02-25 10:10:46.304585,2025-02-25 10:10:53.464212,7.159627
channel-341,3393,30318620,30318632,12,2025-02-25 10:10:53.464212,2025-02-25 10:11:07.489414,14.025202
channel-208,1490543,30318623,30318636,13,2025-02-25 10:10:56.743644,2025-02-25 10:11:12.278571,15.534927
channel-0,4039174,30318624,30318633,9,2025-02-25 10:10:57.947923,2025-02-25 10:11:08.833982,10.886059
channel-767,14372,30318625,30318636,11,2025-02-25 10:10:59.093758,2025-02-25 10:11:12.278571,13.184813
channel-750,683495,30318626,30318631,5,2025-02-25 10:11:00.245444,2025-02-25 10:11:06.074345,5.828901
channel-91017,2882,30318628,30318638,10,2025-02-25 10:11:02.447412,2025-02-25 10:11:16.073085,13.625673
channel-0,4039175,30318628,30318635,7,2025-02-25 10:11:02.447412,2025-02-25 10:11:11.126132,8.67872
channel-0,4039176,30318634,30318644,10,2025-02-25 10:11:09.975328,2025-02-25 10:11:24.222054,14.246726
channel-72,516436,30318644,30318691,47,2025-02-25 10:11:24.222054,2025-02-25 10:12:28.301803,64.079749
channel-208,1490544,30318644,30318656,12,2025-02-25 10:11:24.222054,2025-02-25 10:11:40.440635,16.218581
channel-85077,60559,30318644,30318656,12,2025-02-25 10:11:24.222054,2025-02-25 10:11:40.440635,16.218581
channel-208,1490545,30318645,30318656,11,2025-02-25 10:11:25.344061,2025-02-25 10:11:40.440635,15.096574
channel-750,683496,30318645,30318653,8,2025-02-25 10:11:25.344061,2025-02-25 10:11:37.082274,11.738213
channel-750,683497,30318649,30318664,15,2025-02-25 10:11:32.421779,2025-02-25 10:11:51.978120,19.556341
channel-232,49214,30318654,30318663,9,2025-02-25 10:11:38.249260,2025-02-25 10:11:50.663393,12.414133
channel-4,167022,30318655,30318664,9,2025-02-25 10:11:39.347683,2025-02-25 10:11:51.978120,12.630437
channel-38946,124223,30318656,30318666,10,2025-02-25 10:11:40.440635,2025-02-25 10:11:55.205136,14.764501
channel-0,4039177,30318658,30318682,24,2025-02-25 10:11:43.698257,2025-02-25 10:12:14.636214,30.937957
channel-6787,166740,30318658,30318663,5,2025-02-25 10:11:43.698257,2025-02-25 10:11:50.663393,6.965136
channel-1,408497,30318660,30318672,12,2025-02-25 10:11:46.144895,2025-02-25 10:12:02.470939,16.326044
channel-38946,124224,30318664,30318680,16,2025-02-25 10:11:51.978120,2025-02-25 10:12:12.204499,20.226379
channel-0,4039178,30318672,30318682,10,2025-02-25 10:12:02.470939,2025-02-25 10:12:14.636214,12.165275
channel-85077,60560,30318676,30318686,10,2025-02-25 10:12:07.043697,2025-02-25 10:12:19.215083,12.171386
channel-874,293305,30318677,30318684,7,2025-02-25 10:12:08.176122,2025-02-25 10:12:16.946974,8.770852
channel-750,683498,30318677,30318682,5,2025-02-25 10:12:08.176122,2025-02-25 10:12:14.636214,6.460092
channel-2494,31960,30318682,30318690,8,2025-02-25 10:12:14.636214,2025-02-25 10:12:23.801754,9.16554
channel-2494,31961,30318683,30318694,11,2025-02-25 10:12:15.850788,2025-02-25 10:12:31.835011,15.984223
channel-874,293306,30318685,30318690,5,2025-02-25 10:12:18.076497,2025-02-25 10:12:23.801754,5.725257
channel-6994,1325092,30318690,30318728,38,2025-02-25 10:12:23.801754,2025-02-25 10:13:17.284886,53.483132
channel-89321,19484,30318690,30318700,10,2025-02-25 10:12:23.801754,2025-02-25 10:12:39.223573,15.421819
channel-750,683499,30318690,30318694,4,2025-02-25 10:12:23.801754,2025-02-25 10:12:31.835011,8.033257
channel-0,4039179,30318692,30318702,10,2025-02-25 10:12:29.556546,2025-02-25 10:12:42.578080,13.021534
channel-1,408498,30318692,30318703,11,2025-02-25 10:12:29.556546,2025-02-25 10:12:43.735352,14.178806
channel-208,1490546,30318697,30318705,8,2025-02-25 10:12:35.704937,2025-02-25 10:12:46.248152,10.543215
channel-874,293307,30318700,30318718,18,2025-02-25 10:12:39.223573,2025-02-25 10:13:03.605243,24.38167
channel-6994,1325093,30318701,30318712,11,2025-02-25 10:12:41.466635,2025-02-25 10:12:56.108551,14.641916
channel-783,104310,30318703,30318713,10,2025-02-25 10:12:43.735352,2025-02-25 10:12:57.295865,13.560513
channel-115,20417,30318711,30318722,11,2025-02-25 10:12:54.982943,2025-02-25 10:13:10.685904,15.702961
channel-259,314394,30318718,30318723,5,2025-02-25 10:13:03.605243,2025-02-25 10:13:11.801276,8.196033
channel-6994,1325094,30318722,30318732,10,2025-02-25 10:13:10.685904,2025-02-25 10:13:22.091673,11.405769
channel-91017,2883,30318727,30318737,10,2025-02-25 10:13:16.183830,2025-02-25 10:13:28.751835,12.568005
channel-38946,124225,30318729,30318743,14,2025-02-25 10:13:18.363441,2025-02-25 10:13:36.159012,17.795571
channel-750,683500,30318730,30318734,4,2025-02-25 10:13:19.555390,2025-02-25 10:13:25.382467,5.827077
channel-216,94267,30318731,30319086,355,2025-02-25 10:13:20.697684,2025-02-25 10:21:23.174377,482.476693
channel-208,1490547,30318733,30318745,12,2025-02-25 10:13:24.302430,2025-02-25 10:13:39.180790,14.87836
channel-115,20418,30318740,30318749,9,2025-02-25 10:13:32.292654,2025-02-25 10:13:45.004865,12.712211
channel-874,293308,30318742,30318751,9,2025-02-25 10:13:34.582465,2025-02-25 10:13:47.383096,12.800631
channel-750,683501,30318745,30318750,5,2025-02-25 10:13:39.180790,2025-02-25 10:13:46.179855,6.999065
channel-0,4039180,30318745,30318757,12,2025-02-25 10:13:39.180790,2025-02-25 10:13:55.453514,16.272724
channel-0,4039181,30318748,30318757,9,2025-02-25 10:13:43.686176,2025-02-25 10:13:55.453514,11.767338
channel-89321,19485,30318748,30318755,7,2025-02-25 10:13:43.686176,2025-02-25 10:13:51.876326,8.19015
channel-6994,1325095,30318761,30318771,10,2025-02-25 10:14:00.071682,2025-02-25 10:14:12.046369,11.974687
channel-208,1490548,30318763,30318773,10,2025-02-25 10:14:02.533232,2025-02-25 10:14:15.172817,12.639585
channel-208,1490549,30318763,30318773,10,2025-02-25 10:14:02.533232,2025-02-25 10:14:15.172817,12.639585
channel-0,4039182,30318770,30318796,26,2025-02-25 10:14:10.455735,2025-02-25 10:14:47.031304,36.575569
channel-0,4039183,30318771,30318780,9,2025-02-25 10:14:12.046369,2025-02-25 10:14:23.822005,11.775636
channel-320,119219,30318777,30318807,30,2025-02-25 10:14:20.389013,2025-02-25 10:15:06.141798,45.752785
channel-750,683502,30318780,30318785,5,2025-02-25 10:14:23.822005,2025-02-25 10:14:31.040098,7.218093
channel-85077,60561,30318781,30318798,17,2025-02-25 10:14:25.947670,2025-02-25 10:14:50.497423,24.549753
channel-750,683503,30318782,30318786,4,2025-02-25 10:14:27.056882,2025-02-25 10:14:35.474950,8.418068
channel-115,20419,30318783,30318791,8,2025-02-25 10:14:28.325511,2025-02-25 10:14:41.174849,12.849338
channel-91017,2884,30318786,30318797,11,2025-02-25 10:14:35.474950,2025-02-25 10:14:48.278975,12.804025
channel-750,683504,30318788,30318806,18,2025-02-25 10:14:37.775908,2025-02-25 10:15:01.657391,23.881483
channel-6,66639,30318790,30318807,17,2025-02-25 10:14:40.006606,2025-02-25 10:15:06.141798,26.135192
channel-0,4039184,30318793,30318801,8,2025-02-25 10:14:43.460742,2025-02-25 10:14:54.919922,11.45918
channel-89321,19486,30318798,30318806,8,2025-02-25 10:14:50.497423,2025-02-25 10:15:01.657391,11.159968
channel-750,683505,30318798,30318806,8,2025-02-25 10:14:50.497423,2025-02-25 10:15:01.657391,11.159968
channel-4,167023,30318798,30318807,9,2025-02-25 10:14:50.497423,2025-02-25 10:15:06.141798,15.644375
channel-0,4039185,30318800,30318808,8,2025-02-25 10:14:53.772496,2025-02-25 10:15:07.295428,13.522932
channel-750,683506,30318802,30318814,12,2025-02-25 10:14:56.055288,2025-02-25 10:15:17.796669,21.741381
channel-2188,43784,30318806,30318811,5,2025-02-25 10:15:01.657391,2025-02-25 10:15:11.523996,9.866605
channel-38946,124226,30318808,30318823,15,2025-02-25 10:15:07.295428,2025-02-25 10:15:28.144216,20.848788
channel-0,4039186,30318811,30318822,11,2025-02-25 10:15:11.523996,2025-02-25 10:15:27.044231,15.520235
channel-4,167024,30318812,30318829,17,2025-02-25 10:15:13.855817,2025-02-25 10:15:35.075008,21.219191
channel-1,408499,30318813,30318827,14,2025-02-25 10:15:15.142582,2025-02-25 10:15:32.791615,17.649033
channel-783,104311,30318813,30318821,8,2025-02-25 10:15:15.142582,2025-02-25 10:15:25.781710,10.639128
channel-251,85251,30318815,30318828,13,2025-02-25 10:15:18.895896,2025-02-25 10:15:33.954677,15.058781
channel-85077,60562,30318817,30318828,11,2025-02-25 10:15:21.180657,2025-02-25 10:15:33.954677,12.77402
channel-75,845118,30318817,30318827,10,2025-02-25 10:15:21.180657,2025-02-25 10:15:32.791615,11.610958
channel-750,683507,30318822,30318833,11,2025-02-25 10:15:27.044231,2025-02-25 10:15:39.729527,12.685296
channel-75,845119,30318823,30318831,8,2025-02-25 10:15:28.144216,2025-02-25 10:15:37.339510,9.195294
channel-38946,124227,30318827,30318850,23,2025-02-25 10:15:32.791615,2025-02-25 10:16:00.790645,27.99903
channel-208,1490550,30318835,30318844,9,2025-02-25 10:15:42.025831,2025-02-25 10:15:53.754015,11.728184
channel-0,4039187,30318839,30318851,12,2025-02-25 10:15:46.433106,2025-02-25 10:16:01.873276,15.44017
channel-783,104312,30318840,30318848,8,2025-02-25 10:15:47.542863,2025-02-25 10:15:58.207752,10.664889
channel-783,104313,30318840,30318848,8,2025-02-25 10:15:47.542863,2025-02-25 10:15:58.207752,10.664889
channel-750,683508,30318848,30318878,30,2025-02-25 10:15:58.207752,2025-02-25 10:16:39.537538,41.329786
channel-5485,1716,30318848,30318861,13,2025-02-25 10:15:58.207752,2025-02-25 10:16:17.657963,19.450211
channel-874,293309,30318851,30318869,18,2025-02-25 10:16:01.873276,2025-02-25 10:16:28.148865,26.275589
channel-750,683509,30318851,30318863,12,2025-02-25 10:16:01.873276,2025-02-25 10:16:19.962263,18.088987
channel-251,85252,30318851,30318861,10,2025-02-25 10:16:01.873276,2025-02-25 10:16:17.657963,15.784687
channel-19774,346073,30318852,30318858,6,2025-02-25 10:16:03.030175,2025-02-25 10:16:13.688962,10.658787
channel-1,408500,30318853,30318878,25,2025-02-25 10:16:05.211371,2025-02-25 10:16:39.537538,34.326167
channel-2188,43785,30318858,30318863,5,2025-02-25 10:16:13.688962,2025-02-25 10:16:19.962263,6.273301
channel-0,4039188,30318858,30318869,11,2025-02-25 10:16:13.688962,2025-02-25 10:16:28.148865,14.459903
channel-1,408501,30318862,30318873,11,2025-02-25 10:16:18.782041,2025-02-25 10:16:33.546871,14.76483
channel-0,4039189,30318863,30318888,25,2025-02-25 10:16:19.962263,2025-02-25 10:16:52.994084,33.031821
channel-750,683510,30318863,30318868,5,2025-02-25 10:16:19.962263,2025-02-25 10:16:27.073018,7.110755
channel-216,94268,30318863,30319086,223,2025-02-25 10:16:19.962263,2025-02-25 10:21:23.174377,303.212114
channel-208,1490551,30318863,30318875,12,2025-02-25 10:16:19.962263,2025-02-25 10:16:35.964233,16.00197
channel-1,408502,30318863,30318878,15,2025-02-25 10:16:19.962263,2025-02-25 10:16:39.537538,19.575275
channel-874,293310,30318865,30318871,6,2025-02-25 10:16:23.300927,2025-02-25 10:16:30.597713,7.296786
channel-38946,124228,30318869,30318882,13,2025-02-25 10:16:28.148865,2025-02-25 10:16:45.353712,17.204847
channel-326,538148,30318869,30318875,6,2025-02-25 10:16:28.148865,2025-02-25 10:16:35.964233,7.815368
channel-1,408503,30318870,30318882,12,2025-02-25 10:16:29.271411,2025-02-25 10:16:45.353712,16.082301
channel-75,845120,30318875,30318881,6,2025-02-25 10:16:35.964233,2025-02-25 10:16:43.183501,7.219268
channel-782,310234,30318876,30318881,5,2025-02-25 10:16:37.100940,2025-02-25 10:16:43.183501,6.082561
channel-782,310235,30318878,30318883,5,2025-02-25 10:16:39.537538,2025-02-25 10:16:46.794928,7.25739
channel-0,4039190,30318879,30318888,9,2025-02-25 10:16:40.601151,2025-02-25 10:16:52.994084,12.392933
channel-320,119220,30318881,30318892,11,2025-02-25 10:16:43.183501,2025-02-25 10:16:57.761091,14.57759
channel-1,408504,30318887,30318899,12,2025-02-25 10:16:51.522780,2025-02-25 10:17:07.132724,15.609944
channel-38946,124229,30318888,30318905,17,2025-02-25 10:16:52.994084,2025-02-25 10:17:13.969987,20.975903
channel-6787,166741,30318891,30318895,4,2025-02-25 10:16:56.626494,2025-02-25 10:17:02.856719,6.230225
channel-0,4039191,30318892,30318903,11,2025-02-25 10:16:57.761091,2025-02-25 10:17:11.658256,13.897165
channel-75,845121,30318893,30318903,10,2025-02-25 10:16:59.016140,2025-02-25 10:17:11.658256,12.642116
channel-88,467154,30318893,30318909,16,2025-02-25 10:16:59.016140,2025-02-25 10:17:20.179412,21.163272
channel-326,538149,30318897,30318920,23,2025-02-25 10:17:04.967584,2025-02-25 10:17:36.895530,31.927946
channel-208,1490552,30318901,30318909,8,2025-02-25 10:17:09.285206,2025-02-25 10:17:20.179412,10.894206
channel-326,538150,30318901,30318906,5,2025-02-25 10:17:09.285206,2025-02-25 10:17:16.281408,6.996202
channel-38946,124230,30318906,30318920,14,2025-02-25 10:17:16.281408,2025-02-25 10:17:36.895530,20.614122
channel-783,104314,30318909,30318916,7,2025-02-25 10:17:20.179412,2025-02-25 10:17:32.233057,12.053645
channel-783,104315,30318909,30318916,7,2025-02-25 10:17:20.179412,2025-02-25 10:17:32.233057,12.053645
channel-75,845122,30318911,30318915,4,2025-02-25 10:17:23.388462,2025-02-25 10:17:30.993227,7.604765
channel-38946,124231,30318911,30318920,9,2025-02-25 10:17:23.388462,2025-02-25 10:17:36.895530,13.507068
channel-874,293311,30318913,30318919,6,2025-02-25 10:17:25.525584,2025-02-25 10:17:35.669773,10.144189
channel-19774,346074,30318916,30318924,8,2025-02-25 10:17:32.233057,2025-02-25 10:17:45.658367,13.42531
channel-208,1490553,30318917,30318927,10,2025-02-25 10:17:33.379491,2025-02-25 10:17:49.268376,15.888885
channel-0,4039192,30318917,30318924,7,2025-02-25 10:17:33.379491,2025-02-25 10:17:45.658367,12.278876
channel-91017,2885,30318919,30318930,11,2025-02-25 10:17:35.669773,2025-02-25 10:17:53.544443,17.87467
channel-75,845123,30318920,30318926,6,2025-02-25 10:17:36.895530,2025-02-25 10:17:48.162409,11.266879
channel-2188,43786,30318923,30318927,4,2025-02-25 10:17:43.437476,2025-02-25 10:17:49.268376,5.8309
channel-0,4039193,30318923,30318934,11,2025-02-25 10:17:43.437476,2025-02-25 10:17:58.117798,14.680322
channel-38946,124232,30318924,30318943,19,2025-02-25 10:17:45.658367,2025-02-25 10:18:09.155826,23.497459
channel-115,20420,30318928,30318940,12,2025-02-25 10:17:50.439422,2025-02-25 10:18:05.661657,15.222235
channel-320,119221,30318936,30318949,13,2025-02-25 10:18:00.371770,2025-02-25 10:18:16.112334,15.740564
channel-750,683511,30318937,30318964,27,2025-02-25 10:18:01.519557,2025-02-25 10:18:36.479278,34.959721
channel-783,104316,30318938,30318946,8,2025-02-25 10:18:02.938984,2025-02-25 10:18:12.686468,9.747484
channel-783,104317,30318938,30318946,8,2025-02-25 10:18:02.938984,2025-02-25 10:18:12.686468,9.747484
channel-75,845124,30318941,30318949,8,2025-02-25 10:18:06.822080,2025-02-25 10:18:16.112334,9.290254
channel-750,683512,30318941,30318949,8,2025-02-25 10:18:06.822080,2025-02-25 10:18:16.112334,9.290254
channel-85077,60563,30318946,30318957,11,2025-02-25 10:18:12.686468,2025-02-25 10:18:27.563219,14.876751
channel-38946,124233,30318946,30318956,10,2025-02-25 10:18:12.686468,2025-02-25 10:18:26.451225,13.764757
channel-750,683513,30318946,30318964,18,2025-02-25 10:18:12.686468,2025-02-25 10:18:36.479278,23.79281
channel-85077,60564,30318949,30318970,21,2025-02-25 10:18:16.112334,2025-02-25 10:18:46.279080,30.166746
channel-783,104318,30318952,30318964,12,2025-02-25 10:18:20.820426,2025-02-25 10:18:36.479278,15.658852
channel-4,167025,30318952,30318960,8,2025-02-25 10:18:20.820426,2025-02-25 10:18:31.027518,10.207092
channel-0,4039194,30318956,30318965,9,2025-02-25 10:18:26.451225,2025-02-25 10:18:37.555972,11.104747
channel-143,128409,30318958,30318975,17,2025-02-25 10:18:28.668352,2025-02-25 10:18:52.853563,24.185211
channel-0,4039195,30318958,30319070,112,2025-02-25 10:18:28.668352,2025-02-25 10:21:00.464608,151.796256
channel-89321,19487,30318968,30319005,37,2025-02-25 10:18:42.755117,2025-02-25 10:19:34.783301,52.028184
channel-85077,60565,30318970,30318989,19,2025-02-25 10:18:46.279080,2025-02-25 10:19:10.639085,24.360005
channel-75,845125,30318978,30318983,5,2025-02-25 10:18:56.259523,2025-02-25 10:19:01.903591,5.644068
channel-75,845126,30318983,30318991,8,2025-02-25 10:19:01.903591,2025-02-25 10:19:13.032924,11.129333
channel-91017,2886,30318984,30318994,10,2025-02-25 10:19:04.663826,2025-02-25 10:19:17.411166,12.74734
channel-326,538151,30318996,30319020,24,2025-02-25 10:19:19.805255,2025-02-25 10:19:52.667989,32.862734
channel-85077,60566,30318996,30319005,9,2025-02-25 10:19:19.805255,2025-02-25 10:19:34.783301,14.978046
channel-38946,124234,30318998,30319012,14,2025-02-25 10:19:25.334987,2025-02-25 10:19:43.506635,18.171648
channel-320,119222,30319003,30319011,8,2025-02-25 10:19:32.267143,2025-02-25 10:19:42.402898,10.135755
channel-642,126531,30319004,30319019,15,2025-02-25 10:19:33.502553,2025-02-25 10:19:51.415828,17.913275
channel-783,104319,30319005,30319013,8,2025-02-25 10:19:34.783301,2025-02-25 10:19:44.722576,9.939275
channel-85077,60567,30319012,30319022,10,2025-02-25 10:19:43.506635,2025-02-25 10:19:54.859375,11.35274
channel-38946,124235,30319014,30319031,17,2025-02-25 10:19:45.891920,2025-02-25 10:20:06.347498,20.455578
channel-75,845127,30319014,30319023,9,2025-02-25 10:19:45.891920,2025-02-25 10:19:55.853098,9.961178
channel-783,104320,30319017,30319026,9,2025-02-25 10:19:49.130685,2025-02-25 10:19:59.437584,10.306899
channel-326,538152,30319026,30319031,5,2025-02-25 10:19:59.437584,2025-02-25 10:20:06.347498,6.909914
channel-750,683514,30319028,30319035,7,2025-02-25 10:20:01.664042,2025-02-25 10:20:14.146867,12.482825
channel-6994,1325096,30319030,30319038,8,2025-02-25 10:20:04.971243,2025-02-25 10:20:17.699504,12.728261
channel-326,538153,30319031,30319037,6,2025-02-25 10:20:06.347498,2025-02-25 10:20:16.590998,10.2435
channel-750,683515,30319034,30319039,5,2025-02-25 10:20:12.985426,2025-02-25 10:20:19.397441,6.412015
channel-0,4039196,30319038,30319049,11,2025-02-25 10:20:17.699504,2025-02-25 10:20:32.202913,14.503409
channel-0,4039197,30319040,30319052,12,2025-02-25 10:20:20.583396,2025-02-25 10:20:35.926097,15.342701
channel-75,845128,30319049,30319056,7,2025-02-25 10:20:32.202913,2025-02-25 10:20:40.668247,8.465334
channel-199,132772,30319051,30319060,9,2025-02-25 10:20:34.503479,2025-02-25 10:20:46.340022,11.836543
channel-320,119223,30319053,30319071,18,2025-02-25 10:20:36.992983,2025-02-25 10:21:01.661472,24.668489
channel-75,845129,30319058,30319066,8,2025-02-25 10:20:44.129021,2025-02-25 10:20:53.269047,9.140026
channel-259,314395,30319064,30319068,4,2025-02-25 10:20:51.074444,2025-02-25 10:20:56.639656,5.565212
channel-0,4039198,30319072,30319098,26,2025-02-25 10:21:02.733967,2025-02-25 10:21:39.532008,36.798041
channel-0,4039199,30319073,30319094,21,2025-02-25 10:21:04.312223,2025-02-25 10:21:33.628096,29.315873
channel-750,683516,30319073,30319088,15,2025-02-25 10:21:04.312223,2025-02-25 10:21:25.540670,21.228447
channel-6994,1325097,30319080,30319088,8,2025-02-25 10:21:15.588186,2025-02-25 10:21:25.540670,9.952484
channel-326,538154,30319080,30319085,5,2025-02-25 10:21:15.588186,2025-02-25 10:21:21.984097,6.395911
channel-6994,1325098,30319083,30319114,31,2025-02-25 10:21:19.750752,2025-02-25 10:22:00.966035,41.215283
channel-75,845130,30319083,30319089,6,2025-02-25 10:21:19.750752,2025-02-25 10:21:26.809298,7.058546
channel-91017,2887,30319086,30319097,11,2025-02-25 10:21:23.174377,2025-02-25 10:21:38.266935,15.092558
channel-783,104321,30319089,30319096,7,2025-02-25 10:21:26.809298,2025-02-25 10:21:37.012587,10.203289
channel-874,293312,30319094,30319099,5,2025-02-25 10:21:33.628096,2025-02-25 10:21:41.836167,8.208071
channel-208,1490554,30319096,30319103,7,2025-02-25 10:21:37.012587,2025-02-25 10:21:47.542742,10.530155
channel-85077,60568,30319096,30319105,9,2025-02-25 10:21:37.012587,2025-02-25 10:21:50.020576,13.007989
channel-85077,60569,30319098,30319105,7,2025-02-25 10:21:39.532008,2025-02-25 10:21:50.020576,10.488568
channel-75,845131,30319102,30319109,7,2025-02-25 10:21:46.360845,2025-02-25 10:21:54.946407,8.585562
channel-208,1490555,30319103,30319113,10,2025-02-25 10:21:47.542742,2025-02-25 10:21:59.684400,12.141658
channel-208,1490556,30319104,30319117,13,2025-02-25 10:21:48.665691,2025-02-25 10:22:05.707622,17.041931
channel-874,293313,30319108,30319124,16,2025-02-25 10:21:53.880447,2025-02-25 10:22:13.648556,19.768109
channel-208,1490557,30319108,30319117,9,2025-02-25 10:21:53.880447,2025-02-25 10:22:05.707622,11.827175
channel-750,683517,30319109,30319138,29,2025-02-25 10:21:54.946407,2025-02-25 10:22:30.362084,35.415677
channel-1424,7347,30319109,30319120,11,2025-02-25 10:21:54.946407,2025-02-25 10:22:09.032102,14.085695
channel-320,119224,30319112,30319137,25,2025-02-25 10:21:58.459218,2025-02-25 10:22:28.758222,30.299004
channel-0,4039200,30319113,30319124,11,2025-02-25 10:21:59.684400,2025-02-25 10:22:13.648556,13.964156
channel-2188,43787,30319118,30319124,6,2025-02-25 10:22:06.843058,2025-02-25 10:22:13.648556,6.805498
channel-85077,60570,30319122,30319132,10,2025-02-25 10:22:11.422664,2025-02-25 10:22:23.059128,11.636464
channel-122,668151,30319122,30319149,27,2025-02-25 10:22:11.422664,2025-02-25 10:22:43.949178,32.526514
channel-320,119225,30319124,30319137,13,2025-02-25 10:22:13.648556,2025-02-25 10:22:28.758222,15.109666
channel-85077,60571,30319125,30319134,9,2025-02-25 10:22:15.164446,2025-02-25 10:22:25.249418,10.084972
channel-1,408505,30319127,30319139,12,2025-02-25 10:22:17.432019,2025-02-25 10:22:31.486014,14.053995
channel-1,408506,30319127,30319139,12,2025-02-25 10:22:17.432019,2025-02-25 10:22:31.486014,14.053995
channel-208,1490558,30319127,30319137,10,2025-02-25 10:22:17.432019,2025-02-25 10:22:28.758222,11.326203
channel-184,137442,30319134,30319144,10,2025-02-25 10:22:25.249418,2025-02-25 10:22:37.170565,11.921147
channel-0,4039201,30319135,30319145,10,2025-02-25 10:22:26.368323,2025-02-25 10:22:38.210043,11.84172
channel-208,1490559,30319136,30319147,11,2025-02-25 10:22:27.520284,2025-02-25 10:22:40.501929,12.981645
channel-0,4039202,30319138,30319149,11,2025-02-25 10:22:30.362084,2025-02-25 10:22:43.949178,13.587094
channel-0,4039203,30319138,30319149,11,2025-02-25 10:22:30.362084,2025-02-25 10:22:43.949178,13.587094
channel-6994,1325099,30319140,30319173,33,2025-02-25 10:22:32.679148,2025-02-25 10:23:23.104434,50.425286
channel-75,845132,30319141,30319148,7,2025-02-25 10:22:33.809474,2025-02-25 10:22:42.839986,9.030512
channel-2,130659,30319143,30319155,12,2025-02-25 10:22:35.995398,2025-02-25 10:22:55.530161,19.534763
channel-208,1490560,30319146,30319155,9,2025-02-25 10:22:39.379352,2025-02-25 10:22:55.530161,16.150809
channel-0,4039204,30319147,30319166,19,2025-02-25 10:22:40.501929,2025-02-25 10:23:14.541976,34.040047
channel-91017,2888,30319147,30319155,8,2025-02-25 10:22:40.501929,2025-02-25 10:22:55.530161,15.028232
channel-208,1490561,30319148,30319156,8,2025-02-25 10:22:42.839986,2025-02-25 10:22:57.730135,14.890149
channel-340,3188,30319151,30319161,10,2025-02-25 10:22:46.379092,2025-02-25 10:23:03.504117,17.125025
channel-750,683518,30319152,30319155,3,2025-02-25 10:22:48.991784,2025-02-25 10:22:55.530161,6.538377
channel-874,293314,30319157,30319163,6,2025-02-25 10:22:58.793630,2025-02-25 10:23:06.863844,8.070214
channel-75016,4663,30319158,30319188,30,2025-02-25 10:22:59.945281,2025-02-25 10:23:41.884803,41.939522
channel-0,4039205,30319159,30319166,7,2025-02-25 10:23:01.014124,2025-02-25 10:23:14.541976,13.527852
channel-143,128410,30319161,30319185,24,2025-02-25 10:23:03.504117,2025-02-25 10:23:38.170907,34.66679
channel-85077,60572,30319164,30319175,11,2025-02-25 10:23:08.143226,2025-02-25 10:23:25.204379,17.061153
channel-85077,60573,30319164,30319175,11,2025-02-25 10:23:08.143226,2025-02-25 10:23:25.204379,17.061153
channel-0,4039206,30319171,30319191,20,2025-02-25 10:23:20.381558,2025-02-25 10:23:45.597687,25.216129
channel-782,310236,30319171,30319177,6,2025-02-25 10:23:20.381558,2025-02-25 10:23:27.854583,7.473025
channel-208,1490562,30319172,30319181,9,2025-02-25 10:23:22.016817,2025-02-25 10:23:33.544190,11.527373
channel-208,1490563,30319177,30319190,13,2025-02-25 10:23:27.854583,2025-02-25 10:23:44.362614,16.508031
channel-91017,2889,30319180,30319192,12,2025-02-25 10:23:32.296127,2025-02-25 10:23:46.726034,14.429907
channel-1424,7348,30319181,30319191,10,2025-02-25 10:23:33.544190,2025-02-25 10:23:45.597687,12.053497
channel-85077,60574,30319193,30319200,7,2025-02-25 10:23:47.851163,2025-02-25 10:24:00.018564,12.167401
channel-320,119226,30319197,30319214,17,2025-02-25 10:23:53.381360,2025-02-25 10:24:17.597500,24.21614
channel-1424,7349,30319198,30319207,9,2025-02-25 10:23:57.788868,2025-02-25 10:24:09.651305,11.862437
channel-122,668152,30319206,30319233,27,2025-02-25 10:24:07.460643,2025-02-25 10:24:42.160541,34.699898
channel-38946,124236,30319208,30319226,18,2025-02-25 10:24:10.862400,2025-02-25 10:24:33.598119,22.735719
channel-89298,18700,30319209,30319219,10,2025-02-25 10:24:12.013080,2025-02-25 10:24:23.878774,11.865694
channel-208,1490564,30319210,30319219,9,2025-02-25 10:24:13.118291,2025-02-25 10:24:23.878774,10.760483
channel-4,167026,30319213,30319229,16,2025-02-25 10:24:16.495928,2025-02-25 10:24:36.944021,20.448093
channel-6994,1325100,30319215,30319224,9,2025-02-25 10:24:18.981201,2025-02-25 10:24:30.981594,12.000393
channel-122,668153,30319215,30319249,34,2025-02-25 10:24:18.981201,2025-02-25 10:25:01.985040,43.003839
channel-208,1490565,30319216,30319228,12,2025-02-25 10:24:20.236833,2025-02-25 10:24:35.782945,15.546112
channel-320,119227,30319237,30319249,12,2025-02-25 10:24:47.041182,2025-02-25 10:25:01.985040,14.943858
channel-6994,1325101,30319237,30319245,8,2025-02-25 10:24:47.041182,2025-02-25 10:24:56.077401,9.036219
channel-208,1490566,30319243,30319254,11,2025-02-25 10:24:53.777932,2025-02-25 10:25:09.580312,15.80238
channel-85077,60575,30319244,30319254,10,2025-02-25 10:24:54.894228,2025-02-25 10:25:09.580312,14.686084
channel-88,467155,30319244,30319361,117,2025-02-25 10:24:54.894228,2025-02-25 10:27:32.127290,157.233062
channel-0,4039207,30319246,30319254,8,2025-02-25 10:24:57.285480,2025-02-25 10:25:09.580312,12.294832
channel-320,119228,30319248,30319267,19,2025-02-25 10:25:00.804790,2025-02-25 10:25:30.759293,29.954503
channel-208,1490567,30319249,30319256,7,2025-02-25 10:25:01.985040,2025-02-25 10:25:15.108291,13.123251
channel-874,293315,30319251,30319255,4,2025-02-25 10:25:05.928903,2025-02-25 10:25:10.720859,4.791956
channel-85077,60576,30319255,30319265,10,2025-02-25 10:25:10.720859,2025-02-25 10:25:25.320147,14.599288
channel-0,4039208,30319255,30319265,10,2025-02-25 10:25:10.720859,2025-02-25 10:25:25.320147,14.599288
channel-208,1490568,30319258,30319268,10,2025-02-25 10:25:17.282684,2025-02-25 10:25:32.965778,15.683094
channel-208,1490569,30319263,30319273,10,2025-02-25 10:25:22.968218,2025-02-25 10:25:39.323260,16.355042
channel-1,408507,30319265,30319282,17,2025-02-25 10:25:25.320147,2025-02-25 10:25:50.596866,25.276719
channel-326,538155,30319279,30319286,7,2025-02-25 10:25:46.225015,2025-02-25 10:25:55.294545,9.06953
channel-208,1490570,30319279,30319287,8,2025-02-25 10:25:46.225015,2025-02-25 10:25:57.458600,11.233585
channel-85077,60577,30319279,30319289,10,2025-02-25 10:25:46.225015,2025-02-25 10:25:59.737231,13.512216
channel-320,119229,30319282,30319293,11,2025-02-25 10:25:50.596866,2025-02-25 10:26:05.927257,15.330391
channel-208,1490571,30319283,30319292,9,2025-02-25 10:25:51.856419,2025-02-25 10:26:03.347510,11.491091
channel-1424,7350,30319286,30319296,10,2025-02-25 10:25:55.294545,2025-02-25 10:26:09.358670,14.064125
channel-750,683519,30319286,30319291,5,2025-02-25 10:25:55.294545,2025-02-25 10:26:02.067538,6.772993
channel-208,1490572,30319286,30319296,10,2025-02-25 10:25:55.294545,2025-02-25 10:26:09.358670,14.064125
channel-750,683520,30319289,30319293,4,2025-02-25 10:25:59.737231,2025-02-25 10:26:05.927257,6.190026
channel-750,683521,30319290,30319294,4,2025-02-25 10:26:00.861623,2025-02-25 10:26:07.115338,6.253715
channel-38946,124237,30319293,30319318,25,2025-02-25 10:26:05.927257,2025-02-25 10:26:36.797241,30.869984
channel-1424,7351,30319294,30319305,11,2025-02-25 10:26:07.115338,2025-02-25 10:26:20.668922,13.553584
channel-208,1490573,30319294,30319305,11,2025-02-25 10:26:07.115338,2025-02-25 10:26:20.668922,13.553584
channel-208,1490574,30319298,30319310,12,2025-02-25 10:26:11.563321,2025-02-25 10:26:26.281640,14.718319
channel-85077,60578,30319300,30319306,6,2025-02-25 10:26:13.842366,2025-02-25 10:26:21.845620,8.003254
channel-208,1490575,30319303,30319315,12,2025-02-25 10:26:18.424071,2025-02-25 10:26:33.278930,14.854859
channel-750,683522,30319311,30319316,5,2025-02-25 10:26:28.406303,2025-02-25 10:26:34.543221,6.136918
channel-874,293316,30319312,30319318,6,2025-02-25 10:26:29.647733,2025-02-25 10:26:36.797241,7.149508
channel-38946,124238,30319312,30319332,20,2025-02-25 10:26:29.647733,2025-02-25 10:26:54.841506,25.193773
channel-0,4039209,30319322,30319332,10,2025-02-25 10:26:41.450760,2025-02-25 10:26:54.841506,13.390746
channel-326,538156,30319324,30319330,6,2025-02-25 10:26:43.921027,2025-02-25 10:26:52.406066,8.485039
channel-0,4039210,30319328,30319335,7,2025-02-25 10:26:50.026741,2025-02-25 10:26:58.837181,8.81044
channel-874,293317,30319329,30319334,5,2025-02-25 10:26:51.244131,2025-02-25 10:26:57.073906,5.829775
channel-783,104322,30319331,30319338,7,2025-02-25 10:26:53.515020,2025-02-25 10:27:03.594367,10.079347
channel-38946,124239,30319332,30319347,15,2025-02-25 10:26:54.841506,2025-02-25 10:27:16.106436,21.26493
channel-85077,60579,30319334,30319342,8,2025-02-25 10:26:57.073906,2025-02-25 10:27:09.613217,12.539311
channel-85077,60580,30319336,30319345,9,2025-02-25 10:27:00.102315,2025-02-25 10:27:13.949813,13.847498
channel-122,668154,30319339,30319379,40,2025-02-25 10:27:06.057299,2025-02-25 10:27:54.292536,48.235237
channel-783,104323,30319341,30319348,7,2025-02-25 10:27:08.326746,2025-02-25 10:27:17.181393,8.854647
channel-0,4039211,30319343,30319368,25,2025-02-25 10:27:10.647838,2025-02-25 10:27:40.712352,30.064514
channel-750,683523,30319345,30319350,5,2025-02-25 10:27:13.949813,2025-02-25 10:27:19.767902,5.818089
channel-874,293318,30319347,30319352,5,2025-02-25 10:27:16.106436,2025-02-25 10:27:21.926171,5.819735
channel-91017,2890,30319351,30319364,13,2025-02-25 10:27:20.868747,2025-02-25 10:27:35.546211,14.677464
channel-85077,60581,30319352,30319363,11,2025-02-25 10:27:21.926171,2025-02-25 10:27:34.399569,12.473398
channel-320,119230,30319358,30319369,11,2025-02-25 10:27:28.773250,2025-02-25 10:27:42.065002,13.291752
channel-5,184324,30319358,30319367,9,2025-02-25 10:27:28.773250,2025-02-25 10:27:39.026859,10.253609
channel-208,1490576,30319369,30319378,9,2025-02-25 10:27:42.065002,2025-02-25 10:27:53.141548,11.076546
channel-208,1490577,30319371,30319383,12,2025-02-25 10:27:44.401129,2025-02-25 10:28:00.073624,15.672495
channel-874,293319,30319371,30319379,8,2025-02-25 10:27:44.401129,2025-02-25 10:27:54.292536,9.891407
channel-21113,25347,30319374,30319381,7,2025-02-25 10:27:48.554851,2025-02-25 10:27:56.723944,8.169093
channel-6994,1325102,30319375,30319386,11,2025-02-25 10:27:49.670452,2025-02-25 10:28:07.004010,17.333558
channel-0,4039212,30319375,30319383,8,2025-02-25 10:27:49.670452,2025-02-25 10:28:00.073624,10.403172
channel-85077,60582,30319382,30319390,8,2025-02-25 10:27:57.831063,2025-02-25 10:28:11.642425,13.811362
channel-0,4039213,30319383,30319396,13,2025-02-25 10:28:00.073624,2025-02-25 10:28:20.539795,20.466171
channel-4,167027,30319387,30319399,12,2025-02-25 10:28:08.045535,2025-02-25 10:28:23.982624,15.937089
channel-750,683524,30319390,30319393,3,2025-02-25 10:28:11.642425,2025-02-25 10:28:16.320635,4.67821
channel-750,683525,30319390,30319400,10,2025-02-25 10:28:11.642425,2025-02-25 10:28:29.037893,17.395468
channel-1411,1990,30319399,30319407,8,2025-02-25 10:28:23.982624,2025-02-25 10:28:40.876397,16.893773
channel-208,1490578,30319402,30319411,9,2025-02-25 10:28:31.705085,2025-02-25 10:28:46.444283,14.739198
channel-750,683526,30319403,30319407,4,2025-02-25 10:28:33.074670,2025-02-25 10:28:40.876397,7.801727
channel-4,167028,30319404,30319415,11,2025-02-25 10:28:34.146906,2025-02-25 10:28:51.055552,16.908646
channel-0,4039214,30319405,30319415,10,2025-02-25 10:28:35.288196,2025-02-25 10:28:51.055552,15.767356
channel-874,293320,30319409,30319416,7,2025-02-25 10:28:44.114070,2025-02-25 10:28:52.150688,8.036618
channel-85077,60583,30319416,30319422,6,2025-02-25 10:28:52.150688,2025-02-25 10:29:01.598767,9.448079
channel-199,132773,30319417,30319425,8,2025-02-25 10:28:54.876137,2025-02-25 10:29:06.409674,11.533537
channel-320,119231,30319425,30319452,27,2025-02-25 10:29:06.409674,2025-02-25 10:29:40.874289,34.464615
channel-208,1490579,30319429,30319437,8,2025-02-25 10:29:11.049710,2025-02-25 10:29:21.434637,10.384927
channel-85077,60584,30319434,30319456,22,2025-02-25 10:29:17.609362,2025-02-25 10:29:45.616435,28.007073
channel-750,683527,30319435,30319449,14,2025-02-25 10:29:19.173429,2025-02-25 10:29:36.395106,17.221677
channel-782,310237,30319437,30319444,7,2025-02-25 10:29:21.434637,2025-02-25 10:29:30.446530,9.011893
channel-6994,1325103,30319444,30319457,13,2025-02-25 10:29:30.446530,2025-02-25 10:29:46.962441,16.515911
channel-0,4039215,30319444,30319454,10,2025-02-25 10:29:30.446530,2025-02-25 10:29:43.218193,12.771663
channel-85077,60585,30319448,30319456,8,2025-02-25 10:29:34.904073,2025-02-25 10:29:45.616435,10.712362
channel-874,293321,30319448,30319454,6,2025-02-25 10:29:34.904073,2025-02-25 10:29:43.218193,8.31412
channel-4,167029,30319449,30319459,10,2025-02-25 10:29:36.395106,2025-02-25 10:29:49.469951,13.074845
channel-750,683528,30319450,30319455,5,2025-02-25 10:29:38.559645,2025-02-25 10:29:44.492357,5.932712
channel-6994,1325104,30319450,30319460,10,2025-02-25 10:29:38.559645,2025-02-25 10:29:50.672956,12.113311
channel-320,119232,30319451,30319486,35,2025-02-25 10:29:39.725757,2025-02-25 10:30:27.576178,47.850421
channel-38946,124240,30319456,30319467,11,2025-02-25 10:29:45.616435,2025-02-25 10:29:59.473690,13.857255
channel-6994,1325105,30319459,30319471,12,2025-02-25 10:29:49.469951,2025-02-25 10:30:05.866868,16.396917
channel-79703,4454,30319459,30319471,12,2025-02-25 10:29:49.469951,2025-02-25 10:30:05.866868,16.396917
channel-208,1490580,30319462,30319471,9,2025-02-25 10:29:53.121014,2025-02-25 10:30:05.866868,12.745854
channel-208,1490581,30319471,30319482,11,2025-02-25 10:30:05.866868,2025-02-25 10:30:21.085034,15.218166
channel-320,119233,30319477,30319532,55,2025-02-25 10:30:14.671442,2025-02-25 10:31:33.344244,78.672802
channel-750,683529,30319477,30319488,11,2025-02-25 10:30:14.671442,2025-02-25 10:30:30.033233,15.361791
channel-208,1490582,30319477,30319485,8,2025-02-25 10:30:14.671442,2025-02-25 10:30:25.205479,10.534037
channel-85077,60586,30319479,30319487,8,2025-02-25 10:30:17.162270,2025-02-25 10:30:28.827303,11.665033
channel-143,128411,30319479,30319492,13,2025-02-25 10:30:17.162270,2025-02-25 10:30:35.084274,17.922004
channel-750,683530,30319479,30319485,6,2025-02-25 10:30:17.162270,2025-02-25 10:30:25.205479,8.043209
channel-750,683531,30319482,30319497,15,2025-02-25 10:30:21.085034,2025-02-25 10:30:44.128862,23.043828
channel-750,683532,30319483,30319493,10,2025-02-25 10:30:22.398772,2025-02-25 10:30:36.208306,13.809534
channel-143,128412,30319483,30319520,37,2025-02-25 10:30:22.398772,2025-02-25 10:31:17.011684,54.612912
channel-0,4039216,30319486,30319497,11,2025-02-25 10:30:27.576178,2025-02-25 10:30:44.128862,16.552684
channel-216,94269,30319488,30319502,14,2025-02-25 10:30:30.033233,2025-02-25 10:30:55.575318,25.542085
channel-73,51342,30319489,30319502,13,2025-02-25 10:30:31.307186,2025-02-25 10:30:55.575318,24.268132
channel-750,683533,30319489,30319498,9,2025-02-25 10:30:31.307186,2025-02-25 10:30:46.278300,14.971114
channel-874,293322,30319492,30319497,5,2025-02-25 10:30:35.084274,2025-02-25 10:30:44.128862,9.044588
channel-0,4039217,30319494,30319503,9,2025-02-25 10:30:37.356363,2025-02-25 10:30:56.929262,19.572899
channel-1429,140763,30319498,30319506,8,2025-02-25 10:30:46.278300,2025-02-25 10:31:00.643679,14.365379
channel-1,408508,30319503,30319528,25,2025-02-25 10:30:56.929262,2025-02-25 10:31:27.829052,30.89979
channel-750,683534,30319505,30319516,11,2025-02-25 10:30:59.460496,2025-02-25 10:31:12.430590,12.970094
channel-85077,60587,30319506,30319517,11,2025-02-25 10:31:00.643679,2025-02-25 10:31:13.580381,12.936702
channel-750,683535,30319506,30319511,5,2025-02-25 10:31:00.643679,2025-02-25 10:31:06.473783,5.830104
channel-0,4039218,30319507,30319537,30,2025-02-25 10:31:01.761470,2025-02-25 10:31:41.194684,39.433214
channel-2188,43788,30319508,30319513,5,2025-02-25 10:31:02.994249,2025-02-25 10:31:08.985516,5.991267
channel-259,314396,30319508,30319518,10,2025-02-25 10:31:02.994249,2025-02-25 10:31:14.720423,11.726174
channel-874,293323,30319508,30319515,7,2025-02-25 10:31:02.994249,2025-02-25 10:31:11.266379,8.27213
channel-122,668155,30319508,30319515,7,2025-02-25 10:31:02.994249,2025-02-25 10:31:11.266379,8.27213
channel-4,167030,30319510,30319520,10,2025-02-25 10:31:05.295006,2025-02-25 10:31:17.011684,11.716678
channel-208,1490583,30319515,30319524,9,2025-02-25 10:31:11.266379,2025-02-25 10:31:22.198847,10.932468
channel-19774,346075,30319520,30319531,11,2025-02-25 10:31:17.011684,2025-02-25 10:31:31.191577,14.179893
channel-259,314397,30319521,30319528,7,2025-02-25 10:31:18.456279,2025-02-25 10:31:27.829052,9.372773
channel-208,1490584,30319523,30319532,9,2025-02-25 10:31:20.920958,2025-02-25 10:31:33.344244,12.423286
channel-1279,67134,30319524,30319535,11,2025-02-25 10:31:22.198847,2025-02-25 10:31:38.792261,16.593414
channel-750,683536,30319526,30319532,6,2025-02-25 10:31:25.497674,2025-02-25 10:31:33.344244,7.84657
channel-85077,60588,30319526,30319535,9,2025-02-25 10:31:25.497674,2025-02-25 10:31:38.792261,13.294587
channel-88,467156,30319530,30319544,14,2025-02-25 10:31:30.096520,2025-02-25 10:31:49.376122,19.279602
channel-320,119234,30319531,30319585,54,2025-02-25 10:31:31.191577,2025-02-25 10:32:44.783666,73.592089
channel-208,1490585,30319531,30319542,11,2025-02-25 10:31:31.191577,2025-02-25 10:31:47.148833,15.957256
channel-259,314398,30319531,30319537,6,2025-02-25 10:31:31.191577,2025-02-25 10:31:41.194684,10.003107
channel-2186,40794,30319534,30319546,12,2025-02-25 10:31:37.093266,2025-02-25 10:31:52.825846,15.73258
channel-750,683537,30319535,30319545,10,2025-02-25 10:31:38.792261,2025-02-25 10:31:51.698510,12.906249
channel-208,1490586,30319537,30319546,9,2025-02-25 10:31:41.194684,2025-02-25 10:31:52.825846,11.631162
channel-750,683538,30319538,30319569,31,2025-02-25 10:31:42.420960,2025-02-25 10:32:23.914915,41.493955
channel-4,167031,30319538,30319551,13,2025-02-25 10:31:42.420960,2025-02-25 10:31:58.556235,16.135275
channel-750,683539,30319554,30319558,4,2025-02-25 10:32:01.880178,2025-02-25 10:32:06.797749,4.917571
channel-750,683540,30319558,30319563,5,2025-02-25 10:32:06.797749,2025-02-25 10:32:12.615753,5.818004
channel-122,668156,30319559,30319564,5,2025-02-25 10:32:07.966663,2025-02-25 10:32:14.154005,6.187342
channel-750,683541,30319561,30319569,8,2025-02-25 10:32:10.034020,2025-02-25 10:32:23.914915,13.880895
channel-208,1490587,30319561,30319567,6,2025-02-25 10:32:10.034020,2025-02-25 10:32:21.660838,11.626818
channel-75,845133,30319564,30319573,9,2025-02-25 10:32:14.154005,2025-02-25 10:32:28.448142,14.294137
channel-1,408509,30319565,30319577,12,2025-02-25 10:32:15.784416,2025-02-25 10:32:33.071680,17.287264
channel-143,128413,30319568,30319617,49,2025-02-25 10:32:22.816619,2025-02-25 10:33:30.258040,67.441421
channel-8945,17753,30319569,30319596,27,2025-02-25 10:32:23.914915,2025-02-25 10:32:59.030485,35.11557
channel-750,683542,30319571,30319582,11,2025-02-25 10:32:26.198013,2025-02-25 10:32:39.939437,13.741424
channel-208,1490588,30319574,30319585,11,2025-02-25 10:32:29.699772,2025-02-25 10:32:44.783666,15.083894
channel-750,683543,30319580,30319585,5,2025-02-25 10:32:36.584044,2025-02-25 10:32:44.783666,8.199622
channel-19774,346076,30319583,30319591,8,2025-02-25 10:32:42.359188,2025-02-25 10:32:53.111916,10.752728
channel-5,184325,30319585,30319596,11,2025-02-25 10:32:44.783666,2025-02-25 10:32:59.030485,14.246819
channel-6994,1325106,30319587,30319596,9,2025-02-25 10:32:47.027272,2025-02-25 10:32:59.030485,12.003213
channel-208,1490589,30319588,30319598,10,2025-02-25 10:32:48.234854,2025-02-25 10:33:02.289225,14.054371
channel-1,408510,30319588,30319600,12,2025-02-25 10:32:48.234854,2025-02-25 10:33:04.623442,16.388588
channel-750,683544,30319597,30319612,15,2025-02-25 10:33:00.163361,2025-02-25 10:33:19.270335,19.106974
channel-750,683545,30319606,30319616,10,2025-02-25 10:33:12.135968,2025-02-25 10:33:29.165073,17.029105
channel-782,310238,30319606,30319614,8,2025-02-25 10:33:12.135968,2025-02-25 10:33:22.480258,10.34429
channel-750,683546,30319607,30319615,8,2025-02-25 10:33:13.347471,2025-02-25 10:33:24.786847,11.439376
channel-750,683547,30319607,30319612,5,2025-02-25 10:33:13.347471,2025-02-25 10:33:19.270335,5.922864
channel-208,1490590,30319609,30319618,9,2025-02-25 10:33:15.902232,2025-02-25 10:33:31.416786,15.514554
channel-750,683548,30319614,30319635,21,2025-02-25 10:33:22.480258,2025-02-25 10:33:57.264178,34.78392
channel-85077,60589,30319615,30319623,8,2025-02-25 10:33:24.786847,2025-02-25 10:33:41.616033,16.829186
channel-85077,60590,30319615,30319623,8,2025-02-25 10:33:24.786847,2025-02-25 10:33:41.616033,16.829186
channel-6994,1325107,30319620,30319631,11,2025-02-25 10:33:33.743592,2025-02-25 10:33:52.162737,18.419145
channel-208,1490591,30319621,30319635,14,2025-02-25 10:33:34.864861,2025-02-25 10:33:57.264178,22.399317
channel-0,4039219,30319621,30319631,10,2025-02-25 10:33:34.864861,2025-02-25 10:33:52.162737,17.297876
channel-208,1490592,30319622,30319635,13,2025-02-25 10:33:39.456804,2025-02-25 10:33:57.264178,17.807374
channel-1,408511,30319623,30319636,13,2025-02-25 10:33:41.616033,2025-02-25 10:33:58.622180,17.006147
channel-143,128414,30319625,30319637,12,2025-02-25 10:33:43.961148,2025-02-25 10:33:59.818846,15.857698
channel-750,683549,30319626,30319639,13,2025-02-25 10:33:45.104581,2025-02-25 10:34:03.220172,18.115591
channel-208,1490593,30319626,30319638,12,2025-02-25 10:33:45.104581,2025-02-25 10:34:01.025433,15.920852
channel-6994,1325108,30319630,30319641,11,2025-02-25 10:33:51.017517,2025-02-25 10:34:05.996364,14.978847
channel-208,1490594,30319631,30319641,10,2025-02-25 10:33:52.162737,2025-02-25 10:34:05.996364,13.833627
channel-208,1490595,30319631,30319641,10,2025-02-25 10:33:52.162737,2025-02-25 10:34:05.996364,13.833627
channel-6994,1325109,30319641,30319652,11,2025-02-25 10:34:05.996364,2025-02-25 10:34:20.399309,14.402945
channel-6994,1325110,30319641,30319652,11,2025-02-25 10:34:05.996364,2025-02-25 10:34:20.399309,14.402945
channel-750,683550,30319641,30319654,13,2025-02-25 10:34:05.996364,2025-02-25 10:34:22.789790,16.793426
channel-6994,1325111,30319648,30319661,13,2025-02-25 10:34:15.728158,2025-02-25 10:34:32.124557,16.396399
channel-122,668157,30319652,30319656,4,2025-02-25 10:34:20.399309,2025-02-25 10:34:26.214394,5.815085
channel-750,683551,30319654,30319658,4,2025-02-25 10:34:22.789790,2025-02-25 10:34:28.505697,5.715907
channel-750,683552,30319661,30319671,10,2025-02-25 10:34:32.124557,2025-02-25 10:34:44.179205,12.054648
channel-750,683553,30319664,30319688,24,2025-02-25 10:34:35.596658,2025-02-25 10:35:10.236480,34.639822
channel-208,1490596,30319665,30319676,11,2025-02-25 10:34:36.639603,2025-02-25 10:34:54.682593,18.04299
channel-85077,60591,30319668,30319687,19,2025-02-25 10:34:40.851263,2025-02-25 10:35:08.880874,28.029611
channel-208,1490597,30319673,30319683,10,2025-02-25 10:34:46.348225,2025-02-25 10:35:04.335731,17.987506
channel-750,683554,30319676,30319687,11,2025-02-25 10:34:54.682593,2025-02-25 10:35:08.880874,14.198281
channel-85077,60592,30319677,30319687,10,2025-02-25 10:34:55.928789,2025-02-25 10:35:08.880874,12.952085
channel-6994,1325112,30319677,30319689,12,2025-02-25 10:34:55.928789,2025-02-25 10:35:11.502345,15.573556
channel-750,683555,30319678,30319695,17,2025-02-25 10:34:58.238868,2025-02-25 10:35:19.322880,21.084012
channel-750,683556,30319681,30319698,17,2025-02-25 10:35:01.993069,2025-02-25 10:35:23.289529,21.29646
channel-6994,1325113,30319682,30319694,12,2025-02-25 10:35:03.203794,2025-02-25 10:35:18.101799,14.898005
channel-750,683557,30319689,30319719,30,2025-02-25 10:35:11.502345,2025-02-25 10:35:49.395565,37.89322
channel-208,1490598,30319694,30319707,13,2025-02-25 10:35:18.101799,2025-02-25 10:35:33.552288,15.450489
channel-6994,1325114,30319705,30319717,12,2025-02-25 10:35:31.307210,2025-02-25 10:35:46.186551,14.879341
channel-75,845134,30319707,30319714,7,2025-02-25 10:35:33.552288,2025-02-25 10:35:42.818592,9.266304
channel-85077,60593,30319715,30319722,7,2025-02-25 10:35:43.926162,2025-02-25 10:35:53.063851,9.137689
channel-750,683558,30319719,30319729,10,2025-02-25 10:35:49.395565,2025-02-25 10:36:07.116638,17.721073
channel-4,167032,30319720,30319726,6,2025-02-25 10:35:50.642797,2025-02-25 10:36:03.457089,12.814292
channel-750,683559,30319722,30319731,9,2025-02-25 10:35:53.063851,2025-02-25 10:36:10.126185,17.062334
channel-208,1490599,30319723,30319731,8,2025-02-25 10:35:58.232206,2025-02-25 10:36:10.126185,11.893979
channel-750,683560,30319724,30319742,18,2025-02-25 10:35:59.925682,2025-02-25 10:36:24.220839,24.295157
channel-750,683561,30319724,30319729,5,2025-02-25 10:35:59.925682,2025-02-25 10:36:07.116638,7.190956
channel-6994,1325115,30319726,30319734,8,2025-02-25 10:36:03.457089,2025-02-25 10:36:13.586380,10.129291
channel-4,167033,30319728,30319741,13,2025-02-25 10:36:06.008559,2025-02-25 10:36:23.014506,17.005947
channel-750,683562,30319730,30319756,26,2025-02-25 10:36:08.385216,2025-02-25 10:36:41.067861,32.682645
channel-320,119235,30319734,30319758,24,2025-02-25 10:36:13.586380,2025-02-25 10:36:43.502102,29.915722
channel-0,4039220,30319737,30319748,11,2025-02-25 10:36:17.998830,2025-02-25 10:36:31.892146,13.893316
channel-208,1490600,30319737,30319749,12,2025-02-25 10:36:17.998830,2025-02-25 10:36:33.044695,15.045865
channel-4,167034,30319743,30319760,17,2025-02-25 10:36:25.300639,2025-02-25 10:36:45.689939,20.3893
channel-85077,60594,30319743,30319752,9,2025-02-25 10:36:25.300639,2025-02-25 10:36:36.392343,11.091704
channel-750,683563,30319744,30319752,8,2025-02-25 10:36:26.302919,2025-02-25 10:36:36.392343,10.089424
channel-85077,60595,30319745,30319755,10,2025-02-25 10:36:27.370052,2025-02-25 10:36:39.980102,12.61005
channel-326,538157,30319749,30319757,8,2025-02-25 10:36:33.044695,2025-02-25 10:36:42.328771,9.284076
channel-320,119236,30319754,30319825,71,2025-02-25 10:36:38.678914,2025-02-25 10:38:13.593019,94.914105
channel-6994,1325116,30319758,30319769,11,2025-02-25 10:36:43.502102,2025-02-25 10:36:59.864367,16.362265
channel-19774,346077,30319758,30319769,11,2025-02-25 10:36:43.502102,2025-02-25 10:36:59.864367,16.362265
channel-750,683564,30319764,30319774,10,2025-02-25 10:36:53.542939,2025-02-25 10:37:05.783403,12.240464
channel-85077,60596,30319768,30319778,10,2025-02-25 10:36:58.682052,2025-02-25 10:37:11.775012,13.09296
channel-85077,60597,30319771,30319781,10,2025-02-25 10:37:02.526585,2025-02-25 10:37:15.183246,12.656661
channel-0,4039221,30319772,30319780,8,2025-02-25 10:37:03.633346,2025-02-25 10:37:14.062200,10.428854
channel-8,43463,30319772,30319794,22,2025-02-25 10:37:03.633346,2025-02-25 10:37:31.687129,28.053783
channel-143,128415,30319774,30319785,11,2025-02-25 10:37:05.783403,2025-02-25 10:37:20.786045,15.002642
channel-0,4039222,30319774,30319782,8,2025-02-25 10:37:05.783403,2025-02-25 10:37:16.232242,10.448839
channel-143,128416,30319774,30319804,30,2025-02-25 10:37:05.783403,2025-02-25 10:37:44.596817,38.813414
channel-199,132774,30319777,30319788,11,2025-02-25 10:37:10.513250,2025-02-25 10:37:24.480214,13.966964
channel-85077,60598,30319780,30319789,9,2025-02-25 10:37:14.062200,2025-02-25 10:37:25.673167,11.610967
channel-208,1490601,30319780,30319788,8,2025-02-25 10:37:14.062200,2025-02-25 10:37:24.480214,10.418014
channel-750,683565,30319780,30319784,4,2025-02-25 10:37:14.062200,2025-02-25 10:37:18.627239,4.565039
channel-874,293324,30319782,30319787,5,2025-02-25 10:37:16.232242,2025-02-25 10:37:23.223875,6.991633
channel-85077,60599,30319788,30319797,9,2025-02-25 10:37:24.480214,2025-02-25 10:37:36.516063,12.035849
channel-6994,1325117,30319791,30319801,10,2025-02-25 10:37:27.852745,2025-02-25 10:37:41.273556,13.420811
channel-320,119237,30319791,30319803,12,2025-02-25 10:37:27.852745,2025-02-25 10:37:43.465930,15.613185
channel-89298,18701,30319792,30319801,9,2025-02-25 10:37:29.295203,2025-02-25 10:37:41.273556,11.978353
channel-0,4039223,30319801,30319812,11,2025-02-25 10:37:41.273556,2025-02-25 10:37:53.860808,12.587252
channel-750,683566,30319805,30319810,5,2025-02-25 10:37:45.952092,2025-02-25 10:37:51.502281,5.550189
channel-750,683567,30319806,30319811,5,2025-02-25 10:37:47.030471,2025-02-25 10:37:52.683219,5.652748
channel-85077,60600,30319809,30319830,21,2025-02-25 10:37:50.410301,2025-02-25 10:38:20.112398,29.702097
channel-171,7592,30319810,30319820,10,2025-02-25 10:37:51.502281,2025-02-25 10:38:06.585034,15.082753
channel-6787,166742,30319810,30319814,4,2025-02-25 10:37:51.502281,2025-02-25 10:37:56.336671,4.83439
channel-85077,60601,30319811,30319830,19,2025-02-25 10:37:52.683219,2025-02-25 10:38:20.112398,27.429179
channel-85077,60602,30319818,30319826,8,2025-02-25 10:38:01.122377,2025-02-25 10:38:15.737983,14.615606
channel-320,119238,30319822,30319841,19,2025-02-25 10:38:08.997896,2025-02-25 10:38:37.996304,28.998408
channel-750,683568,30319823,30319841,18,2025-02-25 10:38:11.256740,2025-02-25 10:38:37.996304,26.739564
channel-89321,19488,30319834,30319860,26,2025-02-25 10:38:25.377781,2025-02-25 10:39:04.020379,38.642598
channel-6994,1325118,30319836,30319845,9,2025-02-25 10:38:27.804827,2025-02-25 10:38:43.643576,15.838749
channel-320,119239,30319837,30319845,8,2025-02-25 10:38:30.010979,2025-02-25 10:38:43.643576,13.632597
channel-19774,346078,30319838,30319847,9,2025-02-25 10:38:31.063476,2025-02-25 10:38:45.932271,14.868795
channel-0,4039224,30319842,30319849,7,2025-02-25 10:38:39.130172,2025-02-25 10:38:51.013259,11.883087
channel-6994,1325119,30319842,30319853,11,2025-02-25 10:38:39.130172,2025-02-25 10:38:55.782069,16.651897
channel-6994,1325120,30319843,30319853,10,2025-02-25 10:38:41.220111,2025-02-25 10:38:55.782069,14.561958
channel-208,1490602,30319847,30319859,12,2025-02-25 10:38:45.932271,2025-02-25 10:39:02.853308,16.921037
channel-750,683569,30319847,30319852,5,2025-02-25 10:38:45.932271,2025-02-25 10:38:54.393935,8.461664
channel-320,119240,30319850,30319863,13,2025-02-25 10:38:52.046184,2025-02-25 10:39:07.385775,15.339591
channel-143,128417,30319860,30319878,18,2025-02-25 10:39:04.020379,2025-02-25 10:39:26.853515,22.833136
channel-21113,25348,30319867,30319873,6,2025-02-25 10:39:12.893404,2025-02-25 10:39:21.331432,8.438028
channel-6994,1325121,30319877,30319885,8,2025-02-25 10:39:25.650746,2025-02-25 10:39:36.181594,10.530848
channel-19774,346079,30319878,30319890,12,2025-02-25 10:39:26.853515,2025-02-25 10:39:41.897779,15.044264
channel-199,132775,30319897,30319907,10,2025-02-25 10:39:51.747599,2025-02-25 10:40:03.525987,11.778388
channel-492,20121,30319906,30319916,10,2025-02-25 10:40:02.320916,2025-02-25 10:40:14.667300,12.346384
channel-320,119241,30319907,30319916,9,2025-02-25 10:40:03.525987,2025-02-25 10:40:14.667300,11.141313
channel-208,1490603,30319909,30319919,10,2025-02-25 10:40:06.821706,2025-02-25 10:40:18.980236,12.15853
channel-750,683570,30319914,30319918,4,2025-02-25 10:40:12.450254,2025-02-25 10:40:17.856622,5.406368
channel-320,119242,30319918,30319929,11,2025-02-25 10:40:17.856622,2025-02-25 10:40:31.877835,14.021213
channel-85077,60603,30319922,30319930,8,2025-02-25 10:40:23.617104,2025-02-25 10:40:33.645210,10.028106
channel-85077,60604,30319928,30319935,7,2025-02-25 10:40:30.734469,2025-02-25 10:40:41.970512,11.236043
channel-750,683571,30319932,30319935,3,2025-02-25 10:40:36.944255,2025-02-25 10:40:41.970512,5.026257
channel-208,1490604,30319933,30319946,13,2025-02-25 10:40:38.208439,2025-02-25 10:40:55.487834,17.279395
channel-750,683572,30319934,30319949,15,2025-02-25 10:40:39.222564,2025-02-25 10:40:58.959780,19.737216
channel-208,1490605,30319942,30319955,13,2025-02-25 10:40:50.611558,2025-02-25 10:41:06.040854,15.429296
channel-320,119243,30319942,30319953,11,2025-02-25 10:40:50.611558,2025-02-25 10:41:03.662555,13.050997
channel-208,1490606,30319953,30319961,8,2025-02-25 10:41:03.662555,2025-02-25 10:41:17.314845,13.65229
channel-6994,1325122,30319958,30319971,13,2025-02-25 10:41:13.767385,2025-02-25 10:41:30.817447,17.050062
channel-75,845135,30319958,30319966,8,2025-02-25 10:41:13.767385,2025-02-25 10:41:24.052790,10.285405
channel-750,683573,30319959,30319969,10,2025-02-25 10:41:14.918529,2025-02-25 10:41:28.502089,13.58356
channel-85077,60605,30319966,30319976,10,2025-02-25 10:41:24.052790,2025-02-25 10:41:37.374988,13.322198
channel-1,408512,30319980,30319998,18,2025-02-25 10:41:41.971712,2025-02-25 10:42:02.370248,20.398536
channel-5,184326,30319985,30319995,10,2025-02-25 10:41:47.684524,2025-02-25 10:41:58.994738,11.310214
channel-750,683574,30319995,30320012,17,2025-02-25 10:41:58.994738,2025-02-25 10:42:19.528652,20.533914
channel-85077,60606,30320001,30320011,10,2025-02-25 10:42:06.456997,2025-02-25 10:42:18.409149,11.952152
channel-320,119244,30320019,30320031,12,2025-02-25 10:42:29.457388,2025-02-25 10:42:45.451669,15.994281
channel-492,20122,30320022,30320031,9,2025-02-25 10:42:33.205080,2025-02-25 10:42:45.451669,12.246589
channel-75,845136,30320024,30320032,8,2025-02-25 10:42:35.504428,2025-02-25 10:42:46.571428,11.067
channel-208,1490607,30320028,30320038,10,2025-02-25 10:42:41.535894,2025-02-25 10:42:54.304680,12.768786
channel-750,683575,30320037,30320048,11,2025-02-25 10:42:53.166599,2025-02-25 10:43:11.588777,18.422178
channel-143,128418,30320038,30320097,59,2025-02-25 10:42:54.304680,2025-02-25 10:44:18.818747,84.514067
channel-6994,1325123,30320038,30320048,10,2025-02-25 10:42:54.304680,2025-02-25 10:43:11.588777,17.284097
channel-5,184327,30320038,30320048,10,2025-02-25 10:42:54.304680,2025-02-25 10:43:11.588777,17.284097
channel-85077,60607,30320038,30320047,9,2025-02-25 10:42:54.304680,2025-02-25 10:43:09.390749,15.086069
channel-0,4039225,30320038,30320047,9,2025-02-25 10:42:54.304680,2025-02-25 10:43:09.390749,15.086069
channel-6994,1325124,30320042,30320052,10,2025-02-25 10:43:03.344052,2025-02-25 10:43:16.168511,12.824459
channel-492,20123,30320047,30320058,11,2025-02-25 10:43:09.390749,2025-02-25 10:43:25.101457,15.710708
channel-750,683576,30320052,30320055,3,2025-02-25 10:43:16.168511,2025-02-25 10:43:21.313525,5.145014
channel-750,683577,30320057,30320064,7,2025-02-25 10:43:23.884311,2025-02-25 10:43:35.504212,11.619901
channel-98451,47,30320058,30320067,9,2025-02-25 10:43:25.101457,2025-02-25 10:43:39.010686,13.909229
channel-0,4039226,30320062,30320076,14,2025-02-25 10:43:31.199042,2025-02-25 10:43:52.925048,21.726006
channel-85077,60608,30320064,30320076,12,2025-02-25 10:43:35.504212,2025-02-25 10:43:52.925048,17.420836
channel-6994,1325125,30320067,30320078,11,2025-02-25 10:43:39.010686,2025-02-25 10:43:55.195326,16.18464
channel-85077,60609,30320074,30320083,9,2025-02-25 10:43:50.675408,2025-02-25 10:44:00.958633,10.283225
channel-85077,60610,30320076,30320086,10,2025-02-25 10:43:52.925048,2025-02-25 10:44:04.470966,11.545918
channel-1424,7352,30320077,30320088,11,2025-02-25 10:43:54.130185,2025-02-25 10:44:06.851663,12.721478
channel-6994,1325126,30320079,30320087,8,2025-02-25 10:43:56.265135,2025-02-25 10:44:05.631303,9.366168
channel-85077,60611,30320080,30320089,9,2025-02-25 10:43:57.399092,2025-02-25 10:44:07.977175,10.578083
channel-6994,1325127,30320080,30320104,24,2025-02-25 10:43:57.399092,2025-02-25 10:44:27.038731,29.639639
channel-85077,60612,30320086,30320095,9,2025-02-25 10:44:04.470966,2025-02-25 10:44:15.386141,10.915175
channel-0,4039227,30320093,30320117,24,2025-02-25 10:44:12.582496,2025-02-25 10:44:46.256884,33.674388
channel-6994,1325128,30320114,30320126,12,2025-02-25 10:44:41.593848,2025-02-25 10:44:56.221414,14.627566
channel-85077,60613,30320114,30320132,18,2025-02-25 10:44:41.593848,2025-02-25 10:45:04.089345,22.495497
channel-6994,1325129,30320117,30320131,14,2025-02-25 10:44:46.256884,2025-02-25 10:45:02.774316,16.517432
channel-750,683578,30320118,30320126,8,2025-02-25 10:44:47.402771,2025-02-25 10:44:56.221414,8.818643
channel-85077,60614,30320119,30320129,10,2025-02-25 10:44:48.626372,2025-02-25 10:45:00.646831,12.020459
channel-1429,140764,30320120,30320132,12,2025-02-25 10:44:49.636978,2025-02-25 10:45:04.089345,14.452367
channel-750,683579,30320120,30320135,15,2025-02-25 10:44:49.636978,2025-02-25 10:45:07.581739,17.944761
channel-750,683580,30320125,30320138,13,2025-02-25 10:44:55.147832,2025-02-25 10:45:12.540718,17.392886
channel-750,683581,30320127,30320139,12,2025-02-25 10:44:57.997948,2025-02-25 10:45:13.582351,15.584403
channel-0,4039228,30320131,30320142,11,2025-02-25 10:45:02.774316,2025-02-25 10:45:17.013685,14.239369
channel-85077,60615,30320131,30320140,9,2025-02-25 10:45:02.774316,2025-02-25 10:45:14.704940,11.930624
channel-85077,60616,30320132,30320140,8,2025-02-25 10:45:04.089345,2025-02-25 10:45:14.704940,10.615595
channel-6994,1325130,30320133,30320145,12,2025-02-25 10:45:05.303573,2025-02-25 10:45:20.611166,15.307593
channel-208,1490608,30320143,30320155,12,2025-02-25 10:45:18.158150,2025-02-25 10:45:34.040557,15.882407
channel-5,184328,30320144,30320151,7,2025-02-25 10:45:19.369760,2025-02-25 10:45:29.536265,10.166505
channel-85077,60617,30320158,30320165,7,2025-02-25 10:45:37.514341,2025-02-25 10:45:48.489224,10.974883
channel-19774,346080,30320158,30320168,10,2025-02-25 10:45:37.514341,2025-02-25 10:45:52.989415,15.475074
channel-6994,1325131,30320159,30320165,6,2025-02-25 10:45:38.733679,2025-02-25 10:45:48.489224,9.755545
channel-216,94270,30320162,30320375,213,2025-02-25 10:45:43.808208,2025-02-25 10:50:28.462145,284.653937
channel-0,4039229,30320172,30320183,11,2025-02-25 10:45:59.131403,2025-02-25 10:46:11.659362,12.527959
channel-251,85253,30320176,30320185,9,2025-02-25 10:46:03.511604,2025-02-25 10:46:13.966582,10.454978
channel-0,4039230,30320183,30320202,19,2025-02-25 10:46:11.659362,2025-02-25 10:46:40.408788,28.749426
channel-0,4039231,30320188,30320197,9,2025-02-25 10:46:20.816597,2025-02-25 10:46:34.295632,13.479035
channel-6994,1325132,30320190,30320215,25,2025-02-25 10:46:23.118321,2025-02-25 10:46:57.144979,34.026658
channel-1,408513,30320201,30320210,9,2025-02-25 10:46:39.119522,2025-02-25 10:46:50.905641,11.786119
channel-0,4039232,30320208,30320218,10,2025-02-25 10:46:47.441473,2025-02-25 10:47:00.444691,13.003218
channel-750,683582,30320210,30320221,11,2025-02-25 10:46:50.905641,2025-02-25 10:47:04.876730,13.971089
channel-208,1490609,30320213,30320223,10,2025-02-25 10:46:54.318558,2025-02-25 10:47:07.056692,12.738134
channel-6994,1325133,30320227,30320237,10,2025-02-25 10:47:12.301506,2025-02-25 10:47:27.459479,15.157973
channel-750,683583,30320231,30320245,14,2025-02-25 10:47:16.980206,2025-02-25 10:47:37.264017,20.283811
channel-0,4039233,30320238,30320260,22,2025-02-25 10:47:28.776393,2025-02-25 10:47:57.230531,28.454138
channel-208,1490610,30320246,30320258,12,2025-02-25 10:47:38.344530,2025-02-25 10:47:54.205199,15.860669
channel-85077,60618,30320254,30320261,7,2025-02-25 10:47:47.626398,2025-02-25 10:47:58.488589,10.862191
channel-85077,60619,30320256,30320264,8,2025-02-25 10:47:50.839053,2025-02-25 10:48:01.875270,11.036217
channel-340,3189,30320260,30320269,9,2025-02-25 10:47:57.230531,2025-02-25 10:48:07.865595,10.635064
channel-208,1490611,30320266,30320275,9,2025-02-25 10:48:04.251865,2025-02-25 10:48:16.012706,11.760841
channel-0,4039234,30320274,30320281,7,2025-02-25 10:48:14.871998,2025-02-25 10:48:25.062372,10.190374
channel-0,4039235,30320286,30320297,11,2025-02-25 10:48:33.299038,2025-02-25 10:48:46.575207,13.276169
channel-4,167035,30320289,30320299,10,2025-02-25 10:48:36.749497,2025-02-25 10:48:51.956830,15.207333
channel-122,668158,30320292,30320296,4,2025-02-25 10:48:40.213056,2025-02-25 10:48:45.284626,5.07157
channel-115,20421,30320292,30320300,8,2025-02-25 10:48:40.213056,2025-02-25 10:48:53.155082,12.942026
channel-6994,1325134,30320300,30320311,11,2025-02-25 10:48:53.155082,2025-02-25 10:49:06.836466,13.681384
channel-85077,60620,30320307,30320317,10,2025-02-25 10:49:02.275103,2025-02-25 10:49:13.637692,11.362589
channel-2494,31962,30320312,30320326,14,2025-02-25 10:49:08.008157,2025-02-25 10:49:24.310517,16.30236
channel-326,538158,30320319,30320326,7,2025-02-25 10:49:15.832424,2025-02-25 10:49:24.310517,8.478093
channel-6994,1325135,30320336,30320348,12,2025-02-25 10:49:36.104043,2025-02-25 10:49:51.011336,14.907293
channel-72,516437,30320339,30320399,60,2025-02-25 10:49:39.500202,2025-02-25 10:50:58.084248,78.584046
channel-0,4039236,30320341,30320353,12,2025-02-25 10:49:41.940126,2025-02-25 10:49:56.933566,14.99344
channel-750,683584,30320346,30320361,15,2025-02-25 10:49:47.722823,2025-02-25 10:50:09.145195,21.422372
channel-6994,1325136,30320346,30320356,10,2025-02-25 10:49:47.722823,2025-02-25 10:50:02.795524,15.072701
channel-6994,1325137,30320347,30320356,9,2025-02-25 10:49:49.830897,2025-02-25 10:50:02.795524,12.964627
channel-0,4039237,30320349,30320361,12,2025-02-25 10:49:52.248822,2025-02-25 10:50:09.145195,16.896373
channel-6994,1325138,30320355,30320366,11,2025-02-25 10:50:00.545509,2025-02-25 10:50:15.097175,14.551666
channel-85077,60621,30320355,30320367,12,2025-02-25 10:50:00.545509,2025-02-25 10:50:16.280768,15.735259
channel-6994,1325139,30320356,30320369,13,2025-02-25 10:50:02.795524,2025-02-25 10:50:19.587877,16.792353
channel-208,1490612,30320362,30320372,10,2025-02-25 10:50:10.279865,2025-02-25 10:50:25.015097,14.735232
channel-208,1490613,30320363,30320372,9,2025-02-25 10:50:11.407576,2025-02-25 10:50:25.015097,13.607521
channel-6994,1325140,30320374,30320388,14,2025-02-25 10:50:27.224306,2025-02-25 10:50:43.421821,16.197515
channel-0,4039238,30320377,30320389,12,2025-02-25 10:50:30.646396,2025-02-25 10:50:44.546066,13.89967
channel-6994,1325141,30320380,30320392,12,2025-02-25 10:50:34.303046,2025-02-25 10:50:49.567749,15.264703
channel-750,683585,30320386,30320394,8,2025-02-25 10:50:41.157942,2025-02-25 10:50:51.940406,10.782464
channel-750,683586,30320386,30320397,11,2025-02-25 10:50:41.157942,2025-02-25 10:50:55.706459,14.548517
channel-750,683587,30320386,30320400,14,2025-02-25 10:50:41.157942,2025-02-25 10:50:59.197082,18.03914
channel-750,683588,30320387,30320400,13,2025-02-25 10:50:42.334144,2025-02-25 10:50:59.197082,16.862938
channel-6994,1325142,30320399,30320408,9,2025-02-25 10:50:58.084248,2025-02-25 10:51:10.556106,12.471858
channel-0,4039239,30320399,30320407,8,2025-02-25 10:50:58.084248,2025-02-25 10:51:09.413790,11.329542
channel-6994,1325143,30320401,30320412,11,2025-02-25 10:51:01.069119,2025-02-25 10:51:16.219506,15.150387
channel-0,4039240,30320401,30320410,9,2025-02-25 10:51:01.069119,2025-02-25 10:51:12.939247,11.870128
channel-85077,60622,30320403,30320414,11,2025-02-25 10:51:03.685714,2025-02-25 10:51:18.431655,14.745941
channel-750,683589,30320408,30320440,32,2025-02-25 10:51:10.556106,2025-02-25 10:51:53.469071,42.912965
channel-750,683590,30320410,30320430,20,2025-02-25 10:51:12.939247,2025-02-25 10:51:40.686279,27.747032
channel-72,516438,30320415,30320464,49,2025-02-25 10:51:19.533700,2025-02-25 10:52:28.382235,68.848535
channel-72,516439,30320420,30320469,49,2025-02-25 10:51:25.115389,2025-02-25 10:52:35.113898,69.998509
channel-750,683591,30320425,30320438,13,2025-02-25 10:51:34.491691,2025-02-25 10:51:51.227652,16.735961
channel-85077,60623,30320433,30320443,10,2025-02-25 10:51:44.228944,2025-02-25 10:51:57.008988,12.780044
channel-89321,19489,30320433,30320443,10,2025-02-25 10:51:44.228944,2025-02-25 10:51:57.008988,12.780044
channel-6994,1325144,30320441,30320449,8,2025-02-25 10:51:54.639030,2025-02-25 10:52:07.380628,12.741598
channel-1,408514,30320451,30320460,9,2025-02-25 10:52:10.802780,2025-02-25 10:52:23.359020,12.55624
channel-85077,60624,30320453,30320461,8,2025-02-25 10:52:13.142359,2025-02-25 10:52:24.824209,11.68185
channel-208,1490614,30320459,30320470,11,2025-02-25 10:52:22.123370,2025-02-25 10:52:36.252627,14.129257
channel-259,314399,30320467,30320472,5,2025-02-25 10:52:31.810741,2025-02-25 10:52:39.418325,7.607584
channel-208,1490615,30320469,30320480,11,2025-02-25 10:52:35.113898,2025-02-25 10:52:48.460108,13.34621
channel-6994,1325145,30320469,30320478,9,2025-02-25 10:52:35.113898,2025-02-25 10:52:46.233847,11.119949
channel-6994,1325146,30320469,30320478,9,2025-02-25 10:52:35.113898,2025-02-25 10:52:46.233847,11.119949
channel-6994,1325147,30320470,30320483,13,2025-02-25 10:52:36.252627,2025-02-25 10:52:51.954485,15.701858
channel-89321,19490,30320471,30320493,22,2025-02-25 10:52:38.344558,2025-02-25 10:53:04.859311,26.514753
channel-750,683592,30320477,30320482,5,2025-02-25 10:52:45.087234,2025-02-25 10:52:50.798149,5.710915
channel-750,683593,30320479,30320484,5,2025-02-25 10:52:47.347813,2025-02-25 10:52:53.173400,5.825587
channel-122,668159,30320483,30320487,4,2025-02-25 10:52:51.954485,2025-02-25 10:52:56.871628,4.917143
channel-6994,1325148,30320492,30320501,9,2025-02-25 10:53:03.660051,2025-02-25 10:53:15.401473,11.741422
channel-6994,1325149,30320492,30320501,9,2025-02-25 10:53:03.660051,2025-02-25 10:53:15.401473,11.741422
channel-750,683594,30320493,30320500,7,2025-02-25 10:53:04.859311,2025-02-25 10:53:14.349087,9.489776
channel-750,683595,30320494,30320512,18,2025-02-25 10:53:06.005811,2025-02-25 10:53:31.181371,25.17556
channel-19774,346081,30320499,30320507,8,2025-02-25 10:53:13.234709,2025-02-25 10:53:24.246056,11.011347
channel-750,683596,30320500,30320505,5,2025-02-25 10:53:14.349087,2025-02-25 10:53:21.015244,6.666157
channel-0,4039241,30320505,30320514,9,2025-02-25 10:53:21.015244,2025-02-25 10:53:34.663065,13.647821
channel-750,683597,30320506,30320511,5,2025-02-25 10:53:23.138899,2025-02-25 10:53:28.868902,5.730003
channel-750,683598,30320511,30320527,16,2025-02-25 10:53:28.868902,2025-02-25 10:53:50.643500,21.774598
channel-750,683599,30320511,30320527,16,2025-02-25 10:53:28.868902,2025-02-25 10:53:50.643500,21.774598
channel-750,683600,30320513,30320518,5,2025-02-25 10:53:33.464804,2025-02-25 10:53:39.436898,5.972094
channel-6994,1325150,30320525,30320535,10,2025-02-25 10:53:48.304906,2025-02-25 10:54:03.116510,14.811604
channel-208,1490616,30320526,30320536,10,2025-02-25 10:53:49.410249,2025-02-25 10:54:05.273760,15.863511
channel-6994,1325151,30320531,30320538,7,2025-02-25 10:53:55.239050,2025-02-25 10:54:07.632212,12.393162
channel-6994,1325152,30320534,30320542,8,2025-02-25 10:53:58.710982,2025-02-25 10:54:12.358944,13.647962
channel-6994,1325153,30320534,30320542,8,2025-02-25 10:53:58.710982,2025-02-25 10:54:12.358944,13.647962
channel-750,683601,30320534,30320541,7,2025-02-25 10:53:58.710982,2025-02-25 10:54:11.106980,12.395998
channel-2716,2670,30320535,30320549,14,2025-02-25 10:54:03.116510,2025-02-25 10:54:21.896311,18.779801
channel-6787,166743,30320547,30320551,4,2025-02-25 10:54:19.726939,2025-02-25 10:54:25.426776,5.699837
channel-6994,1325154,30320550,30320559,9,2025-02-25 10:54:24.264496,2025-02-25 10:54:35.490656,11.22616
channel-85077,60625,30320557,30320569,12,2025-02-25 10:54:33.060060,2025-02-25 10:54:47.688341,14.628281
channel-143,128419,30320559,30320584,25,2025-02-25 10:54:35.490656,2025-02-25 10:55:06.475935,30.985279
channel-750,683602,30320561,30320593,32,2025-02-25 10:54:37.839353,2025-02-25 10:55:17.249249,39.409896
channel-750,683603,30320561,30320593,32,2025-02-25 10:54:37.839353,2025-02-25 10:55:17.249249,39.409896
channel-208,1490617,30320563,30320573,10,2025-02-25 10:54:40.182347,2025-02-25 10:54:52.793928,12.611581
channel-85077,60626,30320567,30320576,9,2025-02-25 10:54:45.039352,2025-02-25 10:54:56.359853,11.320501
channel-208,1490618,30320572,30320582,10,2025-02-25 10:54:51.416418,2025-02-25 10:55:04.131982,12.715564
channel-750,683604,30320573,30320583,10,2025-02-25 10:54:52.793928,2025-02-25 10:55:05.370412,12.576484
channel-6994,1325155,30320575,30320585,10,2025-02-25 10:54:55.205425,2025-02-25 10:55:07.620853,12.415428
channel-0,4039242,30320576,30320587,11,2025-02-25 10:54:56.359853,2025-02-25 10:55:10.002560,13.642707
channel-750,683605,30320586,30320604,18,2025-02-25 10:55:08.820344,2025-02-25 10:55:33.068579,24.248235
channel-750,683606,30320586,30320591,5,2025-02-25 10:55:08.820344,2025-02-25 10:55:14.959885,6.139541
channel-6994,1325156,30320593,30320602,9,2025-02-25 10:55:17.249249,2025-02-25 10:55:29.727317,12.478068
channel-750,683607,30320595,30320598,3,2025-02-25 10:55:19.512101,2025-02-25 10:55:24.148389,4.636288
channel-0,4039243,30320602,30320616,14,2025-02-25 10:55:29.727317,2025-02-25 10:55:46.986479,17.259162
channel-75,845137,30320606,30320615,9,2025-02-25 10:55:35.348357,2025-02-25 10:55:45.657037,10.30868
channel-85077,60627,30320610,30320636,26,2025-02-25 10:55:39.816829,2025-02-25 10:56:14.192314,34.375485
channel-6994,1325157,30320612,30320621,9,2025-02-25 10:55:41.996110,2025-02-25 10:55:53.250941,11.254831
channel-6994,1325158,30320615,30320625,10,2025-02-25 10:55:45.657037,2025-02-25 10:55:58.223789,12.566752
channel-6994,1325159,30320616,30320625,9,2025-02-25 10:55:46.986479,2025-02-25 10:55:58.223789,11.23731
channel-750,683608,30320620,30320630,10,2025-02-25 10:55:52.038113,2025-02-25 10:56:07.011003,14.97289
channel-85077,60628,30320637,30320647,10,2025-02-25 10:56:15.308058,2025-02-25 10:56:28.382689,13.074631
channel-750,683609,30320638,30320643,5,2025-02-25 10:56:16.423891,2025-02-25 10:56:22.455429,6.031538
channel-750,683610,30320646,30320648,2,2025-02-25 10:56:27.201006,2025-02-25 10:56:29.488116,2.28711
channel-85077,60629,30320648,30320655,7,2025-02-25 10:56:29.488116,2025-02-25 10:56:43.979459,14.491343
channel-6994,1325160,30320648,30320656,8,2025-02-25 10:56:29.488116,2025-02-25 10:56:45.789689,16.301573
channel-750,683611,30320653,30320663,10,2025-02-25 10:56:38.509805,2025-02-25 10:56:54.674537,16.164732
channel-0,4039244,30320653,30320666,13,2025-02-25 10:56:38.509805,2025-02-25 10:56:58.183477,19.673672
channel-0,4039245,30320660,30320670,10,2025-02-25 10:56:50.270822,2025-02-25 10:57:03.913299,13.642477
channel-88,467157,30320661,30320679,18,2025-02-25 10:56:52.387588,2025-02-25 10:57:14.142452,21.754864
channel-750,683612,30320665,30320680,15,2025-02-25 10:56:57.049880,2025-02-25 10:57:15.331091,18.281211
channel-750,683613,30320670,30320676,6,2025-02-25 10:57:03.913299,2025-02-25 10:57:10.740808,6.827509
channel-85077,60630,30320671,30320689,18,2025-02-25 10:57:05.182760,2025-02-25 10:57:27.464796,22.282036
channel-85077,60631,30320675,30320684,9,2025-02-25 10:57:09.636036,2025-02-25 10:57:20.093936,10.4579
channel-0,4039246,30320680,30320689,9,2025-02-25 10:57:15.331091,2025-02-25 10:57:27.464796,12.133705
channel-0,4039247,30320682,30320703,21,2025-02-25 10:57:17.762683,2025-02-25 10:57:46.151810,28.389127
channel-750,683614,30320689,30320702,13,2025-02-25 10:57:27.464796,2025-02-25 10:57:43.948846,16.48405
channel-750,683615,30320694,30320699,5,2025-02-25 10:57:34.788361,2025-02-25 10:57:40.627345,5.838984
channel-6994,1325161,30320699,30320711,12,2025-02-25 10:57:40.627345,2025-02-25 10:57:55.352242,14.724897
channel-1575,15197,30320699,30320710,11,2025-02-25 10:57:40.627345,2025-02-25 10:57:54.252148,13.624803
channel-108,39860,30320700,30320724,24,2025-02-25 10:57:41.673775,2025-02-25 10:58:13.523412,31.849637
channel-750,683616,30320701,30320706,5,2025-02-25 10:57:42.741771,2025-02-25 10:57:49.789398,7.047627
channel-208,1490619,30320705,30320712,7,2025-02-25 10:57:48.595619,2025-02-25 10:57:57.554564,8.958945
channel-0,4039248,30320705,30320717,12,2025-02-25 10:57:48.595619,2025-02-25 10:58:05.029117,16.433498
channel-6994,1325162,30320710,30320718,8,2025-02-25 10:57:54.252148,2025-02-25 10:58:06.274337,12.022189
channel-6994,1325163,30320718,30320727,9,2025-02-25 10:58:06.274337,2025-02-25 10:58:17.941813,11.667476
channel-0,4039249,30320726,30320748,22,2025-02-25 10:58:16.823029,2025-02-25 10:58:45.164331,28.341302
channel-0,4039250,30320735,30320742,7,2025-02-25 10:58:28.253669,2025-02-25 10:58:37.981572,9.727903
channel-783,104324,30320736,30320754,18,2025-02-25 10:58:29.337363,2025-02-25 10:58:52.431120,23.093757
channel-750,683617,30320737,30320748,11,2025-02-25 10:58:30.416800,2025-02-25 10:58:45.164331,14.747531
channel-8,43464,30320738,30320767,29,2025-02-25 10:58:31.640375,2025-02-25 10:59:11.914605,40.27423
channel-750,683618,30320741,30320747,6,2025-02-25 10:58:35.577679,2025-02-25 10:58:44.081383,8.503704
channel-6994,1325164,30320743,30320757,14,2025-02-25 10:58:39.226893,2025-02-25 10:58:56.084338,16.857445
channel-19774,346082,30320753,30320766,13,2025-02-25 10:58:50.794884,2025-02-25 10:59:10.830610,20.035726
channel-0,4039251,30320767,30320778,11,2025-02-25 10:59:11.914605,2025-02-25 10:59:24.082624,12.168019
channel-750,683619,30320768,30320778,10,2025-02-25 10:59:12.956319,2025-02-25 10:59:24.082624,11.126305
channel-750,683620,30320778,30320787,9,2025-02-25 10:59:24.082624,2025-02-25 10:59:36.237014,12.15439
channel-143,128420,30320789,30320805,16,2025-02-25 10:59:39.746627,2025-02-25 11:00:03.104009,23.357382
channel-91017,2891,30320791,30320817,26,2025-02-25 10:59:41.907344,2025-02-25 11:00:17.248290,35.340946
channel-251,85254,30320791,30320802,11,2025-02-25 10:59:41.907344,2025-02-25 10:59:59.796441,17.889097
channel-1,408515,30320797,30320814,17,2025-02-25 10:59:50.266054,2025-02-25 11:00:13.812485,23.546431
channel-0,4039252,30320805,30320815,10,2025-02-25 11:00:03.104009,2025-02-25 11:00:15.018851,11.914842
channel-750,683621,30320805,30320816,11,2025-02-25 11:00:03.104009,2025-02-25 11:00:16.149338,13.045329
channel-6994,1325165,30320806,30320816,10,2025-02-25 11:00:04.281818,2025-02-25 11:00:16.149338,11.86752
channel-0,4039253,30320808,30320821,13,2025-02-25 11:00:07.039522,2025-02-25 11:00:23.467584,16.428062
channel-750,683622,30320816,30320821,5,2025-02-25 11:00:16.149338,2025-02-25 11:00:23.467584,7.318246
channel-143,128421,30320818,30320828,10,2025-02-25 11:00:18.530191,2025-02-25 11:00:32.632598,14.102407
channel-6994,1325166,30320820,30320828,8,2025-02-25 11:00:21.805212,2025-02-25 11:00:32.632598,10.827386
channel-1,408516,30320821,30320833,12,2025-02-25 11:00:23.467584,2025-02-25 11:00:38.382483,14.914899
channel-85077,60632,30320825,30320837,12,2025-02-25 11:00:29.143619,2025-02-25 11:00:43.239230,14.095611
channel-874,293325,30320830,30320835,5,2025-02-25 11:00:34.963161,2025-02-25 11:00:40.799065,5.835904
channel-6994,1325167,30320838,30320850,12,2025-02-25 11:00:44.391612,2025-02-25 11:01:00.591764,16.200152
channel-208,1490620,30320839,30320851,12,2025-02-25 11:00:46.748720,2025-02-25 11:01:02.689748,15.941028
channel-0,4039254,30320840,30320850,10,2025-02-25 11:00:47.979797,2025-02-25 11:01:00.591764,12.611967
channel-750,683623,30320841,30320848,7,2025-02-25 11:00:49.099150,2025-02-25 11:00:58.221277,9.122127
channel-0,4039255,30320852,30320866,14,2025-02-25 11:01:03.691935,2025-02-25 11:01:20.521679,16.829744
channel-6994,1325168,30320856,30320867,11,2025-02-25 11:01:08.926442,2025-02-25 11:01:21.732245,12.805803
channel-72,516440,30320867,30320913,46,2025-02-25 11:01:21.732245,2025-02-25 11:02:29.060398,67.328153
channel-208,1490621,30320867,30320877,10,2025-02-25 11:01:21.732245,2025-02-25 11:01:38.266072,16.533827
channel-208,1490622,30320872,30320879,7,2025-02-25 11:01:31.762217,2025-02-25 11:01:43.819495,12.057278
channel-326,538159,30320873,30320890,17,2025-02-25 11:01:32.913133,2025-02-25 11:01:59.479378,26.566245
channel-6787,166744,30320873,30320877,4,2025-02-25 11:01:32.913133,2025-02-25 11:01:38.266072,5.352939
channel-750,683624,30320873,30320880,7,2025-02-25 11:01:32.913133,2025-02-25 11:01:44.990066,12.076933
channel-208,1490623,30320874,30320884,10,2025-02-25 11:01:34.200345,2025-02-25 11:01:49.514139,15.313794
channel-2188,43789,30320877,30320882,5,2025-02-25 11:01:38.266072,2025-02-25 11:01:47.290550,9.024478
channel-6994,1325169,30320877,30320888,11,2025-02-25 11:01:38.266072,2025-02-25 11:01:57.304370,19.038298
channel-6994,1325170,30320877,30320888,11,2025-02-25 11:01:38.266072,2025-02-25 11:01:57.304370,19.038298
channel-6994,1325171,30320877,30320906,29,2025-02-25 11:01:38.266072,2025-02-25 11:02:19.973746,41.707674
channel-6994,1325172,30320884,30320893,9,2025-02-25 11:01:49.514139,2025-02-25 11:02:03.144897,13.630758
channel-143,128422,30320886,30320897,11,2025-02-25 11:01:52.315351,2025-02-25 11:02:07.838190,15.522839
channel-1,408517,30320904,30320915,11,2025-02-25 11:02:16.680838,2025-02-25 11:02:31.560064,14.879226
channel-0,4039256,30320916,30320942,26,2025-02-25 11:02:33.045623,2025-02-25 11:03:05.923775,32.878152
channel-208,1490624,30320923,30320933,10,2025-02-25 11:02:41.245194,2025-02-25 11:02:53.882044,12.63685
channel-199,132776,30320924,30320934,10,2025-02-25 11:02:42.353256,2025-02-25 11:02:56.182532,13.829276
channel-750,683625,30320925,30320933,8,2025-02-25 11:02:43.462170,2025-02-25 11:02:53.882044,10.419874
channel-874,293326,30320928,30320933,5,2025-02-25 11:02:48.022084,2025-02-25 11:02:53.882044,5.85996
channel-19774,346083,30320931,30320940,9,2025-02-25 11:02:51.557351,2025-02-25 11:03:03.480937,11.923586
channel-750,683626,30320933,30320937,4,2025-02-25 11:02:53.882044,2025-02-25 11:03:00.150856,6.268812
channel-750,683627,30320934,30320939,5,2025-02-25 11:02:56.182532,2025-02-25 11:03:02.379869,6.197337
channel-874,293327,30320941,30320948,7,2025-02-25 11:03:04.691220,2025-02-25 11:03:13.043009,8.351789
channel-0,4039257,30320941,30320951,10,2025-02-25 11:03:04.691220,2025-02-25 11:03:16.546242,11.855022
channel-0,4039258,30320942,30320968,26,2025-02-25 11:03:05.923775,2025-02-25 11:03:39.711647,33.787872
channel-229,55035,30320947,30320962,15,2025-02-25 11:03:11.890782,2025-02-25 11:03:32.779275,20.888493
channel-0,4039259,30320948,30320959,11,2025-02-25 11:03:13.043009,2025-02-25 11:03:27.958200,14.915191
channel-6994,1325173,30320955,30320973,18,2025-02-25 11:03:21.680582,2025-02-25 11:03:46.488200,24.807618
channel-874,293328,30320960,30320965,5,2025-02-25 11:03:30.268845,2025-02-25 11:03:36.301225,6.03238
channel-750,683628,30320968,30320979,11,2025-02-25 11:03:39.711647,2025-02-25 11:03:58.432920,18.721273
channel-208,1490625,30320974,30320984,10,2025-02-25 11:03:48.624401,2025-02-25 11:04:04.060561,15.43616
channel-0,4039260,30320978,30320989,11,2025-02-25 11:03:57.312646,2025-02-25 11:04:11.633069,14.320423
channel-750,683629,30320978,30320983,5,2025-02-25 11:03:57.312646,2025-02-25 11:04:02.950353,5.637707
channel-8,43465,30320981,30321001,20,2025-02-25 11:04:00.685303,2025-02-25 11:04:26.100908,25.415605
channel-750,683630,30320987,30320991,4,2025-02-25 11:04:09.113703,2025-02-25 11:04:14.020406,4.906703
channel-6787,166745,30320991,30320996,5,2025-02-25 11:04:14.020406,2025-02-25 11:04:20.087627,6.067221
channel-85077,60633,30320992,30321001,9,2025-02-25 11:04:15.114931,2025-02-25 11:04:26.100908,10.985977
channel-4,167036,30320993,30321001,8,2025-02-25 11:04:16.448079,2025-02-25 11:04:26.100908,9.652829
channel-85077,60634,30320994,30321001,7,2025-02-25 11:04:17.597457,2025-02-25 11:04:26.100908,8.503451
channel-85077,60635,30320995,30321004,9,2025-02-25 11:04:18.917091,2025-02-25 11:04:32.677213,13.760122
channel-259,314400,30320997,30321001,4,2025-02-25 11:04:21.335705,2025-02-25 11:04:26.100908,4.765203
channel-85077,60636,30321001,30321011,10,2025-02-25 11:04:26.100908,2025-02-25 11:04:40.755612,14.654704
channel-4,167037,30321001,30321015,14,2025-02-25 11:04:26.100908,2025-02-25 11:04:45.828540,19.727632
channel-6994,1325174,30321002,30321011,9,2025-02-25 11:04:30.477427,2025-02-25 11:04:40.755612,10.278185
channel-85077,60637,30321003,30321013,10,2025-02-25 11:04:31.645499,2025-02-25 11:04:43.542120,11.896621
channel-6994,1325175,30321007,30321017,10,2025-02-25 11:04:36.102446,2025-02-25 11:04:49.164282,13.061836
channel-89321,19491,30321007,30321012,5,2025-02-25 11:04:36.102446,2025-02-25 11:04:42.373751,6.271305
channel-85077,60638,30321009,30321018,9,2025-02-25 11:04:38.343597,2025-02-25 11:04:50.434944,12.091347
channel-6994,1325176,30321011,30321021,10,2025-02-25 11:04:40.755612,2025-02-25 11:04:54.485666,13.730054
channel-750,683631,30321018,30321036,18,2025-02-25 11:04:50.434944,2025-02-25 11:05:14.297916,23.862972
channel-204,670831,30321034,30321040,6,2025-02-25 11:05:10.869820,2025-02-25 11:05:21.072712,10.202892
channel-208,1490626,30321045,30321054,9,2025-02-25 11:05:26.795439,2025-02-25 11:05:37.533641,10.738202
channel-750,683632,30321059,30321064,5,2025-02-25 11:05:43.262397,2025-02-25 11:05:50.914650,7.652253
channel-750,683633,30321061,30321065,4,2025-02-25 11:05:47.272347,2025-02-25 11:05:52.158070,4.885723
channel-750,683634,30321064,30321069,5,2025-02-25 11:05:50.914650,2025-02-25 11:06:00.222219,9.307569
channel-91017,2892,30321065,30321076,11,2025-02-25 11:05:52.158070,2025-02-25 11:06:08.256540,16.09847
channel-2188,43790,30321073,30321078,5,2025-02-25 11:06:04.916278,2025-02-25 11:06:10.716826,5.800548
channel-85077,60639,30321076,30321084,8,2025-02-25 11:06:08.256540,2025-02-25 11:06:18.623024,10.366484
channel-0,4039261,30321082,30321095,13,2025-02-25 11:06:16.249549,2025-02-25 11:06:31.768418,15.518869
channel-750,683635,30321112,30321118,6,2025-02-25 11:06:53.019489,2025-02-25 11:07:03.082817,10.063328
channel-208,1490627,30321115,30321127,12,2025-02-25 11:06:56.353477,2025-02-25 11:07:15.045021,18.691544
channel-326,538160,30321117,30321123,6,2025-02-25 11:07:01.950806,2025-02-25 11:07:09.191844,7.241038
channel-0,4039262,30321129,30321137,8,2025-02-25 11:07:17.404565,2025-02-25 11:07:30.503870,13.099305
channel-0,4039263,30321132,30321143,11,2025-02-25 11:07:22.295695,2025-02-25 11:07:37.372910,15.077215
channel-85077,60640,30321136,30321147,11,2025-02-25 11:07:29.337026,2025-02-25 11:07:42.851042,13.514016
channel-85077,60641,30321143,30321150,7,2025-02-25 11:07:37.372910,2025-02-25 11:07:50.390859,13.017949
channel-1279,67135,30321159,30321172,13,2025-02-25 11:08:01.384765,2025-02-25 11:08:17.701559,16.316794
channel-85077,60642,30321163,30321172,9,2025-02-25 11:08:06.929923,2025-02-25 11:08:17.701559,10.771636
channel-85077,60643,30321168,30321177,9,2025-02-25 11:08:13.055835,2025-02-25 11:08:24.792321,11.736486
channel-0,4039264,30321169,30321178,9,2025-02-25 11:08:14.143107,2025-02-25 11:08:25.960518,11.817411
channel-492,20124,30321171,30321181,10,2025-02-25 11:08:16.478480,2025-02-25 11:08:29.292894,12.814414
channel-85077,60644,30321172,30321180,8,2025-02-25 11:08:17.701559,2025-02-25 11:08:28.158990,10.457431
channel-6994,1325177,30321175,30321187,12,2025-02-25 11:08:22.415146,2025-02-25 11:08:37.860448,15.445302
channel-0,4039265,30321177,30321187,10,2025-02-25 11:08:24.792321,2025-02-25 11:08:37.860448,13.068127
channel-6994,1325178,30321182,30321192,10,2025-02-25 11:08:30.469838,2025-02-25 11:08:43.407155,12.937317
channel-783,104325,30321184,30321191,7,2025-02-25 11:08:34.349069,2025-02-25 11:08:42.292454,7.943385
channel-0,4039266,30321189,30321206,17,2025-02-25 11:08:40.118024,2025-02-25 11:08:59.677313,19.559289
channel-783,104326,30321194,30321200,6,2025-02-25 11:08:45.601185,2025-02-25 11:08:52.746781,7.145596
channel-0,4039267,30321197,30321206,9,2025-02-25 11:08:49.214646,2025-02-25 11:08:59.677313,10.462667
channel-0,4039268,30321201,30321211,10,2025-02-25 11:08:53.930924,2025-02-25 11:09:06.304642,12.373718
channel-6994,1325179,30321206,30321216,10,2025-02-25 11:08:59.677313,2025-02-25 11:09:12.442030,12.764717
channel-122,668160,30321211,30321215,4,2025-02-25 11:09:06.304642,2025-02-25 11:09:10.693512,4.38887
channel-0,4039269,30321211,30321221,10,2025-02-25 11:09:06.304642,2025-02-25 11:09:18.530006,12.225364
channel-0,4039270,30321216,30321226,10,2025-02-25 11:09:12.442030,2025-02-25 11:09:29.461722,17.019692
channel-1,408518,30321219,30321228,9,2025-02-25 11:09:16.243446,2025-02-25 11:09:32.846378,16.602932
channel-2,130660,30321224,30321232,8,2025-02-25 11:09:26.168251,2025-02-25 11:09:37.530721,11.36247
channel-122,668161,30321226,30321231,5,2025-02-25 11:09:29.461722,2025-02-25 11:09:36.400499,6.938777
channel-0,4039271,30321226,30321236,10,2025-02-25 11:09:29.461722,2025-02-25 11:09:43.841748,14.380026
channel-88,467158,30321229,30321243,14,2025-02-25 11:09:33.999224,2025-02-25 11:09:52.180515,18.181291
channel-0,4039272,30321235,30321245,10,2025-02-25 11:09:40.933359,2025-02-25 11:09:55.730537,14.797178
channel-340,3190,30321235,30321248,13,2025-02-25 11:09:40.933359,2025-02-25 11:09:59.179009,18.24565
channel-492,20125,30321238,30321248,10,2025-02-25 11:09:46.332779,2025-02-25 11:09:59.179009,12.84623
channel-750,683636,30321243,30321253,10,2025-02-25 11:09:52.180515,2025-02-25 11:10:06.527573,14.347058
channel-75,845138,30321244,30321252,8,2025-02-25 11:09:54.476864,2025-02-25 11:10:04.347223,9.870359
channel-1,408519,30321252,30321272,20,2025-02-25 11:10:04.347223,2025-02-25 11:10:32.937735,28.590512
channel-0,4039273,30321262,30321271,9,2025-02-25 11:10:17.337582,2025-02-25 11:10:30.637675,13.300093
channel-750,683637,30321269,30321280,11,2025-02-25 11:10:25.121235,2025-02-25 11:10:42.254979,17.133744
channel-0,4039274,30321272,30321304,32,2025-02-25 11:10:32.937735,2025-02-25 11:11:12.417648,39.479913
channel-6994,1325180,30321274,30321295,21,2025-02-25 11:10:35.304051,2025-02-25 11:11:02.321955,27.017904
channel-21113,25349,30321278,30321284,6,2025-02-25 11:10:40.018200,2025-02-25 11:10:48.737878,8.719678
channel-6994,1325181,30321282,30321290,8,2025-02-25 11:10:45.123053,2025-02-25 11:10:56.445096,11.322043
channel-6994,1325182,30321282,30321290,8,2025-02-25 11:10:45.123053,2025-02-25 11:10:56.445096,11.322043
channel-208,1490628,30321290,30321300,10,2025-02-25 11:10:56.445096,2025-02-25 11:11:07.880499,11.435403
channel-208,1490629,30321295,30321305,10,2025-02-25 11:11:02.321955,2025-02-25 11:11:13.822442,11.500487
channel-0,4039275,30321305,30321328,23,2025-02-25 11:11:13.822442,2025-02-25 11:11:43.887004,30.064562
channel-85077,60645,30321306,30321332,26,2025-02-25 11:11:14.938116,2025-02-25 11:11:48.623989,33.685873
channel-0,4039276,30321310,30321319,9,2025-02-25 11:11:19.440756,2025-02-25 11:11:30.422102,10.981346
channel-208,1490630,30321311,30321319,8,2025-02-25 11:11:20.738516,2025-02-25 11:11:30.422102,9.683586
channel-0,4039277,30321322,30321333,11,2025-02-25 11:11:36.563103,2025-02-25 11:11:50.762845,14.199742
channel-208,1490631,30321338,30321348,10,2025-02-25 11:11:56.448454,2025-02-25 11:12:12.659181,16.210727
channel-122,668162,30321338,30321342,4,2025-02-25 11:11:56.448454,2025-02-25 11:12:04.252705,7.804251
channel-1,408520,30321348,30321365,17,2025-02-25 11:12:12.659181,2025-02-25 11:12:34.313530,21.654349
channel-6994,1325183,30321349,30321358,9,2025-02-25 11:12:13.883335,2025-02-25 11:12:25.913187,12.029852
channel-750,683638,30321354,30321372,18,2025-02-25 11:12:21.250431,2025-02-25 11:12:43.631474,22.381043
channel-0,4039278,30321358,30321370,12,2025-02-25 11:12:25.913187,2025-02-25 11:12:39.963588,14.050401
channel-259,314401,30321365,30321371,6,2025-02-25 11:12:34.313530,2025-02-25 11:12:42.241186,7.927656
channel-108,39861,30321366,30321400,34,2025-02-25 11:12:35.471534,2025-02-25 11:13:16.434279,40.962745
channel-122,668163,30321368,30321371,3,2025-02-25 11:12:37.608186,2025-02-25 11:12:42.241186,4.633
channel-1429,140765,30321370,30321381,11,2025-02-25 11:12:39.963588,2025-02-25 11:12:53.829601,13.866013
channel-782,310239,30321383,30321389,6,2025-02-25 11:12:56.771405,2025-02-25 11:13:03.856100,7.084695
channel-0,4039279,30321386,30321400,14,2025-02-25 11:13:00.297427,2025-02-25 11:13:16.434279,16.136852
channel-75,845139,30321393,30321401,8,2025-02-25 11:13:08.396079,2025-02-25 11:13:17.735411,9.339332
channel-38946,124241,30321396,30321434,38,2025-02-25 11:13:11.892107,2025-02-25 11:14:01.057933,49.165826
channel-1,408521,30321398,30321428,30,2025-02-25 11:13:14.222604,2025-02-25 11:13:53.980278,39.757674
channel-6897,5646,30321402,30321410,8,2025-02-25 11:13:19.013355,2025-02-25 11:13:28.266212,9.252857
channel-0,4039280,30321408,30321418,10,2025-02-25 11:13:25.864294,2025-02-25 11:13:40.495041,14.630747
channel-0,4039281,30321415,30321423,8,2025-02-25 11:13:36.378925,2025-02-25 11:13:48.332854,11.953929
channel-38946,124242,30321419,30321434,15,2025-02-25 11:13:42.728716,2025-02-25 11:14:01.057933,18.329217
channel-750,683639,30321420,30321438,18,2025-02-25 11:13:43.789027,2025-02-25 11:14:05.568449,21.779422
channel-0,4039282,30321427,30321438,11,2025-02-25 11:13:52.914755,2025-02-25 11:14:05.568449,12.653694
channel-0,4039283,30321429,30321438,9,2025-02-25 11:13:55.100169,2025-02-25 11:14:05.568449,10.46828
channel-21113,25350,30321439,30321445,6,2025-02-25 11:14:07.861815,2025-02-25 11:14:16.068647,8.206832
channel-6994,1325184,30321453,30321480,27,2025-02-25 11:14:25.699882,2025-02-25 11:15:03.508352,37.80847
channel-0,4039284,30321454,30321461,7,2025-02-25 11:14:26.936649,2025-02-25 11:14:38.413881,11.477232
channel-89321,19492,30321459,30321467,8,2025-02-25 11:14:36.149582,2025-02-25 11:14:46.294020,10.144438
channel-21113,25351,30321470,30321477,7,2025-02-25 11:14:51.053876,2025-02-25 11:15:00.202062,9.148186
channel-19774,346084,30321473,30321481,8,2025-02-25 11:14:54.592208,2025-02-25 11:15:05.221624,10.629416
channel-8,43466,30321473,30321496,23,2025-02-25 11:14:54.592208,2025-02-25 11:15:27.383850,32.791642
channel-85077,60646,30321476,30321487,11,2025-02-25 11:14:59.086500,2025-02-25 11:15:12.266075,13.179575
channel-0,4039285,30321481,30321491,10,2025-02-25 11:15:05.221624,2025-02-25 11:15:16.864463,11.642839
channel-85077,60647,30321483,30321491,8,2025-02-25 11:15:07.626438,2025-02-25 11:15:16.864463,9.238025
channel-85077,60648,30321487,30321493,6,2025-02-25 11:15:12.266075,2025-02-25 11:15:22.232450,9.966375
channel-38946,124243,30321493,30321508,15,2025-02-25 11:15:22.232450,2025-02-25 11:15:41.753008,19.520558
channel-326,538162,30321495,30321511,16,2025-02-25 11:15:24.683153,2025-02-25 11:15:45.142064,20.458911
channel-0,4039286,30321510,30321517,7,2025-02-25 11:15:43.975213,2025-02-25 11:15:54.898032,10.922819
channel-0,4039287,30321516,30321545,29,2025-02-25 11:15:53.741943,2025-02-25 11:16:30.978233,37.23629
channel-4,167038,30321517,30321536,19,2025-02-25 11:15:54.898032,2025-02-25 11:16:17.314434,22.416402
channel-259,314402,30321518,30321526,8,2025-02-25 11:15:56.038241,2025-02-25 11:16:05.869548,9.831307
channel-259,314403,30321525,30321532,7,2025-02-25 11:16:04.775482,2025-02-25 11:16:12.835834,8.060352
channel-208,1490632,30321529,30321540,11,2025-02-25 11:16:09.494086,2025-02-25 11:16:22.830206,13.33612
channel-2188,43791,30321531,30321536,5,2025-02-25 11:16:11.705454,2025-02-25 11:16:17.314434,5.60898
channel-0,4039288,30321533,30321545,12,2025-02-25 11:16:13.928971,2025-02-25 11:16:30.978233,17.049262
channel-6994,1325185,30321540,30321547,7,2025-02-25 11:16:22.830206,2025-02-25 11:16:34.335541,11.505335
channel-0,4039289,30321542,30321550,8,2025-02-25 11:16:25.960686,2025-02-25 11:16:37.663086,11.7024
channel-208,1490633,30321545,30321556,11,2025-02-25 11:16:30.978233,2025-02-25 11:16:44.791524,13.813291
channel-1,408522,30321547,30321557,10,2025-02-25 11:16:34.335541,2025-02-25 11:16:49.253771,14.91823
channel-1,408523,30321549,30321561,12,2025-02-25 11:16:36.497030,2025-02-25 11:16:54.202002,17.704972
channel-6787,166746,30321550,30321555,5,2025-02-25 11:16:37.663086,2025-02-25 11:16:43.549486,5.8864
channel-2188,43792,30321553,30321556,3,2025-02-25 11:16:41.094386,2025-02-25 11:16:44.791524,3.697138
channel-6994,1325186,30321554,30321564,10,2025-02-25 11:16:42.336932,2025-02-25 11:16:58.821043,16.484111
channel-0,4039290,30321555,30321578,23,2025-02-25 11:16:43.549486,2025-02-25 11:17:20.759757,37.210271
channel-1,408524,30321561,30321577,16,2025-02-25 11:16:54.202002,2025-02-25 11:17:19.648445,25.446443
channel-750,683640,30321563,30321580,17,2025-02-25 11:16:57.738419,2025-02-25 11:17:23.761451,26.023032
channel-208,1490634,30321564,30321572,8,2025-02-25 11:16:58.821043,2025-02-25 11:17:13.984832,15.163789
channel-4,167039,30321564,30321573,9,2025-02-25 11:16:58.821043,2025-02-25 11:17:15.164937,16.343894
channel-113,301347,30321565,30321594,29,2025-02-25 11:17:03.245402,2025-02-25 11:17:42.802613,39.557211
channel-72,516441,30321566,30321606,40,2025-02-25 11:17:05.389761,2025-02-25 11:17:58.840456,53.450695
channel-42,1490046,30321566,30321580,14,2025-02-25 11:17:05.389761,2025-02-25 11:17:23.761451,18.37169
channel-6994,1325187,30321568,30321577,9,2025-02-25 11:17:08.011573,2025-02-25 11:17:19.648445,11.636872
channel-0,4039291,30321569,30321578,9,2025-02-25 11:17:10.448131,2025-02-25 11:17:20.759757,10.311626
channel-2188,43793,30321571,30321576,5,2025-02-25 11:17:12.850674,2025-02-25 11:17:18.453146,5.602472
channel-874,293329,30321571,30321580,9,2025-02-25 11:17:12.850674,2025-02-25 11:17:23.761451,10.910777
channel-0,4039292,30321577,30321587,10,2025-02-25 11:17:19.648445,2025-02-25 11:17:33.149818,13.501373
channel-0,4039293,30321580,30321603,23,2025-02-25 11:17:23.761451,2025-02-25 11:17:55.184365,31.422914
channel-2,130661,30321582,30321591,9,2025-02-25 11:17:27.561754,2025-02-25 11:17:38.000227,10.438473
channel-326,538163,30321587,30321593,6,2025-02-25 11:17:33.149818,2025-02-25 11:17:41.543670,8.393852
channel-1,408525,30321587,30321603,16,2025-02-25 11:17:33.149818,2025-02-25 11:17:55.184365,22.034547
channel-113,301348,30321588,30321621,33,2025-02-25 11:17:34.361736,2025-02-25 11:18:17.941587,43.579851
channel-208,1490635,30321590,30321599,9,2025-02-25 11:17:36.870967,2025-02-25 11:17:49.589535,12.718568
channel-0,4039294,30321591,30321600,9,2025-02-25 11:17:38.000227,2025-02-25 11:17:50.789228,12.789001
channel-2188,43794,30321593,30321597,4,2025-02-25 11:17:41.543670,2025-02-25 11:17:46.275494,4.731824
channel-0,4039295,30321597,30321608,11,2025-02-25 11:17:46.275494,2025-02-25 11:18:01.198329,14.922835
channel-91017,2893,30321606,30321620,14,2025-02-25 11:17:58.840456,2025-02-25 11:18:16.747911,17.907455
channel-326,538164,30321611,30321631,20,2025-02-25 11:18:04.841924,2025-02-25 11:18:31.037369,26.195445
channel-874,293330,30321613,30321620,7,2025-02-25 11:18:07.143592,2025-02-25 11:18:16.747911,9.604319
channel-0,4039296,30321617,30321628,11,2025-02-25 11:18:13.440968,2025-02-25 11:18:27.468965,14.027997
channel-2188,43795,30321618,30321622,4,2025-02-25 11:18:14.530249,2025-02-25 11:18:20.529362,5.999113
channel-0,4039297,30321635,30321643,8,2025-02-25 11:18:35.897860,2025-02-25 11:18:46.138722,10.240862
channel-874,293331,30321640,30321646,6,2025-02-25 11:18:41.625619,2025-02-25 11:18:50.093456,8.467837
channel-0,4039298,30321641,30321654,13,2025-02-25 11:18:43.856648,2025-02-25 11:18:59.228461,15.371813
channel-85077,60649,30321642,30321652,10,2025-02-25 11:18:45.047023,2025-02-25 11:18:56.883146,11.836123
channel-2188,43796,30321643,30321647,4,2025-02-25 11:18:46.138722,2025-02-25 11:18:51.227341,5.088619
channel-0,4039299,30321646,30321658,12,2025-02-25 11:18:50.093456,2025-02-25 11:19:04.842695,14.749239
channel-208,1490636,30321658,30321666,8,2025-02-25 11:19:04.842695,2025-02-25 11:19:16.574986,11.732291
channel-0,4039300,30321663,30321671,8,2025-02-25 11:19:12.926785,2025-02-25 11:19:23.768806,10.842021
channel-0,4039301,30321663,30321671,8,2025-02-25 11:19:12.926785,2025-02-25 11:19:23.768806,10.842021
channel-783,104327,30321664,30321797,133,2025-02-25 11:19:14.185479,2025-02-25 11:22:15.264100,181.078621
channel-2188,43797,30321667,30321671,4,2025-02-25 11:19:17.701889,2025-02-25 11:19:23.768806,6.066917
channel-0,4039302,30321685,30321693,8,2025-02-25 11:19:41.387211,2025-02-25 11:19:54.476172,13.088961
channel-2188,43798,30321689,30321693,4,2025-02-25 11:19:46.095169,2025-02-25 11:19:54.476172,8.381003
channel-0,4039303,30321689,30321696,7,2025-02-25 11:19:46.095169,2025-02-25 11:19:57.957716,11.862547
channel-0,4039304,30321699,30321709,10,2025-02-25 11:20:04.783639,2025-02-25 11:20:17.777098,12.993459
channel-0,4039305,30321699,30321709,10,2025-02-25 11:20:04.783639,2025-02-25 11:20:17.777098,12.993459
channel-85077,60650,30321703,30321713,10,2025-02-25 11:20:09.492591,2025-02-25 11:20:23.103148,13.610557
channel-1,408526,30321704,30321716,12,2025-02-25 11:20:10.745226,2025-02-25 11:20:26.442674,15.697448
channel-2188,43799,30321710,30321714,4,2025-02-25 11:20:18.973918,2025-02-25 11:20:24.252618,5.2787
channel-85077,60651,30321710,30321721,11,2025-02-25 11:20:18.973918,2025-02-25 11:20:32.240824,13.266906
channel-6994,1325188,30321722,30321734,12,2025-02-25 11:20:33.305963,2025-02-25 11:20:48.544059,15.238096
channel-0,4039306,30321722,30321732,10,2025-02-25 11:20:33.305963,2025-02-25 11:20:46.169308,12.863345
channel-85077,60652,30321725,30321741,16,2025-02-25 11:20:37.599722,2025-02-25 11:20:56.558522,18.9588
channel-0,4039307,30321727,30321739,12,2025-02-25 11:20:39.944939,2025-02-25 11:20:54.283715,14.338776
channel-0,4039308,30321727,30321739,12,2025-02-25 11:20:39.944939,2025-02-25 11:20:54.283715,14.338776
channel-2188,43800,30321734,30321740,6,2025-02-25 11:20:48.544059,2025-02-25 11:20:55.489938,6.945879
channel-0,4039309,30321737,30321746,9,2025-02-25 11:20:52.004000,2025-02-25 11:21:04.218531,12.214531
channel-0,4039310,30321737,30321746,9,2025-02-25 11:20:52.004000,2025-02-25 11:21:04.218531,12.214531
channel-6994,1325189,30321739,30321748,9,2025-02-25 11:20:54.283715,2025-02-25 11:21:06.519052,12.235337
channel-0,4039311,30321758,30321764,6,2025-02-25 11:21:24.900206,2025-02-25 11:21:32.177137,7.276931
channel-229,55036,30321766,30321782,16,2025-02-25 11:21:34.936799,2025-02-25 11:21:55.128252,20.191453
channel-0,4039312,30321766,30321778,12,2025-02-25 11:21:34.936799,2025-02-25 11:21:50.510710,15.573911
channel-208,1490637,30321772,30321782,10,2025-02-25 11:21:42.842750,2025-02-25 11:21:55.128252,12.285502
channel-783,104328,30321774,30321782,8,2025-02-25 11:21:45.182693,2025-02-25 11:21:55.128252,9.945559
channel-47,198642,30321778,30321792,14,2025-02-25 11:21:50.510710,2025-02-25 11:22:09.440226,18.929516
channel-0,4039313,30321778,30321787,9,2025-02-25 11:21:50.510710,2025-02-25 11:22:01.634206,11.123496
channel-0,4039314,30321787,30321796,9,2025-02-25 11:22:01.634206,2025-02-25 11:22:14.202942,12.568736
channel-0,4039315,30321787,30321796,9,2025-02-25 11:22:01.634206,2025-02-25 11:22:14.202942,12.568736
channel-122,668164,30321788,30321792,4,2025-02-25 11:22:03.674258,2025-02-25 11:22:09.440226,5.765968
channel-208,1490638,30321796,30321807,11,2025-02-25 11:22:14.202942,2025-02-25 11:22:30.182161,15.979219
channel-750,683641,30321797,30321814,17,2025-02-25 11:22:15.264100,2025-02-25 11:22:40.415167,25.151067
channel-208,1490639,30321810,30321820,10,2025-02-25 11:22:34.838565,2025-02-25 11:22:47.401943,12.563378
channel-0,4039316,30321810,30321821,11,2025-02-25 11:22:34.838565,2025-02-25 11:22:48.860602,14.022037
channel-6994,1325190,30321815,30321825,10,2025-02-25 11:22:41.511756,2025-02-25 11:22:53.402850,11.891094
channel-47,198643,30321825,30321841,16,2025-02-25 11:22:53.402850,2025-02-25 11:23:12.134786,18.731936
channel-89321,19493,30321828,30321839,11,2025-02-25 11:22:56.752513,2025-02-25 11:23:09.185630,12.433117
channel-208,1490640,30321831,30321843,12,2025-02-25 11:23:00.214846,2025-02-25 11:23:16.412063,16.197217
channel-73,51343,30321836,30321848,12,2025-02-25 11:23:05.889802,2025-02-25 11:23:21.933272,16.04347
channel-6994,1325191,30321840,30321852,12,2025-02-25 11:23:11.024562,2025-02-25 11:23:27.331744,16.307182
channel-0,4039317,30321852,30321865,13,2025-02-25 11:23:27.331744,2025-02-25 11:23:44.250546,16.918802
channel-6994,1325192,30321872,30321903,31,2025-02-25 11:23:52.222349,2025-02-25 11:24:34.680215,42.457866
channel-0,4039318,30321881,30321892,11,2025-02-25 11:24:04.685384,2025-02-25 11:24:18.271615,13.586231
channel-767,14373,30321885,30321895,10,2025-02-25 11:24:09.369089,2025-02-25 11:24:21.607701,12.238612
channel-184,137443,30321887,30321894,7,2025-02-25 11:24:11.557426,2025-02-25 11:24:20.453391,8.895965
channel-19774,346085,30321891,30321900,9,2025-02-25 11:24:16.961160,2025-02-25 11:24:30.963635,14.002475
channel-6994,1325193,30321893,30321899,6,2025-02-25 11:24:19.314002,2025-02-25 11:24:29.880096,10.566094
channel-20082,9890,30321893,30322091,198,2025-02-25 11:24:19.314002,2025-02-25 11:28:43.454158,264.140156
channel-750,683642,30321894,30321904,10,2025-02-25 11:24:20.453391,2025-02-25 11:24:36.924581,16.47119
channel-750,683643,30321915,30321926,11,2025-02-25 11:24:52.078723,2025-02-25 11:25:09.358011,17.279288
channel-6994,1325194,30321927,30321936,9,2025-02-25 11:25:10.757323,2025-02-25 11:25:22.944761,12.187438
channel-750,683644,30321942,30321952,10,2025-02-25 11:25:30.512237,2025-02-25 11:25:41.964135,11.451898
channel-85077,60653,30321949,30321960,11,2025-02-25 11:25:38.713455,2025-02-25 11:25:52.239453,13.525998
channel-85077,60654,30321952,30321962,10,2025-02-25 11:25:41.964135,2025-02-25 11:25:54.703544,12.739409
channel-750,683645,30321953,30321969,16,2025-02-25 11:25:44.273267,2025-02-25 11:26:03.260239,18.986972
channel-72,516442,30321957,30321989,32,2025-02-25 11:25:48.727256,2025-02-25 11:26:28.487450,39.760194
channel-2188,43801,30321966,30321970,4,2025-02-25 11:25:59.193631,2025-02-25 11:26:04.411014,5.217383
channel-0,4039319,30321968,30321977,9,2025-02-25 11:26:01.899723,2025-02-25 11:26:13.939380,12.039657
channel-326,538165,30321969,30321974,5,2025-02-25 11:26:03.260239,2025-02-25 11:26:09.881894,6.621655
channel-750,683646,30321975,30321992,17,2025-02-25 11:26:11.633550,2025-02-25 11:26:31.949650,20.3161
channel-6994,1325195,30321982,30321996,14,2025-02-25 11:26:19.527465,2025-02-25 11:26:36.640994,17.113529
channel-874,293332,30321984,30322003,19,2025-02-25 11:26:21.877121,2025-02-25 11:26:47.526374,25.649253
channel-0,4039320,30321988,30322015,27,2025-02-25 11:26:27.314157,2025-02-25 11:27:02.861312,35.547155
channel-750,683647,30321990,30321995,5,2025-02-25 11:26:29.617560,2025-02-25 11:26:35.558043,5.940483
channel-72,516443,30321990,30322033,43,2025-02-25 11:26:29.617560,2025-02-25 11:27:28.447116,58.829556
channel-75,845140,30321991,30321998,7,2025-02-25 11:26:30.857630,2025-02-25 11:26:40.293231,9.435601
channel-750,683648,30321992,30322000,8,2025-02-25 11:26:31.949650,2025-02-25 11:26:43.722033,11.772383
channel-750,683649,30321993,30321997,4,2025-02-25 11:26:33.163689,2025-02-25 11:26:37.702035,4.538346
channel-326,538166,30321995,30322003,8,2025-02-25 11:26:35.558043,2025-02-25 11:26:47.526374,11.968331
channel-199,132777,30321997,30322007,10,2025-02-25 11:26:37.702035,2025-02-25 11:26:52.589762,14.887727
channel-6994,1325196,30321997,30322008,11,2025-02-25 11:26:37.702035,2025-02-25 11:26:53.759285,16.05725
channel-874,293333,30321999,30322005,6,2025-02-25 11:26:42.564652,2025-02-25 11:26:50.236364,7.671712
channel-204,670832,30322002,30322009,7,2025-02-25 11:26:46.421756,2025-02-25 11:26:55.490335,9.068579
channel-259,314404,30322002,30322008,6,2025-02-25 11:26:46.421756,2025-02-25 11:26:53.759285,7.337529
channel-199,132778,30322004,30322033,29,2025-02-25 11:26:48.693497,2025-02-25 11:27:28.447116,39.753619
channel-188,190595,30322005,30322020,15,2025-02-25 11:26:50.236364,2025-02-25 11:27:10.171286,19.934922
channel-783,104329,30322005,30322013,8,2025-02-25 11:26:50.236364,2025-02-25 11:27:00.365451,10.129087
channel-88,467159,30322006,30322050,44,2025-02-25 11:26:51.349654,2025-02-25 11:27:51.466518,60.116864
channel-6994,1325197,30322019,30322053,34,2025-02-25 11:27:09.050310,2025-02-25 11:27:56.169681,47.119371
channel-259,314405,30322020,30322025,5,2025-02-25 11:27:10.171286,2025-02-25 11:27:16.231194,6.059908
channel-326,538167,30322024,30322035,11,2025-02-25 11:27:15.042880,2025-02-25 11:27:30.785723,15.742843
channel-88,467160,30322024,30322050,26,2025-02-25 11:27:15.042880,2025-02-25 11:27:51.466518,36.423638
channel-6994,1325198,30322026,30322038,12,2025-02-25 11:27:20.781748,2025-02-25 11:27:35.484687,14.702939
channel-0,4039321,30322032,30322041,9,2025-02-25 11:27:27.323566,2025-02-25 11:27:38.850769,11.527203
channel-144,86696,30322035,30322047,12,2025-02-25 11:27:30.785723,2025-02-25 11:27:47.927995,17.142272
channel-6994,1325199,30322038,30322046,8,2025-02-25 11:27:35.484687,2025-02-25 11:27:45.586153,10.101466
channel-0,4039322,30322044,30322054,10,2025-02-25 11:27:43.181235,2025-02-25 11:27:57.243964,14.062729
channel-2494,31963,30322054,30322067,13,2025-02-25 11:27:57.243964,2025-02-25 11:28:13.531124,16.28716
channel-19774,346086,30322057,30322068,11,2025-02-25 11:28:00.709585,2025-02-25 11:28:14.710733,14.001148
channel-122,668165,30322058,30322061,3,2025-02-25 11:28:02.104229,2025-02-25 11:28:06.646270,4.542041
channel-208,1490641,30322067,30322076,9,2025-02-25 11:28:13.531124,2025-02-25 11:28:24.475826,10.944702
channel-750,683650,30322071,30322080,9,2025-02-25 11:28:18.205812,2025-02-25 11:28:29.459060,11.253248
channel-85077,60655,30322071,30322083,12,2025-02-25 11:28:18.205812,2025-02-25 11:28:33.073736,14.867924
channel-750,683651,30322086,30322093,7,2025-02-25 11:28:36.636356,2025-02-25 11:28:46.888498,10.252142
channel-767,14374,30322095,30322105,10,2025-02-25 11:28:49.187843,2025-02-25 11:29:04.539312,15.351469
channel-0,4039323,30322098,30322108,10,2025-02-25 11:28:53.786916,2025-02-25 11:29:09.577427,15.790511
channel-750,683652,30322098,30322104,6,2025-02-25 11:28:53.786916,2025-02-25 11:29:03.471141,9.684225
channel-122,668166,30322106,30322110,4,2025-02-25 11:29:05.655544,2025-02-25 11:29:11.856997,6.201453
channel-750,683653,30322107,30322114,7,2025-02-25 11:29:07.388331,2025-02-25 11:29:20.984219,13.595888
channel-0,4039324,30322122,30322134,12,2025-02-25 11:29:29.922877,2025-02-25 11:29:43.894556,13.971679
channel-165,71451,30322127,30322147,20,2025-02-25 11:29:36.036232,2025-02-25 11:30:03.886210,27.849978
channel-1,408527,30322139,30322149,10,2025-02-25 11:29:50.194434,2025-02-25 11:30:06.161018,15.966584
channel-73755,5839,30322141,30322151,10,2025-02-25 11:29:55.643818,2025-02-25 11:30:08.736106,13.092288
channel-0,4039325,30322144,30322156,12,2025-02-25 11:30:00.308324,2025-02-25 11:30:14.551081,14.242757
channel-208,1490642,30322149,30322162,13,2025-02-25 11:30:06.161018,2025-02-25 11:30:21.517159,15.356141
channel-75,845141,30322159,30322166,7,2025-02-25 11:30:18.110470,2025-02-25 11:30:27.608540,9.49807
channel-2494,31964,30322167,30322180,13,2025-02-25 11:30:28.851958,2025-02-25 11:30:45.275420,16.423462
channel-85077,60656,30322169,30322179,10,2025-02-25 11:30:31.497116,2025-02-25 11:30:43.962333,12.465217
channel-1,408528,30322172,30322182,10,2025-02-25 11:30:35.208474,2025-02-25 11:30:47.729031,12.520557
channel-1,408529,30322172,30322182,10,2025-02-25 11:30:35.208474,2025-02-25 11:30:47.729031,12.520557
channel-1,408530,30322177,30322187,10,2025-02-25 11:30:41.601514,2025-02-25 11:30:53.645909,12.044395
channel-6994,1325200,30322187,30322194,7,2025-02-25 11:30:53.645909,2025-02-25 11:31:07.237501,13.591592
channel-6994,1325201,30322192,30322201,9,2025-02-25 11:31:03.828191,2025-02-25 11:31:16.318782,12.490591
channel-0,4039326,30322199,30322212,13,2025-02-25 11:31:14.089924,2025-02-25 11:31:29.594456,15.504532
channel-165,71452,30322205,30322222,17,2025-02-25 11:31:20.949711,2025-02-25 11:31:43.775373,22.825662
channel-6994,1325202,30322218,30322228,10,2025-02-25 11:31:39.160004,2025-02-25 11:31:51.599305,12.439301
channel-0,4039327,30322224,30322236,12,2025-02-25 11:31:46.087233,2025-02-25 11:32:01.126593,15.03936
channel-750,683654,30322228,30322239,11,2025-02-25 11:31:51.599305,2025-02-25 11:32:04.708891,13.109586
channel-750,683655,30322229,30322244,15,2025-02-25 11:31:52.705920,2025-02-25 11:32:12.321050,19.61513
channel-0,4039328,30322244,30322253,9,2025-02-25 11:32:12.321050,2025-02-25 11:32:22.191272,9.870222
channel-6994,1325203,30322249,30322260,11,2025-02-25 11:32:17.864130,2025-02-25 11:32:30.279977,12.415847
channel-85077,60657,30322264,30322274,10,2025-02-25 11:32:38.417766,2025-02-25 11:32:52.375604,13.957838
channel-0,4039329,30322264,30322274,10,2025-02-25 11:32:38.417766,2025-02-25 11:32:52.375604,13.957838
channel-0,4039330,30322265,30322274,9,2025-02-25 11:32:39.492958,2025-02-25 11:32:52.375604,12.882646
channel-0,4039331,30322265,30322292,27,2025-02-25 11:32:39.492958,2025-02-25 11:33:15.458577,35.965619
channel-85077,60658,30322266,30322276,10,2025-02-25 11:32:40.880166,2025-02-25 11:32:54.787176,13.90701
channel-750,683656,30322278,30322288,10,2025-02-25 11:32:58.705451,2025-02-25 11:33:10.680473,11.975022
channel-85077,60659,30322278,30322288,10,2025-02-25 11:32:58.705451,2025-02-25 11:33:10.680473,11.975022
channel-122,668167,30322278,30322282,4,2025-02-25 11:32:58.705451,2025-02-25 11:33:03.679799,4.974348
channel-874,293334,30322280,30322286,6,2025-02-25 11:33:01.414564,2025-02-25 11:33:08.453237,7.038673
channel-750,683657,30322285,30322296,11,2025-02-25 11:33:07.205671,2025-02-25 11:33:22.277258,15.071587
channel-38946,124244,30322285,30322303,18,2025-02-25 11:33:07.205671,2025-02-25 11:33:30.569829,23.364158
channel-6787,166747,30322288,30322292,4,2025-02-25 11:33:10.680473,2025-02-25 11:33:15.458577,4.778104
channel-0,4039332,30322289,30322296,7,2025-02-25 11:33:11.856255,2025-02-25 11:33:22.277258,10.421003
channel-750,683658,30322293,30322298,5,2025-02-25 11:33:17.529186,2025-02-25 11:33:24.623643,7.094457
channel-0,4039333,30322297,30322307,10,2025-02-25 11:33:23.400491,2025-02-25 11:33:35.670539,12.270048
channel-251,85255,30322321,30322330,9,2025-02-25 11:33:55.720086,2025-02-25 11:34:09.999689,14.279603
channel-85077,60660,30322322,30322330,8,2025-02-25 11:33:57.875148,2025-02-25 11:34:09.999689,12.124541
channel-6994,1325204,30322326,30322336,10,2025-02-25 11:34:03.729477,2025-02-25 11:34:17.085011,13.355534
channel-0,4039334,30322331,30322343,12,2025-02-25 11:34:11.752182,2025-02-25 11:34:26.617325,14.865143
channel-326,538168,30322333,30322338,5,2025-02-25 11:34:13.901330,2025-02-25 11:34:20.967310,7.06598
channel-0,4039335,30322346,30322357,11,2025-02-25 11:34:30.295435,2025-02-25 11:34:44.279528,13.984093
channel-0,4039336,30322346,30322357,11,2025-02-25 11:34:30.295435,2025-02-25 11:34:44.279528,13.984093
channel-113,301349,30322349,30322374,25,2025-02-25 11:34:34.076281,2025-02-25 11:35:11.186181,37.1099
channel-85077,60661,30322360,30322370,10,2025-02-25 11:34:48.160139,2025-02-25 11:35:02.603535,14.443396
channel-85077,60662,30322361,30322405,44,2025-02-25 11:34:50.845441,2025-02-25 11:35:49.618756,58.773315
channel-85077,60663,30322362,30322379,17,2025-02-25 11:34:52.109472,2025-02-25 11:35:17.014864,24.905392
channel-85077,60664,30322376,30322386,10,2025-02-25 11:35:13.471610,2025-02-25 11:35:25.421060,11.94945
channel-122,668168,30322381,30322386,5,2025-02-25 11:35:19.299079,2025-02-25 11:35:25.421060,6.121981
channel-0,4039337,30322384,30322395,11,2025-02-25 11:35:22.884693,2025-02-25 11:35:37.350777,14.466084
channel-783,104330,30322384,30322392,8,2025-02-25 11:35:22.884693,2025-02-25 11:35:33.781519,10.896826
channel-113,301350,30322390,30322420,30,2025-02-25 11:35:31.536898,2025-02-25 11:36:08.234007,36.697109
channel-6994,1325205,30322395,30322404,9,2025-02-25 11:35:37.350777,2025-02-25 11:35:47.871765,10.520988
channel-0,4039338,30322399,30322410,11,2025-02-25 11:35:42.040515,2025-02-25 11:35:55.471013,13.430498
channel-122,668169,30322400,30322405,5,2025-02-25 11:35:43.159643,2025-02-25 11:35:49.618756,6.459113
channel-0,4039339,30322403,30322415,12,2025-02-25 11:35:46.715458,2025-02-25 11:36:01.307654,14.592196
channel-0,4039340,30322413,30322424,11,2025-02-25 11:35:58.994153,2025-02-25 11:36:13.671323,14.67717
channel-122,668170,30322428,30322432,4,2025-02-25 11:36:18.235473,2025-02-25 11:36:22.799045,4.563572
channel-6994,1325206,30322435,30322444,9,2025-02-25 11:36:27.412760,2025-02-25 11:36:39.365534,11.952774
channel-750,683659,30322443,30322449,6,2025-02-25 11:36:38.190111,2025-02-25 11:36:44.943424,6.753313
channel-122,668171,30322462,30322467,5,2025-02-25 11:37:01.660208,2025-02-25 11:37:08.387668,6.72746
channel-326,538169,30322480,30322486,6,2025-02-25 11:37:24.946998,2025-02-25 11:37:33.771219,8.824221
channel-19774,346087,30322481,30322490,9,2025-02-25 11:37:27.272176,2025-02-25 11:37:41.722635,14.450459
channel-89321,19494,30322484,30322488,4,2025-02-25 11:37:30.781696,2025-02-25 11:37:39.286530,8.504834
channel-0,4039341,30322488,30322499,11,2025-02-25 11:37:39.286530,2025-02-25 11:37:52.343141,13.056611
channel-6787,166748,30322504,30322511,7,2025-02-25 11:37:58.766071,2025-02-25 11:38:06.846677,8.080606
channel-85077,60665,30322511,30322522,11,2025-02-25 11:38:06.846677,2025-02-25 11:38:19.437689,12.591012
channel-88,467161,30322512,30322529,17,2025-02-25 11:38:08.003165,2025-02-25 11:38:32.582980,24.579815
channel-0,4039342,30322517,30322526,9,2025-02-25 11:38:13.675418,2025-02-25 11:38:28.140341,14.464923
channel-208,1490643,30322518,30322526,8,2025-02-25 11:38:14.848442,2025-02-25 11:38:28.140341,13.291899
channel-165,71453,30322524,30322533,9,2025-02-25 11:38:22.737858,2025-02-25 11:38:38.594421,15.856563
channel-88,467162,30322524,30322536,12,2025-02-25 11:38:22.737858,2025-02-25 11:38:44.078385,21.340527
channel-6994,1325207,30322527,30322536,9,2025-02-25 11:38:30.493921,2025-02-25 11:38:44.078385,13.584464
channel-208,1490644,30322533,30322540,7,2025-02-25 11:38:38.594421,2025-02-25 11:38:50.610293,12.015872
channel-783,104331,30322533,30322539,6,2025-02-25 11:38:38.594421,2025-02-25 11:38:48.466532,9.872111
channel-782,310240,30322534,30322539,5,2025-02-25 11:38:41.312566,2025-02-25 11:38:48.466532,7.153966
channel-122,668172,30322536,30322539,3,2025-02-25 11:38:44.078385,2025-02-25 11:38:48.466532,4.388147
channel-0,4039343,30322540,30322551,11,2025-02-25 11:38:50.610293,2025-02-25 11:39:04.347720,13.737427
channel-6994,1325208,30322548,30322560,12,2025-02-25 11:39:00.736358,2025-02-25 11:39:14.611983,13.875625
channel-89321,19495,30322548,30322560,12,2025-02-25 11:39:00.736358,2025-02-25 11:39:14.611983,13.875625
channel-85077,60666,30322551,30322560,9,2025-02-25 11:39:04.347720,2025-02-25 11:39:14.611983,10.264263
channel-165,71454,30322556,30322571,15,2025-02-25 11:39:09.939508,2025-02-25 11:39:28.269954,18.330446
channel-0,4039344,30322556,30322567,11,2025-02-25 11:39:09.939508,2025-02-25 11:39:23.230326,13.290818
channel-85077,60667,30322562,30322571,9,2025-02-25 11:39:17.011313,2025-02-25 11:39:28.269954,11.258641
channel-750,683660,30322562,30322573,11,2025-02-25 11:39:17.011313,2025-02-25 11:39:30.997982,13.986669
channel-6994,1325209,30322562,30322574,12,2025-02-25 11:39:17.011313,2025-02-25 11:39:32.121797,15.110484
channel-750,683661,30322595,30322606,11,2025-02-25 11:39:57.290934,2025-02-25 11:40:12.816841,15.525907
channel-6994,1325210,30322596,30322606,10,2025-02-25 11:39:58.434268,2025-02-25 11:40:12.816841,14.382573
channel-165,71455,30322601,30322618,17,2025-02-25 11:40:04.334873,2025-02-25 11:40:29.868426,25.533553
channel-0,4039345,30322606,30322623,17,2025-02-25 11:40:12.816841,2025-02-25 11:40:37.987397,25.170556
channel-750,683662,30322615,30322623,8,2025-02-25 11:40:26.511780,2025-02-25 11:40:37.987397,11.475617
channel-148,16093,30322616,30322622,6,2025-02-25 11:40:27.584898,2025-02-25 11:40:36.874438,9.28954
channel-6994,1325211,30322617,30322627,10,2025-02-25 11:40:28.657087,2025-02-25 11:40:46.758563,18.101476
channel-88,467163,30322623,30322654,31,2025-02-25 11:40:37.987397,2025-02-25 11:41:22.222257,44.23486
channel-874,293335,30322630,30322635,5,2025-02-25 11:40:51.674276,2025-02-25 11:40:58.485099,6.810823
channel-85077,60668,30322635,30322646,11,2025-02-25 11:40:58.485099,2025-02-25 11:41:12.159879,13.67478
channel-750,683663,30322636,30322648,12,2025-02-25 11:41:00.272186,2025-02-25 11:41:14.526840,14.254654
channel-122,668173,30322638,30322643,5,2025-02-25 11:41:02.617635,2025-02-25 11:41:08.720065,6.10243
channel-750,683664,30322644,30322654,10,2025-02-25 11:41:09.816438,2025-02-25 11:41:22.222257,12.405819
channel-0,4039346,30322647,30322659,12,2025-02-25 11:41:13.359067,2025-02-25 11:41:28.000596,14.641529
channel-98451,48,30322653,30322667,14,2025-02-25 11:41:21.131079,2025-02-25 11:41:38.810343,17.679264
channel-165,71456,30322654,30322663,9,2025-02-25 11:41:22.222257,2025-02-25 11:41:33.140072,10.917815
channel-76971,12247,30322656,30322673,17,2025-02-25 11:41:24.649075,2025-02-25 11:41:46.327355,21.67828
channel-85077,60669,30322658,30322668,10,2025-02-25 11:41:26.834688,2025-02-25 11:41:40.014391,13.179703
channel-874,293336,30322665,30322672,7,2025-02-25 11:41:35.505315,2025-02-25 11:41:45.118900,9.613585
channel-0,4039347,30322666,30322679,13,2025-02-25 11:41:37.620996,2025-02-25 11:41:53.612731,15.991735
channel-89321,19496,30322673,30322684,11,2025-02-25 11:41:46.327355,2025-02-25 11:42:00.355315,14.02796
channel-782,310241,30322676,30322681,5,2025-02-25 11:41:50.075043,2025-02-25 11:41:56.938820,6.863777
channel-1429,140766,30322678,30322686,8,2025-02-25 11:41:52.334000,2025-02-25 11:42:02.777521,10.443521
channel-0,4039348,30322679,30322687,8,2025-02-25 11:41:53.612731,2025-02-25 11:42:03.941022,10.328291
channel-0,4039349,30322689,30322702,13,2025-02-25 11:42:06.355445,2025-02-25 11:42:23.095175,16.73973
channel-326,538170,30322700,30322708,8,2025-02-25 11:42:20.389928,2025-02-25 11:42:30.144829,9.754901
channel-6994,1325212,30322702,30322711,9,2025-02-25 11:42:23.095175,2025-02-25 11:42:38.231824,15.136649
channel-0,4039350,30322703,30322709,6,2025-02-25 11:42:24.208646,2025-02-25 11:42:35.582199,11.373553
channel-750,683665,30322704,30322713,9,2025-02-25 11:42:25.410313,2025-02-25 11:42:40.646332,15.236019
channel-750,683666,30322708,30322722,14,2025-02-25 11:42:30.144829,2025-02-25 11:42:51.157074,21.012245
channel-0,4039351,30322711,30322722,11,2025-02-25 11:42:38.231824,2025-02-25 11:42:51.157074,12.92525
channel-750,683667,30322713,30322722,9,2025-02-25 11:42:40.646332,2025-02-25 11:42:51.157074,10.510742
channel-0,4039352,30322724,30322736,12,2025-02-25 11:42:58.061016,2025-02-25 11:43:16.773158,18.712142
channel-19774,346088,30322728,30322740,12,2025-02-25 11:43:03.794039,2025-02-25 11:43:22.259304,18.465265
channel-122,668174,30322740,30322744,4,2025-02-25 11:43:22.259304,2025-02-25 11:43:26.877597,4.618293
channel-6994,1325213,30322742,30322755,13,2025-02-25 11:43:24.514531,2025-02-25 11:43:40.662086,16.147555
channel-1,408531,30322745,30322754,9,2025-02-25 11:43:28.006303,2025-02-25 11:43:39.310362,11.304059
channel-85077,60670,30322746,30322756,10,2025-02-25 11:43:29.190399,2025-02-25 11:43:42.142608,12.952209
channel-122,668175,30322749,30322752,3,2025-02-25 11:43:32.723638,2025-02-25 11:43:36.998063,4.274425
channel-2188,43802,30322756,30322761,5,2025-02-25 11:43:42.142608,2025-02-25 11:43:47.775901,5.633293
channel-122,668176,30322767,30322772,5,2025-02-25 11:43:55.745554,2025-02-25 11:44:02.610655,6.865101
channel-750,683668,30322769,30322782,13,2025-02-25 11:43:59.199887,2025-02-25 11:44:15.280116,16.080229
channel-750,683669,30322783,30322792,9,2025-02-25 11:44:16.539288,2025-02-25 11:44:28.091945,11.552657
channel-85077,60671,30322787,30322797,10,2025-02-25 11:44:21.179798,2025-02-25 11:44:34.025270,12.845472
channel-6994,1325214,30322792,30322800,8,2025-02-25 11:44:28.091945,2025-02-25 11:44:41.712457,13.620512
channel-0,4039353,30322814,30322826,12,2025-02-25 11:44:58.380028,2025-02-25 11:45:13.773709,15.393681
channel-0,4039354,30322817,30322826,9,2025-02-25 11:45:01.701780,2025-02-25 11:45:13.773709,12.071929
channel-0,4039355,30322827,30322836,9,2025-02-25 11:45:15.297107,2025-02-25 11:45:26.270103,10.972996
channel-88,467164,30322832,30322842,10,2025-02-25 11:45:20.967249,2025-02-25 11:45:37.868185,16.900936
channel-85791,3774,30322835,30322841,6,2025-02-25 11:45:25.043887,2025-02-25 11:45:36.299569,11.255682
channel-750,683670,30322836,30322846,10,2025-02-25 11:45:26.270103,2025-02-25 11:45:42.571776,16.301673
channel-6994,1325215,30322836,30322849,13,2025-02-25 11:45:26.270103,2025-02-25 11:45:47.056903,20.7868
channel-782,310242,30322846,30322853,7,2025-02-25 11:45:42.571776,2025-02-25 11:45:52.539141,9.967365
channel-6994,1325216,30322853,30322863,10,2025-02-25 11:45:52.539141,2025-02-25 11:46:05.438587,12.899446
channel-0,4039356,30322854,30322867,13,2025-02-25 11:45:53.796409,2025-02-25 11:46:10.579155,16.782746
channel-0,4039357,30322854,30322867,13,2025-02-25 11:45:53.796409,2025-02-25 11:46:10.579155,16.782746
channel-750,683671,30322855,30322867,12,2025-02-25 11:45:54.995895,2025-02-25 11:46:10.579155,15.58326
channel-750,683672,30322857,30322870,13,2025-02-25 11:45:57.453765,2025-02-25 11:46:15.036852,17.583087
channel-6994,1325217,30322859,30322868,9,2025-02-25 11:45:59.722821,2025-02-25 11:46:11.624190,11.901369
channel-8945,17754,30322859,30322869,10,2025-02-25 11:45:59.722821,2025-02-25 11:46:12.758051,13.03523
channel-94814,3782,30322861,30322872,11,2025-02-25 11:46:03.239151,2025-02-25 11:46:18.293809,15.054658
channel-88,467165,30322864,30322882,18,2025-02-25 11:46:06.551726,2025-02-25 11:46:30.219109,23.667383
channel-750,683673,30322871,30322882,11,2025-02-25 11:46:17.251095,2025-02-25 11:46:30.219109,12.968014
channel-750,683674,30322872,30322882,10,2025-02-25 11:46:18.293809,2025-02-25 11:46:30.219109,11.9253
channel-750,683675,30322872,30322882,10,2025-02-25 11:46:18.293809,2025-02-25 11:46:30.219109,11.9253
channel-122,668177,30322875,30322879,4,2025-02-25 11:46:21.721535,2025-02-25 11:46:26.406376,4.684841
channel-122,668178,30322876,30322881,5,2025-02-25 11:46:22.937343,2025-02-25 11:46:28.926115,5.988772
channel-750,683676,30322877,30322888,11,2025-02-25 11:46:24.141913,2025-02-25 11:46:41.464407,17.322494
channel-0,4039358,30322881,30322891,10,2025-02-25 11:46:28.926115,2025-02-25 11:46:44.756434,15.830319
channel-6787,166749,30322882,30322887,5,2025-02-25 11:46:30.219109,2025-02-25 11:46:40.105506,9.886397
channel-750,683677,30322882,30322888,6,2025-02-25 11:46:30.219109,2025-02-25 11:46:41.464407,11.245298
channel-79703,4455,30322882,30322895,13,2025-02-25 11:46:30.219109,2025-02-25 11:46:50.184667,19.965558
channel-750,683678,30322882,30322898,16,2025-02-25 11:46:30.219109,2025-02-25 11:46:53.815082,23.595973
channel-750,683679,30322885,30322890,5,2025-02-25 11:46:37.812232,2025-02-25 11:46:43.633801,5.821569
channel-750,683680,30322886,30322891,5,2025-02-25 11:46:38.945251,2025-02-25 11:46:44.756434,5.811183
channel-326,538171,30322891,30322897,6,2025-02-25 11:46:44.756434,2025-02-25 11:46:52.550661,7.794227
channel-122,668179,30322891,30322894,3,2025-02-25 11:46:44.756434,2025-02-25 11:46:48.170169,3.413735
channel-73755,5840,30322895,30322906,11,2025-02-25 11:46:50.184667,2025-02-25 11:47:03.509103,13.324436
channel-38946,124245,30322898,30322915,17,2025-02-25 11:46:53.815082,2025-02-25 11:47:16.033205,22.218123
channel-85077,60672,30322899,30322908,9,2025-02-25 11:46:55.439373,2025-02-25 11:47:05.869395,10.430022
channel-85077,60673,30322909,30322920,11,2025-02-25 11:47:07.083993,2025-02-25 11:47:21.668531,14.584538
channel-750,683681,30322910,30322918,8,2025-02-25 11:47:08.114214,2025-02-25 11:47:19.311338,11.197124
channel-1,408532,30322911,30322923,12,2025-02-25 11:47:10.242090,2025-02-25 11:47:28.614574,18.372484
channel-6994,1325218,30322911,30322921,10,2025-02-25 11:47:10.242090,2025-02-25 11:47:22.787923,12.545833
channel-782,310243,30322914,30322921,7,2025-02-25 11:47:13.743339,2025-02-25 11:47:22.787923,9.044584
channel-85077,60674,30322921,30322931,10,2025-02-25 11:47:22.787923,2025-02-25 11:47:38.715383,15.92746
channel-2188,43803,30322930,30322935,5,2025-02-25 11:47:37.619805,2025-02-25 11:47:43.335293,5.715488
channel-750,683682,30322934,30322948,14,2025-02-25 11:47:42.171115,2025-02-25 11:47:58.301198,16.130083
channel-208,1490645,30322936,30322946,10,2025-02-25 11:47:44.494907,2025-02-25 11:47:56.065930,11.571023
channel-750,683683,30322942,30322956,14,2025-02-25 11:47:51.537191,2025-02-25 11:48:12.140740,20.603549
channel-750,683684,30322944,30322963,19,2025-02-25 11:47:53.723040,2025-02-25 11:48:21.006505,27.283465
channel-208,1490646,30322946,30322952,6,2025-02-25 11:47:56.065930,2025-02-25 11:48:06.189739,10.123809
channel-320,119245,30322948,30322975,27,2025-02-25 11:47:58.301198,2025-02-25 11:48:39.164099,40.862901
channel-874,293337,30322949,30322955,6,2025-02-25 11:48:02.672212,2025-02-25 11:48:10.496621,7.824409
channel-1279,67136,30322956,30322967,11,2025-02-25 11:48:12.140740,2025-02-25 11:48:28.468027,16.327287
channel-6994,1325219,30322956,30322967,11,2025-02-25 11:48:12.140740,2025-02-25 11:48:28.468027,16.327287
channel-208,1490647,30322956,30322965,9,2025-02-25 11:48:12.140740,2025-02-25 11:48:23.978707,11.837967
channel-0,4039359,30322956,30322965,9,2025-02-25 11:48:12.140740,2025-02-25 11:48:23.978707,11.837967
channel-874,293338,30322964,30322967,3,2025-02-25 11:48:22.712045,2025-02-25 11:48:28.468027,5.755982
channel-88,467166,30322965,30322979,14,2025-02-25 11:48:23.978707,2025-02-25 11:48:45.141395,21.162688
channel-0,4039360,30322966,30322978,12,2025-02-25 11:48:26.354071,2025-02-25 11:48:43.778971,17.4249
channel-0,4039361,30322966,30322978,12,2025-02-25 11:48:26.354071,2025-02-25 11:48:43.778971,17.4249
channel-750,683685,30322970,30322987,17,2025-02-25 11:48:33.386611,2025-02-25 11:48:55.075537,21.688926
channel-1429,140767,30322972,30322982,10,2025-02-25 11:48:35.768263,2025-02-25 11:48:49.329556,13.561293
channel-38946,124246,30322973,30323215,242,2025-02-25 11:48:36.876585,2025-02-25 11:53:50.908800,314.032215
channel-94814,3783,30322975,30322987,12,2025-02-25 11:48:39.164099,2025-02-25 11:48:55.075537,15.911438
channel-8945,17755,30322976,30322985,9,2025-02-25 11:48:41.312668,2025-02-25 11:48:52.830354,11.517686
channel-122,668180,30322979,30322985,6,2025-02-25 11:48:45.141395,2025-02-25 11:48:52.830354,7.688959
channel-0,4039362,30322979,30322990,11,2025-02-25 11:48:45.141395,2025-02-25 11:48:58.889912,13.748517
channel-750,683686,30322982,30322997,15,2025-02-25 11:48:49.329556,2025-02-25 11:49:07.672005,18.342449
channel-0,4039363,30322984,30322993,9,2025-02-25 11:48:51.583089,2025-02-25 11:49:03.224336,11.641247
channel-0,4039364,30322984,30322993,9,2025-02-25 11:48:51.583089,2025-02-25 11:49:03.224336,11.641247
channel-750,683687,30322987,30322998,11,2025-02-25 11:48:55.075537,2025-02-25 11:49:09.437496,14.361959
channel-85077,60675,30322988,30323000,12,2025-02-25 11:48:56.613659,2025-02-25 11:49:12.871921,16.258262
channel-750,683688,30322988,30323004,16,2025-02-25 11:48:56.613659,2025-02-25 11:49:17.546268,20.932609
channel-88,467167,30322990,30323008,18,2025-02-25 11:48:58.889912,2025-02-25 11:49:22.235491,23.345579
channel-208,1490648,30322990,30322999,9,2025-02-25 11:48:58.889912,2025-02-25 11:49:11.694068,12.804156
channel-2188,43804,30322994,30322998,4,2025-02-25 11:49:04.274084,2025-02-25 11:49:09.437496,5.163412
channel-750,683689,30322997,30323015,18,2025-02-25 11:49:07.672005,2025-02-25 11:49:30.470118,22.798113
channel-6994,1325220,30322997,30323007,10,2025-02-25 11:49:07.672005,2025-02-25 11:49:21.098474,13.426469
channel-750,683690,30322999,30323018,19,2025-02-25 11:49:11.694068,2025-02-25 11:49:35.233458,23.53939
channel-750,683691,30323000,30323016,16,2025-02-25 11:49:12.871921,2025-02-25 11:49:32.864061,19.99214
channel-750,683692,30323001,30323013,12,2025-02-25 11:49:13.983154,2025-02-25 11:49:28.204982,14.221828
channel-38946,124247,30323001,30323018,17,2025-02-25 11:49:13.983154,2025-02-25 11:49:35.233458,21.250304
channel-750,683693,30323005,30323034,29,2025-02-25 11:49:18.760101,2025-02-25 11:49:54.820538,36.060437
channel-750,683694,30323006,30323051,45,2025-02-25 11:49:19.918729,2025-02-25 11:50:16.028741,56.110012
channel-750,683695,30323006,30323018,12,2025-02-25 11:49:19.918729,2025-02-25 11:49:35.233458,15.314729
channel-750,683696,30323009,30323044,35,2025-02-25 11:49:23.430383,2025-02-25 11:50:07.683417,44.253034
channel-750,683697,30323016,30323031,15,2025-02-25 11:49:32.864061,2025-02-25 11:49:51.391971,18.52791
channel-750,683698,30323022,30323031,9,2025-02-25 11:49:39.859461,2025-02-25 11:49:51.391971,11.53251
channel-750,683699,30323025,30323038,13,2025-02-25 11:49:43.456168,2025-02-25 11:49:59.845423,16.389255
channel-6994,1325221,30323025,30323034,9,2025-02-25 11:49:43.456168,2025-02-25 11:49:54.820538,11.36437
channel-750,683700,30323025,30323039,14,2025-02-25 11:49:43.456168,2025-02-25 11:50:01.009396,17.553228
channel-0,4039365,30323026,30323037,11,2025-02-25 11:49:45.081589,2025-02-25 11:49:58.505310,13.423721
channel-38946,124248,30323026,30323041,15,2025-02-25 11:49:45.081589,2025-02-25 11:50:03.278769,18.19718
channel-750,683701,30323026,30323037,11,2025-02-25 11:49:45.081589,2025-02-25 11:49:58.505310,13.423721
channel-750,683702,30323028,30323051,23,2025-02-25 11:49:47.392770,2025-02-25 11:50:16.028741,28.635971
channel-750,683703,30323029,30323034,5,2025-02-25 11:49:48.483772,2025-02-25 11:49:54.820538,6.336766
channel-122,668181,30323032,30323037,5,2025-02-25 11:49:52.641002,2025-02-25 11:49:58.505310,5.864308
channel-320,119246,30323035,30323080,45,2025-02-25 11:49:56.147235,2025-02-25 11:50:55.902583,59.755348
channel-0,4039366,30323038,30323074,36,2025-02-25 11:49:59.845423,2025-02-25 11:50:48.020952,48.175529
channel-750,683704,30323046,30323058,12,2025-02-25 11:50:10.138569,2025-02-25 11:50:26.173496,16.034927
channel-38946,124249,30323056,30323069,13,2025-02-25 11:50:22.248458,2025-02-25 11:50:42.239876,19.991418
channel-2188,43805,30323059,30323064,5,2025-02-25 11:50:27.450519,2025-02-25 11:50:33.090779,5.64026
channel-750,683705,30323063,30323078,15,2025-02-25 11:50:31.974638,2025-02-25 11:50:52.745379,20.770741
channel-19774,346089,30323065,30323074,9,2025-02-25 11:50:34.897860,2025-02-25 11:50:48.020952,13.123092
channel-251,85256,30323066,30323078,12,2025-02-25 11:50:37.165209,2025-02-25 11:50:52.745379,15.58017
channel-122,668182,30323073,30323078,5,2025-02-25 11:50:46.783775,2025-02-25 11:50:52.745379,5.961604
channel-6994,1325222,30323074,30323087,13,2025-02-25 11:50:48.020952,2025-02-25 11:51:03.898170,15.877218
channel-38946,124250,30323074,30323096,22,2025-02-25 11:50:48.020952,2025-02-25 11:51:14.246775,26.225823
channel-750,683706,30323074,30323088,14,2025-02-25 11:50:48.020952,2025-02-25 11:51:05.006642,16.98569
channel-38946,124251,30323100,30323114,14,2025-02-25 11:51:19.399325,2025-02-25 11:51:38.014471,18.615146
channel-340,3191,30323107,30323115,8,2025-02-25 11:51:28.721207,2025-02-25 11:51:39.223356,10.502149
channel-5,184329,30323108,30323122,14,2025-02-25 11:51:29.969327,2025-02-25 11:51:48.773550,18.804223
channel-85077,60676,30323111,30323121,10,2025-02-25 11:51:33.325923,2025-02-25 11:51:47.603348,14.277425
channel-326,538172,30323125,30323130,5,2025-02-25 11:51:52.064126,2025-02-25 11:51:58.271005,6.206879
channel-0,4039367,30323126,30323136,10,2025-02-25 11:51:53.088209,2025-02-25 11:52:06.375350,13.287141
channel-122,668183,30323127,30323130,3,2025-02-25 11:51:54.305899,2025-02-25 11:51:58.271005,3.965106
channel-1,408533,30323131,30323139,8,2025-02-25 11:51:59.526703,2025-02-25 11:52:09.874567,10.347864
channel-208,1490649,30323133,30323140,7,2025-02-25 11:52:01.890437,2025-02-25 11:52:12.573262,10.682825
channel-38946,124252,30323136,30323148,12,2025-02-25 11:52:06.375350,2025-02-25 11:52:22.927382,16.552032
channel-122,668184,30323136,30323139,3,2025-02-25 11:52:06.375350,2025-02-25 11:52:09.874567,3.499217
channel-2188,43806,30323137,30323140,3,2025-02-25 11:52:07.430457,2025-02-25 11:52:12.573262,5.142805
channel-750,683707,30323139,30323149,10,2025-02-25 11:52:09.874567,2025-02-25 11:52:24.056893,14.182326
channel-0,4039368,30323140,30323157,17,2025-02-25 11:52:12.573262,2025-02-25 11:52:36.872565,24.299303
channel-750,683708,30323141,30323149,8,2025-02-25 11:52:13.801925,2025-02-25 11:52:24.056893,10.254968
channel-750,683709,30323143,30323159,16,2025-02-25 11:52:16.092173,2025-02-25 11:52:39.201529,23.109356
channel-750,683710,30323146,30323160,14,2025-02-25 11:52:19.466264,2025-02-25 11:52:41.602872,22.136608
channel-0,4039369,30323147,30323155,8,2025-02-25 11:52:21.793213,2025-02-25 11:52:34.273278,12.480065
channel-750,683711,30323151,30323179,28,2025-02-25 11:52:29.474898,2025-02-25 11:53:05.920876,36.445978
channel-782,310244,30323152,30323159,7,2025-02-25 11:52:30.529189,2025-02-25 11:52:39.201529,8.67234
channel-0,4039370,30323153,30323161,8,2025-02-25 11:52:31.631652,2025-02-25 11:52:42.647257,11.015605
channel-208,1490650,30323153,30323165,12,2025-02-25 11:52:31.631652,2025-02-25 11:52:47.810652,16.179
channel-38946,124253,30323157,30323171,14,2025-02-25 11:52:36.872565,2025-02-25 11:52:55.760528,18.887963
channel-208,1490651,30323162,30323174,12,2025-02-25 11:52:43.858806,2025-02-25 11:53:00.126575,16.267769
channel-750,683712,30323163,30323177,14,2025-02-25 11:52:45.414689,2025-02-25 11:53:03.695692,18.281003
channel-1429,140768,30323164,30323172,8,2025-02-25 11:52:46.656746,2025-02-25 11:52:56.899362,10.242616
channel-750,683713,30323167,30323182,15,2025-02-25 11:52:51.110366,2025-02-25 11:53:09.682959,18.572593
channel-1,408534,30323172,30323189,17,2025-02-25 11:52:56.899362,2025-02-25 11:53:19.120094,22.220732
channel-143,128423,30323172,30323199,27,2025-02-25 11:52:56.899362,2025-02-25 11:53:31.004654,34.105292
channel-19774,346090,30323175,30323184,9,2025-02-25 11:53:01.331124,2025-02-25 11:53:13.194737,11.863613
channel-750,683714,30323177,30323182,5,2025-02-25 11:53:03.695692,2025-02-25 11:53:09.682959,5.987267
channel-750,683715,30323180,30323197,17,2025-02-25 11:53:07.253101,2025-02-25 11:53:28.660062,21.406961
channel-19774,346091,30323185,30323209,24,2025-02-25 11:53:14.351756,2025-02-25 11:53:42.715127,28.363371
channel-38946,124254,30323189,30323210,21,2025-02-25 11:53:19.120094,2025-02-25 11:53:45.122191,26.002097
channel-0,4039371,30323196,30323205,9,2025-02-25 11:53:27.512473,2025-02-25 11:53:38.217655,10.705182
channel-6994,1325223,30323199,30323208,9,2025-02-25 11:53:31.004654,2025-02-25 11:53:41.455623,10.450969
channel-783,104332,30323201,30323209,8,2025-02-25 11:53:33.552005,2025-02-25 11:53:42.715127,9.163122
channel-38946,124255,30323205,30323240,35,2025-02-25 11:53:38.217655,2025-02-25 11:54:26.980446,48.762791
channel-75,845142,30323205,30323212,7,2025-02-25 11:53:38.217655,2025-02-25 11:53:47.297554,9.079899
channel-750,683716,30323205,30323226,21,2025-02-25 11:53:38.217655,2025-02-25 11:54:04.965354,26.747699
channel-750,683717,30323210,30323223,13,2025-02-25 11:53:45.122191,2025-02-25 11:54:00.993678,15.871487
channel-750,683718,30323212,30323224,12,2025-02-25 11:53:47.297554,2025-02-25 11:54:02.630252,15.332698
channel-85077,60677,30323218,30323236,18,2025-02-25 11:53:54.167391,2025-02-25 11:54:22.299273,28.131882
channel-750,683719,30323219,30323229,10,2025-02-25 11:53:55.300244,2025-02-25 11:54:09.892175,14.591931
channel-750,683720,30323220,30323241,21,2025-02-25 11:53:56.405857,2025-02-25 11:54:28.034840,31.628983
channel-0,4039372,30323222,30323239,17,2025-02-25 11:53:59.686581,2025-02-25 11:54:25.731915,26.045334
channel-750,683721,30323225,30323242,17,2025-02-25 11:54:03.905076,2025-02-25 11:54:29.191369,25.286293
channel-89321,19497,30323231,30323237,6,2025-02-25 11:54:12.288484,2025-02-25 11:54:23.421210,11.132726
channel-6994,1325224,30323239,30323251,12,2025-02-25 11:54:25.731915,2025-02-25 11:54:40.756497,15.024582
channel-1,408535,30323242,30323257,15,2025-02-25 11:54:29.191369,2025-02-25 11:54:47.997594,18.806225
channel-767,14375,30323243,30323257,14,2025-02-25 11:54:31.576832,2025-02-25 11:54:47.997594,16.420762
channel-750,683722,30323245,30323260,15,2025-02-25 11:54:33.823427,2025-02-25 11:54:52.731974,18.908547
channel-0,4039373,30323247,30323261,14,2025-02-25 11:54:36.278788,2025-02-25 11:54:54.329322,18.050534
channel-0,4039374,30323249,30323267,18,2025-02-25 11:54:38.430234,2025-02-25 11:55:01.343672,22.913438
channel-2186,40795,30323251,30323262,11,2025-02-25 11:54:40.756497,2025-02-25 11:54:55.555610,14.799113
channel-750,683723,30323255,30323264,9,2025-02-25 11:54:45.615500,2025-02-25 11:54:57.900377,12.284877
channel-0,4039375,30323256,30323267,11,2025-02-25 11:54:46.830762,2025-02-25 11:55:01.343672,14.51291
channel-4,167040,30323257,30323267,10,2025-02-25 11:54:47.997594,2025-02-25 11:55:01.343672,13.346078
channel-2188,43807,30323258,30323263,5,2025-02-25 11:54:50.481760,2025-02-25 11:54:56.784616,6.302856
channel-208,1490652,30323258,30323267,9,2025-02-25 11:54:50.481760,2025-02-25 11:55:01.343672,10.861912
channel-38946,124256,30323261,30323282,21,2025-02-25 11:54:54.329322,2025-02-25 11:55:20.316891,25.987569
channel-6994,1325225,30323261,30323273,12,2025-02-25 11:54:54.329322,2025-02-25 11:55:09.194319,14.864997
channel-750,683724,30323262,30323276,14,2025-02-25 11:54:55.555610,2025-02-25 11:55:12.572944,17.017334
channel-750,683725,30323265,30323269,4,2025-02-25 11:54:58.925723,2025-02-25 11:55:04.006604,5.080881
channel-326,538173,30323265,30323272,7,2025-02-25 11:54:58.925723,2025-02-25 11:55:08.068131,9.142408
channel-89298,18702,30323274,30323282,8,2025-02-25 11:55:10.262006,2025-02-25 11:55:20.316891,10.054885
channel-750,683726,30323275,30323280,5,2025-02-25 11:55:11.472138,2025-02-25 11:55:17.972802,6.500664
channel-38946,124257,30323277,30323290,13,2025-02-25 11:55:13.787337,2025-02-25 11:55:30.215935,16.428598
channel-750,683727,30323277,30323288,11,2025-02-25 11:55:13.787337,2025-02-25 11:55:27.803331,14.015994
channel-208,1490653,30323280,30323290,10,2025-02-25 11:55:17.972802,2025-02-25 11:55:30.215935,12.243133
channel-0,4039376,30323280,30323290,10,2025-02-25 11:55:17.972802,2025-02-25 11:55:30.215935,12.243133
channel-750,683728,30323282,30323287,5,2025-02-25 11:55:20.316891,2025-02-25 11:55:26.705854,6.388963
channel-750,683729,30323287,30323318,31,2025-02-25 11:55:26.705854,2025-02-25 11:56:08.322639,41.616785
channel-251,85257,30323293,30323302,9,2025-02-25 11:55:35.455572,2025-02-25 11:55:46.240781,10.785209
channel-6994,1325226,30323301,30323314,13,2025-02-25 11:55:45.093454,2025-02-25 11:56:02.071373,16.977919
channel-750,683730,30323302,30323316,14,2025-02-25 11:55:46.240781,2025-02-25 11:56:05.910082,19.669301
channel-208,1490654,30323306,30323316,10,2025-02-25 11:55:53.040492,2025-02-25 11:56:05.910082,12.86959
channel-1,408536,30323307,30323322,15,2025-02-25 11:55:54.158787,2025-02-25 11:56:12.765417,18.60663
channel-750,683731,30323307,30323311,4,2025-02-25 11:55:54.158787,2025-02-25 11:55:58.772504,4.613717
channel-0,4039377,30323310,30323329,19,2025-02-25 11:55:57.640950,2025-02-25 11:56:22.013900,24.37295
channel-199,132779,30323316,30323326,10,2025-02-25 11:56:05.910082,2025-02-25 11:56:18.306845,12.396763
channel-143,128424,30323316,30323333,17,2025-02-25 11:56:05.910082,2025-02-25 11:56:26.805100,20.895018
channel-874,293339,30323327,30323332,5,2025-02-25 11:56:19.351368,2025-02-25 11:56:25.572320,6.220952
channel-6994,1325227,30323330,30323340,10,2025-02-25 11:56:23.175555,2025-02-25 11:56:35.003159,11.827604
channel-750,683732,30323336,30323352,16,2025-02-25 11:56:30.449025,2025-02-25 11:56:48.971879,18.522854
channel-750,683733,30323341,30323362,21,2025-02-25 11:56:36.246930,2025-02-25 11:57:07.167475,30.920545
channel-38946,124258,30323343,30323352,9,2025-02-25 11:56:38.593010,2025-02-25 11:56:48.971879,10.378869
channel-38946,124259,30323345,30323358,13,2025-02-25 11:56:40.944162,2025-02-25 11:57:01.573704,20.629542
channel-0,4039378,30323346,30323356,10,2025-02-25 11:56:42.127472,2025-02-25 11:56:55.771812,13.64434
channel-0,4039379,30323348,30323356,8,2025-02-25 11:56:44.302922,2025-02-25 11:56:55.771812,11.46889
channel-75755,5547,30323349,30323357,8,2025-02-25 11:56:45.444212,2025-02-25 11:57:00.243518,14.799306
channel-122,668185,30323355,30323359,4,2025-02-25 11:56:54.601194,2025-02-25 11:57:03.118770,8.517576
channel-750,683734,30323364,30323385,21,2025-02-25 11:57:09.514094,2025-02-25 11:57:33.900765,24.386671
channel-38946,124260,30323366,30339144,15778,2025-02-25 11:57:11.798657,2025-02-25 17:43:16.357715,20764.559058
channel-750,683735,30323368,30323386,18,2025-02-25 11:57:14.153734,2025-02-25 11:57:35.146363,20.992629
channel-0,4039380,30323371,30323393,22,2025-02-25 11:57:17.638840,2025-02-25 11:57:44.327815,26.688975
channel-199,132780,30323372,30323383,11,2025-02-25 11:57:18.779845,2025-02-25 11:57:31.706411,12.926566
channel-259,314406,30323373,30323381,8,2025-02-25 11:57:19.902714,2025-02-25 11:57:28.996499,9.093785
channel-750,683736,30323381,30323396,15,2025-02-25 11:57:28.996499,2025-02-25 11:57:48.365284,19.368785
channel-750,683737,30323381,30323395,14,2025-02-25 11:57:28.996499,2025-02-25 11:57:46.745760,17.749261
channel-38946,124261,30323382,30339163,15781,2025-02-25 11:57:30.375035,2025-02-25 17:43:45.694880,20775.319845
channel-0,4039381,30323384,30323393,9,2025-02-25 11:57:32.800454,2025-02-25 11:57:44.327815,11.527361
channel-6994,1325228,30323385,30323398,13,2025-02-25 11:57:33.900765,2025-02-25 11:57:50.733677,16.832912
channel-82819,485,30323389,30323398,9,2025-02-25 11:57:38.699872,2025-02-25 11:57:50.733677,12.033805
channel-6994,1325229,30323395,30323405,10,2025-02-25 11:57:46.745760,2025-02-25 11:58:00.916921,14.171161
channel-750,683738,30323398,30323412,14,2025-02-25 11:57:50.733677,2025-02-25 11:58:10.575598,19.841921
channel-122,668186,30323401,30323404,3,2025-02-25 11:57:54.291634,2025-02-25 11:57:58.573669,4.282035
channel-38946,124262,30323401,30323420,19,2025-02-25 11:57:54.291634,2025-02-25 11:58:19.559067,25.267433
channel-750,683739,30323404,30323437,33,2025-02-25 11:57:58.573669,2025-02-25 11:58:41.663725,43.090056
channel-2188,43808,30323412,30323416,4,2025-02-25 11:58:10.575598,2025-02-25 11:58:15.065982,4.490384
channel-750,683740,30323414,30323419,5,2025-02-25 11:58:12.782579,2025-02-25 11:58:18.451382,5.668803
channel-1,408537,30323417,30323429,12,2025-02-25 11:58:16.273002,2025-02-25 11:58:30.893835,14.620833
channel-750,683741,30323422,30323434,12,2025-02-25 11:58:22.859338,2025-02-25 11:58:38.308216,15.448878
channel-750,683742,30323425,30323430,5,2025-02-25 11:58:26.203183,2025-02-25 11:58:32.639049,6.435866
channel-0,4039382,30323426,30323437,11,2025-02-25 11:58:27.370177,2025-02-25 11:58:41.663725,14.293548
channel-122,668187,30323426,30323429,3,2025-02-25 11:58:27.370177,2025-02-25 11:58:30.893835,3.523658
channel-783,104333,30323441,30323448,7,2025-02-25 11:58:46.087847,2025-02-25 11:58:53.824279,7.736432
channel-0,4039383,30323442,30323451,9,2025-02-25 11:58:47.196162,2025-02-25 11:58:58.455343,11.259181
channel-38946,124263,30323442,30323458,16,2025-02-25 11:58:47.196162,2025-02-25 11:59:09.026358,21.830196
channel-750,683743,30323446,30323450,4,2025-02-25 11:58:51.609707,2025-02-25 11:58:56.168562,4.558855
channel-6994,1325230,30323448,30323455,7,2025-02-25 11:58:53.824279,2025-02-25 11:59:04.471169,10.64689
channel-750,683744,30323448,30323457,9,2025-02-25 11:58:53.824279,2025-02-25 11:59:06.812289,12.98801
channel-750,683745,30323452,30323457,5,2025-02-25 11:58:59.669964,2025-02-25 11:59:06.812289,7.142325
channel-0,4039384,30323455,30323475,20,2025-02-25 11:59:04.471169,2025-02-25 11:59:29.024817,24.553648
channel-38946,124264,30323457,30323467,10,2025-02-25 11:59:06.812289,2025-02-25 11:59:19.971164,13.158875
channel-85077,60678,30323458,30323483,25,2025-02-25 11:59:09.026358,2025-02-25 11:59:39.153285,30.126927
channel-750,683746,30323464,30323481,17,2025-02-25 11:59:16.275919,2025-02-25 11:59:36.828014,20.552095
channel-122,668188,30323465,30323469,4,2025-02-25 11:59:17.395551,2025-02-25 11:59:22.194211,4.79866
channel-750,683747,30323470,30323496,26,2025-02-25 11:59:23.275076,2025-02-25 11:59:55.879178,32.604102
channel-6787,166750,30323474,30323478,4,2025-02-25 11:59:27.917908,2025-02-25 11:59:32.526228,4.60832
channel-750,683748,30323475,30323479,4,2025-02-25 11:59:29.024817,2025-02-25 11:59:34.626583,5.601766
channel-6994,1325231,30323475,30323492,17,2025-02-25 11:59:29.024817,2025-02-25 11:59:50.893307,21.86849
channel-750,683749,30323476,30323487,11,2025-02-25 11:59:30.225133,2025-02-25 11:59:43.689758,13.464625
channel-38946,124265,30323478,30323727,249,2025-02-25 11:59:32.526228,2025-02-25 12:04:56.898088,324.37186
channel-184,137444,30323479,30323490,11,2025-02-25 11:59:34.626583,2025-02-25 11:59:47.014442,12.387859
channel-750,683750,30323486,30323502,16,2025-02-25 11:59:42.518657,2025-02-25 12:00:05.480521,22.961864
channel-208,1490655,30323488,30323499,11,2025-02-25 11:59:44.781324,2025-02-25 12:00:00.452918,15.671594
channel-750,683751,30323489,30323494,5,2025-02-25 11:59:45.896301,2025-02-25 11:59:53.552335,7.656034
channel-750,683752,30323491,30323506,15,2025-02-25 11:59:49.702364,2025-02-25 12:00:11.009453,21.307089
channel-750,683753,30323493,30323501,8,2025-02-25 11:59:51.903257,2025-02-25 12:00:04.046574,12.143317
channel-38946,124266,30323500,30323520,20,2025-02-25 12:00:01.597793,2025-02-25 12:00:27.436427,25.838634
channel-208,1490656,30323503,30323512,9,2025-02-25 12:00:06.688906,2025-02-25 12:00:17.991156,11.30225
channel-21113,25352,30323504,30323510,6,2025-02-25 12:00:07.799838,2025-02-25 12:00:15.782189,7.982351
channel-750,683754,30323521,30323530,9,2025-02-25 12:00:28.710894,2025-02-25 12:00:39.859124,11.14823
channel-783,104334,30323523,30323531,8,2025-02-25 12:00:31.208744,2025-02-25 12:00:41.406567,10.197823
channel-115,20422,30323523,30323534,11,2025-02-25 12:00:31.208744,2025-02-25 12:00:44.971095,13.762351
channel-188,190596,30323527,30323564,37,2025-02-25 12:00:36.592045,2025-02-25 12:01:22.470760,45.878715
channel-326,538174,30323528,30323538,10,2025-02-25 12:00:37.627672,2025-02-25 12:00:49.526389,11.898717
channel-750,683755,30323529,30323546,17,2025-02-25 12:00:38.698604,2025-02-25 12:00:59.585818,20.887214
channel-750,683756,30323531,30323541,10,2025-02-25 12:00:41.406567,2025-02-25 12:00:52.870836,11.464269
channel-38946,124267,30323532,30323795,263,2025-02-25 12:00:42.640746,2025-02-25 12:06:25.378440,342.737694
channel-199,132781,30323535,30323544,9,2025-02-25 12:00:46.101226,2025-02-25 12:00:56.329529,10.228303
channel-38946,124268,30323544,30323568,24,2025-02-25 12:00:56.329529,2025-02-25 12:01:30.367606,34.038077
channel-750,683757,30323552,30323563,11,2025-02-25 12:01:07.660841,2025-02-25 12:01:21.312286,13.651445
channel-0,4039385,30323554,30323564,10,2025-02-25 12:01:09.935358,2025-02-25 12:01:22.470760,12.535402
channel-6994,1325232,30323561,30323571,10,2025-02-25 12:01:18.521356,2025-02-25 12:01:34.079800,15.558444
channel-320,119247,30323566,30323598,32,2025-02-25 12:01:28.101222,2025-02-25 12:02:09.650741,41.549519
channel-0,4039386,30323567,30323579,12,2025-02-25 12:01:29.202119,2025-02-25 12:01:44.725578,15.523459
channel-73755,5841,30323571,30323587,16,2025-02-25 12:01:34.079800,2025-02-25 12:01:55.242925,21.163125
channel-750,683758,30323573,30323587,14,2025-02-25 12:01:37.884644,2025-02-25 12:01:55.242925,17.358281
channel-122,668189,30323574,30323578,4,2025-02-25 12:01:39.116867,2025-02-25 12:01:43.469705,4.352838
channel-6994,1325233,30323586,30323597,11,2025-02-25 12:01:54.201480,2025-02-25 12:02:08.507534,14.306054
channel-122,668190,30323586,30323590,4,2025-02-25 12:01:54.201480,2025-02-25 12:01:59.217531,5.016051
channel-6994,1325234,30323589,30323601,12,2025-02-25 12:01:57.623682,2025-02-25 12:02:13.191981,15.568299
channel-75,845143,30323589,30323610,21,2025-02-25 12:01:57.623682,2025-02-25 12:02:25.872756,28.249074
channel-750,683759,30323590,30323606,16,2025-02-25 12:01:59.217531,2025-02-25 12:02:20.942512,21.724981
channel-4,167041,30323597,30323622,25,2025-02-25 12:02:08.507534,2025-02-25 12:02:42.035272,33.527738
channel-199,132782,30323597,30323608,11,2025-02-25 12:02:08.507534,2025-02-25 12:02:23.318381,14.810847
channel-0,4039387,30323600,30323612,12,2025-02-25 12:02:11.930998,2025-02-25 12:02:28.285879,16.354881
channel-0,4039388,30323600,30323612,12,2025-02-25 12:02:11.930998,2025-02-25 12:02:28.285879,16.354881
channel-208,1490657,30323604,30323612,8,2025-02-25 12:02:18.526777,2025-02-25 12:02:28.285879,9.759102
channel-750,683760,30323606,30323611,5,2025-02-25 12:02:20.942512,2025-02-25 12:02:27.046715,6.104203
channel-19774,346092,30323620,30323634,14,2025-02-25 12:02:39.807817,2025-02-25 12:02:56.284579,16.476762
channel-874,293340,30323625,30323632,7,2025-02-25 12:02:45.930390,2025-02-25 12:02:54.034498,8.104108
channel-0,4039389,30323635,30323647,12,2025-02-25 12:02:57.405373,2025-02-25 12:03:12.353237,14.947864
channel-76971,12248,30323635,30323656,21,2025-02-25 12:02:57.405373,2025-02-25 12:03:22.539110,25.133737
channel-750,683761,30323643,30323659,16,2025-02-25 12:03:06.344376,2025-02-25 12:03:26.423791,20.079415
channel-251,85258,30323648,30323657,9,2025-02-25 12:03:13.461948,2025-02-25 12:03:23.662043,10.200095
channel-6994,1325235,30323648,30323660,12,2025-02-25 12:03:13.461948,2025-02-25 12:03:27.538916,14.076968
channel-8945,17756,30323648,30323661,13,2025-02-25 12:03:13.461948,2025-02-25 12:03:28.759318,15.29737
channel-6994,1325236,30323650,30323660,10,2025-02-25 12:03:15.629992,2025-02-25 12:03:27.538916,11.908924
channel-750,683762,30323651,30323669,18,2025-02-25 12:03:16.869539,2025-02-25 12:03:40.791365,23.921826
channel-208,1490658,30323655,30323663,8,2025-02-25 12:03:21.407200,2025-02-25 12:03:32.695213,11.288013
channel-72,516444,30323661,30323705,44,2025-02-25 12:03:28.759318,2025-02-25 12:04:27.705679,58.946361
channel-184,137445,30323663,30323670,7,2025-02-25 12:03:32.695213,2025-02-25 12:03:42.934133,10.23892
channel-75,845144,30323666,30323673,7,2025-02-25 12:03:36.395082,2025-02-25 12:03:46.620679,10.225597
channel-6994,1325237,30323669,30323679,10,2025-02-25 12:03:40.791365,2025-02-25 12:03:54.794998,14.003633
channel-1429,140769,30323671,30323679,8,2025-02-25 12:03:44.088790,2025-02-25 12:03:54.794998,10.706208
channel-115,20423,30323671,30323684,13,2025-02-25 12:03:44.088790,2025-02-25 12:04:01.931534,17.842744
channel-750,683763,30323674,30323679,5,2025-02-25 12:03:48.904832,2025-02-25 12:03:54.794998,5.890166
channel-0,4039390,30323674,30323693,19,2025-02-25 12:03:48.904832,2025-02-25 12:04:12.772617,23.867785
channel-72,516445,30323677,30323711,34,2025-02-25 12:03:52.554958,2025-02-25 12:04:35.720751,43.165793
channel-0,4039391,30323678,30323701,23,2025-02-25 12:03:53.722202,2025-02-25 12:04:23.331247,29.609045
channel-0,4039392,30323679,30323712,33,2025-02-25 12:03:54.794998,2025-02-25 12:04:36.991406,42.196408
channel-874,293341,30323680,30323686,6,2025-02-25 12:03:57.153343,2025-02-25 12:04:04.131176,6.977833
channel-2,130662,30323680,30323691,11,2025-02-25 12:03:57.153343,2025-02-25 12:04:09.935276,12.781933
channel-0,4039393,30323687,30323696,9,2025-02-25 12:04:05.373814,2025-02-25 12:04:17.280521,11.906707
channel-72,516446,30323693,30323729,36,2025-02-25 12:04:12.772617,2025-02-25 12:04:59.144952,46.372335
channel-750,683764,30323694,30323717,23,2025-02-25 12:04:13.889098,2025-02-25 12:04:42.881153,28.992055
channel-1,408538,30323695,30323726,31,2025-02-25 12:04:16.108500,2025-02-25 12:04:54.812078,38.703578
channel-1,408539,30323705,30323726,21,2025-02-25 12:04:27.705679,2025-02-25 12:04:54.812078,27.106399
channel-0,4039394,30323713,30323721,8,2025-02-25 12:04:38.058156,2025-02-25 12:04:48.763991,10.705835
channel-412,64618,30323720,30323731,11,2025-02-25 12:04:47.498501,2025-02-25 12:05:01.432535,13.934034
channel-6994,1325238,30323723,30323735,12,2025-02-25 12:04:51.500595,2025-02-25 12:05:06.162972,14.662377
channel-2494,31965,30323723,30323733,10,2025-02-25 12:04:51.500595,2025-02-25 12:05:03.896215,12.39562
channel-208,1490659,30323725,30323736,11,2025-02-25 12:04:53.768672,2025-02-25 12:05:07.309033,13.540361
channel-89298,18703,30323726,30323740,14,2025-02-25 12:04:54.812078,2025-02-25 12:05:11.842685,17.030607
channel-750,683765,30323727,30323732,5,2025-02-25 12:04:56.898088,2025-02-25 12:05:02.628813,5.730725
channel-42,1490047,30323728,30323741,13,2025-02-25 12:04:57.991464,2025-02-25 12:05:14.410314,16.41885
channel-89321,19498,30323730,30323740,10,2025-02-25 12:05:00.312207,2025-02-25 12:05:11.842685,11.530478
channel-75,845145,30323735,30323742,7,2025-02-25 12:05:06.162972,2025-02-25 12:05:15.463465,9.300493
channel-767,14376,30323739,30323747,8,2025-02-25 12:05:10.593768,2025-02-25 12:05:22.622055,12.028287
channel-122,668191,30323741,30323746,5,2025-02-25 12:05:14.410314,2025-02-25 12:05:19.897292,5.486978
channel-750,683766,30323747,30323752,5,2025-02-25 12:05:22.622055,2025-02-25 12:05:28.380123,5.758068
channel-19774,346093,30323751,30323763,12,2025-02-25 12:05:27.178427,2025-02-25 12:05:41.672382,14.493955
channel-2188,43809,30323760,30323765,5,2025-02-25 12:05:37.830215,2025-02-25 12:05:44.033001,6.202786
channel-0,4039395,30323760,30323772,12,2025-02-25 12:05:37.830215,2025-02-25 12:05:51.717142,13.886927
channel-73,51344,30323762,30323773,11,2025-02-25 12:05:40.562346,2025-02-25 12:05:53.919243,13.356897
channel-199,132783,30323770,30323778,8,2025-02-25 12:05:49.515017,2025-02-25 12:05:59.680366,10.165349
channel-750,683767,30323771,30323781,10,2025-02-25 12:05:50.605938,2025-02-25 12:06:06.208252,15.602314
channel-38946,124269,30323772,30323791,19,2025-02-25 12:05:51.717142,2025-02-25 12:06:18.399849,26.682707
channel-72,516447,30323778,30323822,44,2025-02-25 12:05:59.680366,2025-02-25 12:06:58.855744,59.175378
channel-0,4039396,30323780,30323790,10,2025-02-25 12:06:05.133821,2025-02-25 12:06:16.728756,11.594935
channel-6994,1325239,30323788,30323796,8,2025-02-25 12:06:14.403039,2025-02-25 12:06:27.273358,12.870319
channel-0,4039397,30323794,30323806,12,2025-02-25 12:06:24.281901,2025-02-25 12:06:38.774936,14.493035
channel-89321,19499,30323800,30323809,9,2025-02-25 12:06:31.875742,2025-02-25 12:06:42.409165,10.533423
channel-98882,1,30323805,30323816,11,2025-02-25 12:06:37.437702,2025-02-25 12:06:50.837490,13.399788
channel-6994,1325240,30323811,30323824,13,2025-02-25 12:06:44.764285,2025-02-25 12:07:01.097734,16.333449
channel-38946,124270,30323813,30323826,13,2025-02-25 12:06:47.170214,2025-02-25 12:07:03.970100,16.799886
channel-750,683768,30323817,30323827,10,2025-02-25 12:06:52.003650,2025-02-25 12:07:05.126808,13.123158
channel-750,683769,30323820,30323825,5,2025-02-25 12:06:55.487418,2025-02-25 12:07:02.782574,7.295156
channel-750,683770,30323824,30323829,5,2025-02-25 12:07:01.097734,2025-02-25 12:07:07.520278,6.422544
channel-0,4039398,30323830,30323841,11,2025-02-25 12:07:08.702059,2025-02-25 12:07:25.346304,16.644245
channel-1,408540,30323831,30323842,11,2025-02-25 12:07:10.811483,2025-02-25 12:07:26.442398,15.630915
channel-89298,18704,30323839,30323851,12,2025-02-25 12:07:20.365930,2025-02-25 12:07:36.787385,16.421455
channel-750,683771,30323839,30323844,5,2025-02-25 12:07:20.365930,2025-02-25 12:07:29.022112,8.656182
channel-208,1490660,30323839,30323853,14,2025-02-25 12:07:20.365930,2025-02-25 12:07:39.177395,18.811465
channel-38946,124271,30323844,30323861,17,2025-02-25 12:07:29.022112,2025-02-25 12:07:49.486297,20.464185
channel-6994,1325241,30323847,30323861,14,2025-02-25 12:07:32.371553,2025-02-25 12:07:49.486297,17.114744
channel-38946,124272,30323847,30323861,14,2025-02-25 12:07:32.371553,2025-02-25 12:07:49.486297,17.114744
channel-2188,43810,30323848,30323852,4,2025-02-25 12:07:33.452598,2025-02-25 12:07:38.044961,4.592363
channel-115,20424,30323851,30323861,10,2025-02-25 12:07:36.787385,2025-02-25 12:07:49.486297,12.698912
channel-326,538175,30323851,30323856,5,2025-02-25 12:07:36.787385,2025-02-25 12:07:43.943394,7.156009
channel-750,683772,30323852,30323876,24,2025-02-25 12:07:38.044961,2025-02-25 12:08:06.626466,28.581505
channel-72,516448,30323852,30323894,42,2025-02-25 12:07:38.044961,2025-02-25 12:08:29.450905,51.405944
channel-75,845146,30323855,30323864,9,2025-02-25 12:07:42.870279,2025-02-25 12:07:52.950818,10.080539
channel-326,538176,30323856,30323861,5,2025-02-25 12:07:43.943394,2025-02-25 12:07:49.486297,5.542903
channel-19774,346094,30323856,30323880,24,2025-02-25 12:07:43.943394,2025-02-25 12:08:11.407230,27.463836
channel-782,310245,30323859,30323869,10,2025-02-25 12:07:47.276714,2025-02-25 12:07:58.719871,11.443157
channel-38946,124273,30323861,30323884,23,2025-02-25 12:07:49.486297,2025-02-25 12:08:16.032978,26.546681
channel-0,4039399,30323876,30323906,30,2025-02-25 12:08:06.626466,2025-02-25 12:08:44.066869,37.440403
channel-2494,31966,30323877,30323885,8,2025-02-25 12:08:07.696064,2025-02-25 12:08:18.299706,10.603642
channel-0,4039400,30323878,30323887,9,2025-02-25 12:08:08.789076,2025-02-25 12:08:20.696339,11.907263
channel-750,683773,30323878,30323882,4,2025-02-25 12:08:08.789076,2025-02-25 12:08:13.760571,4.971495
channel-216,94271,30323882,30323950,68,2025-02-25 12:08:13.760571,2025-02-25 12:09:45.149598,91.389027
channel-750,683774,30323883,30323888,5,2025-02-25 12:08:14.974344,2025-02-25 12:08:21.802884,6.82854
channel-750,683775,30323884,30323901,17,2025-02-25 12:08:16.032978,2025-02-25 12:08:38.712808,22.67983
channel-783,104335,30323884,30323894,10,2025-02-25 12:08:16.032978,2025-02-25 12:08:29.450905,13.417927
channel-6994,1325242,30323885,30323895,10,2025-02-25 12:08:18.299706,2025-02-25 12:08:30.560247,12.260541
channel-750,683776,30323889,30323899,10,2025-02-25 12:08:23.057513,2025-02-25 12:08:35.166783,12.10927
channel-72,516449,30323889,30323936,47,2025-02-25 12:08:23.057513,2025-02-25 12:09:28.630362,65.572849
channel-8945,17757,30323897,30323924,27,2025-02-25 12:08:32.818733,2025-02-25 12:09:06.499629,33.680896
channel-0,4039401,30323899,30323911,12,2025-02-25 12:08:35.166783,2025-02-25 12:08:49.778535,14.611752
channel-208,1490661,30323900,30323914,14,2025-02-25 12:08:36.494311,2025-02-25 12:08:53.244344,16.750033
channel-0,4039402,30323909,30323921,12,2025-02-25 12:08:47.511054,2025-02-25 12:09:02.197656,14.686602
channel-782,310246,30323909,30323920,11,2025-02-25 12:08:47.511054,2025-02-25 12:09:01.051305,13.540251
channel-6994,1325243,30323910,30323918,8,2025-02-25 12:08:48.582363,2025-02-25 12:08:57.799679,9.217316
channel-0,4039403,30323912,30323921,9,2025-02-25 12:08:51.002826,2025-02-25 12:09:02.197656,11.19483
channel-750,683777,30323914,30323926,12,2025-02-25 12:08:53.244344,2025-02-25 12:09:14.334832,21.090488
channel-750,683778,30323915,30323934,19,2025-02-25 12:08:54.337832,2025-02-25 12:09:24.275419,29.937587
channel-8945,17758,30323921,30323926,5,2025-02-25 12:09:02.197656,2025-02-25 12:09:14.334832,12.137176
channel-38946,124274,30323924,30323941,17,2025-02-25 12:09:06.499629,2025-02-25 12:09:34.583651,28.084022
channel-874,293342,30323924,30323930,6,2025-02-25 12:09:06.499629,2025-02-25 12:09:19.782320,13.282691
channel-38946,124275,30323925,30323941,16,2025-02-25 12:09:12.116814,2025-02-25 12:09:34.583651,22.466837
channel-750,683779,30323928,30323939,11,2025-02-25 12:09:17.597795,2025-02-25 12:09:32.139648,14.541853
channel-122,668192,30323932,30323935,3,2025-02-25 12:09:22.096312,2025-02-25 12:09:26.536681,4.440369
channel-75,845147,30323932,30323941,9,2025-02-25 12:09:22.096312,2025-02-25 12:09:34.583651,12.487339
channel-19774,346095,30323934,30323944,10,2025-02-25 12:09:24.275419,2025-02-25 12:09:38.028448,13.753029
channel-72,516450,30323935,30323981,46,2025-02-25 12:09:26.536681,2025-02-25 12:10:28.259136,61.722455
channel-750,683780,30323936,30323940,4,2025-02-25 12:09:28.630362,2025-02-25 12:09:33.403932,4.77357
channel-8945,17759,30323938,30323966,28,2025-02-25 12:09:31.029517,2025-02-25 12:10:05.546845,34.517328
channel-42,1490048,30323939,30323950,11,2025-02-25 12:09:32.139648,2025-02-25 12:09:45.149598,13.00995
channel-6994,1325244,30323943,30323954,11,2025-02-25 12:09:36.934373,2025-02-25 12:09:51.161183,14.22681
channel-783,104336,30323944,30323952,8,2025-02-25 12:09:38.028448,2025-02-25 12:09:48.418440,10.389992
channel-0,4039404,30323946,30323955,9,2025-02-25 12:09:40.336855,2025-02-25 12:09:52.346473,12.009618
channel-750,683781,30323947,30323958,11,2025-02-25 12:09:41.472696,2025-02-25 12:09:55.809420,14.336724
channel-320,119248,30323963,30324011,48,2025-02-25 12:10:01.925646,2025-02-25 12:11:06.220271,64.294625
channel-0,4039405,30323964,30323974,10,2025-02-25 12:10:03.089919,2025-02-25 12:10:16.022394,12.932475
channel-750,683782,30323967,30323978,11,2025-02-25 12:10:06.872593,2025-02-25 12:10:23.973255,17.100662
channel-750,683783,30323967,30323982,15,2025-02-25 12:10:06.872593,2025-02-25 12:10:29.544001,22.671408
channel-6787,166751,30323967,30323971,4,2025-02-25 12:10:06.872593,2025-02-25 12:10:12.563188,5.690595
channel-750,683784,30323970,30324007,37,2025-02-25 12:10:11.441994,2025-02-25 12:11:00.149931,48.707937
channel-750,683785,30323972,30323981,9,2025-02-25 12:10:13.732368,2025-02-25 12:10:28.259136,14.526768
channel-750,683786,30323975,30323992,17,2025-02-25 12:10:17.353761,2025-02-25 12:10:42.747800,25.394039
channel-750,683787,30323976,30323982,6,2025-02-25 12:10:18.487034,2025-02-25 12:10:29.544001,11.056967
channel-750,683788,30323978,30323993,15,2025-02-25 12:10:23.973255,2025-02-25 12:10:43.799418,19.826163
channel-208,1490662,30323979,30323988,9,2025-02-25 12:10:26.086028,2025-02-25 12:10:38.330016,12.243988
channel-85077,60679,30323979,30323989,10,2025-02-25 12:10:26.086028,2025-02-25 12:10:39.457934,13.371906
channel-750,683789,30323981,30324013,32,2025-02-25 12:10:28.259136,2025-02-25 12:11:08.480675,40.221539
channel-6994,1325245,30323984,30323997,13,2025-02-25 12:10:33.141551,2025-02-25 12:10:48.372353,15.230802
channel-6994,1325246,30323985,30324011,26,2025-02-25 12:10:34.260626,2025-02-25 12:11:06.220271,31.959645
channel-750,683790,30323986,30324000,14,2025-02-25 12:10:35.512338,2025-02-25 12:10:51.758188,16.24585
channel-8945,17760,30323997,30324010,13,2025-02-25 12:10:48.372353,2025-02-25 12:11:03.473517,15.101164
channel-750,683791,30324004,30324008,4,2025-02-25 12:10:56.682369,2025-02-25 12:11:01.186758,4.504389
channel-1575,15198,30324010,30324018,8,2025-02-25 12:11:03.473517,2025-02-25 12:11:15.194988,11.721471
channel-0,4039406,30324011,30324023,12,2025-02-25 12:11:06.220271,2025-02-25 12:11:21.448321,15.22805
channel-75,845148,30324018,30324026,8,2025-02-25 12:11:15.194988,2025-02-25 12:11:24.789062,9.594074
channel-115,20425,30324018,30324027,9,2025-02-25 12:11:15.194988,2025-02-25 12:11:26.123523,10.928535
channel-874,293343,30324021,30324030,9,2025-02-25 12:11:19.260797,2025-02-25 12:11:29.716962,10.456165
channel-75,845149,30324023,30324029,6,2025-02-25 12:11:21.448321,2025-02-25 12:11:28.589084,7.140763
channel-0,4039407,30324025,30324034,9,2025-02-25 12:11:23.708835,2025-02-25 12:11:35.467607,11.758772
channel-208,1490663,30324026,30324035,9,2025-02-25 12:11:24.789062,2025-02-25 12:11:37.048045,12.258983
channel-1,408541,30324030,30324062,32,2025-02-25 12:11:29.716962,2025-02-25 12:12:11.809580,42.092618
channel-75,845150,30324039,30324046,7,2025-02-25 12:11:41.465930,2025-02-25 12:11:51.475733,10.009803
channel-750,683792,30324041,30324064,23,2025-02-25 12:11:44.645720,2025-02-25 12:12:14.393777,29.748057
channel-143,128425,30324045,30324065,20,2025-02-25 12:11:49.376792,2025-02-25 12:12:15.494624,26.117832
channel-75,845151,30324048,30324054,6,2025-02-25 12:11:54.757529,2025-02-25 12:12:02.181826,7.424297
channel-85077,60680,30324052,30324062,10,2025-02-25 12:11:59.325301,2025-02-25 12:12:11.809580,12.484279
channel-0,4039408,30324058,30324067,9,2025-02-25 12:12:06.948841,2025-02-25 12:12:17.824385,10.875544
channel-75,845152,30324062,30324069,7,2025-02-25 12:12:11.809580,2025-02-25 12:12:20.276687,8.467107
channel-8945,17761,30324068,30324080,12,2025-02-25 12:12:19.085769,2025-02-25 12:12:35.505792,16.420023
channel-89298,18705,30324073,30324084,11,2025-02-25 12:12:24.798130,2025-02-25 12:12:40.042108,15.243978
channel-208,1490664,30324100,30324111,11,2025-02-25 12:13:00.401845,2025-02-25 12:13:15.412046,15.010201
channel-750,683793,30324101,30324122,21,2025-02-25 12:13:01.602644,2025-02-25 12:13:29.122650,27.520006
channel-6994,1325247,30324104,30324113,9,2025-02-25 12:13:04.987370,2025-02-25 12:13:17.753869,12.766499
channel-750,683794,30324105,30324109,4,2025-02-25 12:13:06.250559,2025-02-25 12:13:11.684407,5.433848
channel-122,668193,30324107,30324110,3,2025-02-25 12:13:08.467292,2025-02-25 12:13:14.315088,5.847796
channel-5,184330,30324109,30324120,11,2025-02-25 12:13:11.684407,2025-02-25 12:13:26.232232,14.547825
channel-2494,31967,30324112,30324124,12,2025-02-25 12:13:16.612886,2025-02-25 12:13:31.228882,14.615996
channel-19774,346096,30324115,30324126,11,2025-02-25 12:13:20.008390,2025-02-25 12:13:34.518489,14.510099
channel-750,683795,30324117,30324122,5,2025-02-25 12:13:22.581921,2025-02-25 12:13:29.122650,6.540729
channel-0,4039409,30324118,30324127,9,2025-02-25 12:13:23.854814,2025-02-25 12:13:35.647152,11.792338
channel-85077,60681,30324118,30324125,7,2025-02-25 12:13:23.854814,2025-02-25 12:13:32.362252,8.507438
channel-6994,1325248,30324123,30324131,8,2025-02-25 12:13:30.219819,2025-02-25 12:13:42.634599,12.41478
channel-6994,1325249,30324128,30324141,13,2025-02-25 12:13:37.978143,2025-02-25 12:13:54.098719,16.120576
channel-750,683796,30324131,30324141,10,2025-02-25 12:13:42.634599,2025-02-25 12:13:54.098719,11.46412
channel-750,683797,30324135,30324156,21,2025-02-25 12:13:47.284703,2025-02-25 12:14:14.150005,26.865302
channel-6994,1325250,30324136,30324147,11,2025-02-25 12:13:48.407567,2025-02-25 12:14:01.903623,13.496056
channel-750,683798,30324137,30324154,17,2025-02-25 12:13:49.542098,2025-02-25 12:14:11.610763,22.068665
channel-88,467168,30324141,30324157,16,2025-02-25 12:13:54.098719,2025-02-25 12:14:15.483562,21.384843
channel-750,683799,30324142,30324158,16,2025-02-25 12:13:56.256150,2025-02-25 12:14:16.599267,20.343117
channel-326,538177,30324143,30324152,9,2025-02-25 12:13:57.285077,2025-02-25 12:14:08.559071,11.273994
channel-750,683800,30324144,30324156,12,2025-02-25 12:13:58.372148,2025-02-25 12:14:14.150005,15.777857
channel-750,683801,30324150,30324154,4,2025-02-25 12:14:05.367483,2025-02-25 12:14:11.610763,6.24328
channel-85077,60682,30324151,30324161,10,2025-02-25 12:14:07.496787,2025-02-25 12:14:20.055321,12.558534
channel-85077,60683,30324155,30324164,9,2025-02-25 12:14:13.038593,2025-02-25 12:14:23.513474,10.474881
channel-750,683802,30324161,30324192,31,2025-02-25 12:14:20.055321,2025-02-25 12:15:00.654477,40.599156
channel-199,132784,30324163,30324176,13,2025-02-25 12:14:22.399661,2025-02-25 12:14:38.998200,16.598539
channel-412,64619,30324164,30324176,12,2025-02-25 12:14:23.513474,2025-02-25 12:14:38.998200,15.484726
channel-6994,1325251,30324165,30324172,7,2025-02-25 12:14:24.996915,2025-02-25 12:14:34.155853,9.158938
channel-750,683803,30324169,30324179,10,2025-02-25 12:14:30.429468,2025-02-25 12:14:43.713376,13.283908
channel-85077,60684,30324172,30324182,10,2025-02-25 12:14:34.155853,2025-02-25 12:14:47.548560,13.392707
channel-750,683804,30324176,30324190,14,2025-02-25 12:14:38.998200,2025-02-25 12:14:58.521418,19.523218
channel-6994,1325252,30324176,30324185,9,2025-02-25 12:14:38.998200,2025-02-25 12:14:52.433226,13.435026
channel-6994,1325253,30324179,30324189,10,2025-02-25 12:14:43.713376,2025-02-25 12:14:57.379025,13.665649
channel-782,310247,30324190,30324194,4,2025-02-25 12:14:58.521418,2025-02-25 12:15:06.246113,7.724695
channel-85077,60685,30324192,30324204,12,2025-02-25 12:15:00.654477,2025-02-25 12:15:17.544181,16.889704
channel-199,132785,30324195,30324207,12,2025-02-25 12:15:07.323896,2025-02-25 12:15:20.998562,13.674666
channel-85077,60686,30324198,30324206,8,2025-02-25 12:15:10.684174,2025-02-25 12:15:19.938878,9.254704
channel-85077,60687,30324199,30324209,10,2025-02-25 12:15:11.861582,2025-02-25 12:15:23.324042,11.46246
channel-750,683805,30324202,30324207,5,2025-02-25 12:15:15.282968,2025-02-25 12:15:20.998562,5.715594
channel-750,683806,30324204,30324215,11,2025-02-25 12:15:17.544181,2025-02-25 12:15:29.940656,12.396475
channel-85077,60688,30324206,30324219,13,2025-02-25 12:15:19.938878,2025-02-25 12:15:34.548643,14.609765
channel-85077,60689,30324206,30324219,13,2025-02-25 12:15:19.938878,2025-02-25 12:15:34.548643,14.609765
channel-6994,1325254,30324207,30324218,11,2025-02-25 12:15:20.998562,2025-02-25 12:15:33.376468,12.377906
channel-85077,60690,30324208,30324221,13,2025-02-25 12:15:22.099249,2025-02-25 12:15:37.574739,15.47549
channel-750,683807,30324208,30324214,6,2025-02-25 12:15:22.099249,2025-02-25 12:15:28.828185,6.728936
channel-85077,60691,30324211,30324240,29,2025-02-25 12:15:25.490395,2025-02-25 12:16:03.015271,37.524876
channel-6994,1325255,30324211,30324222,11,2025-02-25 12:15:25.490395,2025-02-25 12:15:38.640864,13.150469
channel-0,4039410,30324212,30324224,12,2025-02-25 12:15:26.624631,2025-02-25 12:15:40.998385,14.373754
channel-208,1490665,30324216,30324225,9,2025-02-25 12:15:31.073548,2025-02-25 12:15:42.160097,11.086549
channel-0,4039411,30324223,30324250,27,2025-02-25 12:15:39.846173,2025-02-25 12:16:15.770960,35.924787
channel-750,683809,30324226,30324242,16,2025-02-25 12:15:44.491443,2025-02-25 12:16:05.237815,20.746372
channel-750,683810,30324226,30324231,5,2025-02-25 12:15:44.491443,2025-02-25 12:15:50.673918,6.182475
channel-85077,60692,30324228,30324238,10,2025-02-25 12:15:47.247572,2025-02-25 12:15:59.685727,12.438155
channel-208,1490666,30324232,30324244,12,2025-02-25 12:15:51.764814,2025-02-25 12:16:07.564302,15.799488
channel-750,683811,30324233,30324238,5,2025-02-25 12:15:53.852124,2025-02-25 12:15:59.685727,5.833603
channel-259,314407,30324240,30324247,7,2025-02-25 12:16:03.015271,2025-02-25 12:16:12.226295,9.211024
channel-89298,18706,30324245,30324257,12,2025-02-25 12:16:08.877525,2025-02-25 12:16:25.176306,16.298781
channel-85077,60693,30324245,30324259,14,2025-02-25 12:16:08.877525,2025-02-25 12:16:28.651616,19.774091
channel-85077,60694,30324253,30324262,9,2025-02-25 12:16:19.833141,2025-02-25 12:16:32.048052,12.214911
channel-0,4039412,30324254,30324266,12,2025-02-25 12:16:20.854754,2025-02-25 12:16:37.369371,16.514617
channel-89298,18707,30324266,30324273,7,2025-02-25 12:16:37.369371,2025-02-25 12:16:47.146982,9.777611
channel-6994,1325256,30324267,30324277,10,2025-02-25 12:16:38.485551,2025-02-25 12:16:53.049206,14.563655
channel-0,4039413,30324271,30324284,13,2025-02-25 12:16:43.346204,2025-02-25 12:17:01.450171,18.103967
channel-0,4039414,30324280,30324293,13,2025-02-25 12:16:56.641516,2025-02-25 12:17:12.774744,16.133228
channel-0,4039415,30324281,30324293,12,2025-02-25 12:16:57.732430,2025-02-25 12:17:12.774744,15.042314
channel-5,184331,30324282,30324291,9,2025-02-25 12:16:58.859547,2025-02-25 12:17:10.344608,11.485061
channel-73755,5842,30324286,30324292,6,2025-02-25 12:17:04.388802,2025-02-25 12:17:11.488102,7.0993
channel-0,4039416,30324306,30324319,13,2025-02-25 12:17:28.572254,2025-02-25 12:17:44.352572,15.780318
channel-6994,1325257,30324307,30324319,12,2025-02-25 12:17:29.834540,2025-02-25 12:17:44.352572,14.518032
channel-122,668194,30324310,30324314,4,2025-02-25 12:17:33.259557,2025-02-25 12:17:38.164980,4.905423
channel-0,4039417,30324311,30324320,9,2025-02-25 12:17:34.459202,2025-02-25 12:17:45.569577,11.110375
channel-6994,1325258,30324321,30324332,11,2025-02-25 12:17:48.019828,2025-02-25 12:18:00.577885,12.558057
channel-6994,1325259,30324343,30324351,8,2025-02-25 12:18:13.090078,2025-02-25 12:18:23.930586,10.840508
channel-6994,1325260,30324343,30324351,8,2025-02-25 12:18:13.090078,2025-02-25 12:18:23.930586,10.840508
channel-0,4039418,30324351,30324358,7,2025-02-25 12:18:23.930586,2025-02-25 12:18:37.169759,13.239173
channel-85077,60695,30324351,30324357,6,2025-02-25 12:18:23.930586,2025-02-25 12:18:36.051882,12.121296
channel-0,4039419,30324352,30324371,19,2025-02-25 12:18:25.145490,2025-02-25 12:18:55.576595,30.431105
channel-750,683813,30324353,30324370,17,2025-02-25 12:18:26.327020,2025-02-25 12:18:53.226654,26.899634
channel-767,14377,30324353,30324361,8,2025-02-25 12:18:26.327020,2025-02-25 12:18:41.133317,14.806297
channel-6994,1325261,30324353,30324361,8,2025-02-25 12:18:26.327020,2025-02-25 12:18:41.133317,14.806297
channel-750,683814,30324356,30324362,6,2025-02-25 12:18:30.738168,2025-02-25 12:18:42.252661,11.514493
channel-0,4039420,30324356,30324367,11,2025-02-25 12:18:30.738168,2025-02-25 12:18:48.796268,18.0581
channel-2188,43811,30324357,30324362,5,2025-02-25 12:18:36.051882,2025-02-25 12:18:42.252661,6.200779
channel-326,538178,30324360,30324375,15,2025-02-25 12:18:39.600080,2025-02-25 12:19:00.965772,21.365692
channel-783,104337,30324360,30324367,7,2025-02-25 12:18:39.600080,2025-02-25 12:18:48.796268,9.196188
channel-85077,60696,30324364,30324372,8,2025-02-25 12:18:44.485812,2025-02-25 12:18:56.675442,12.18963
channel-85077,60697,30324366,30324382,16,2025-02-25 12:18:47.694586,2025-02-25 12:19:09.338883,21.644297
channel-750,683815,30324370,30324387,17,2025-02-25 12:18:53.226654,2025-02-25 12:19:15.804960,22.578306
channel-2188,43812,30324371,30324375,4,2025-02-25 12:18:55.576595,2025-02-25 12:19:00.965772,5.389177
channel-85077,60698,30324373,30324392,19,2025-02-25 12:18:57.768305,2025-02-25 12:19:21.513855,23.74555
channel-208,1490667,30324376,30324386,10,2025-02-25 12:19:02.254828,2025-02-25 12:19:14.587802,12.332974
channel-85077,60699,30324378,30324389,11,2025-02-25 12:19:04.531954,2025-02-25 12:19:18.102887,13.570933
channel-259,314408,30324379,30324385,6,2025-02-25 12:19:05.738189,2025-02-25 12:19:12.735733,6.997544
channel-204,670833,30324384,30324393,9,2025-02-25 12:19:11.624315,2025-02-25 12:19:22.607143,10.982828
channel-208,1490668,30324388,30324400,12,2025-02-25 12:19:17.018266,2025-02-25 12:19:32.023455,15.005189
channel-0,4039421,30324393,30324403,10,2025-02-25 12:19:22.607143,2025-02-25 12:19:36.536937,13.929794
channel-2188,43813,30324395,30324399,4,2025-02-25 12:19:24.900214,2025-02-25 12:19:29.768163,4.867949
channel-85077,60700,30324400,30324408,8,2025-02-25 12:19:32.023455,2025-02-25 12:19:42.271711,10.248256
channel-6994,1325262,30324401,30324409,8,2025-02-25 12:19:34.047769,2025-02-25 12:19:46.646925,12.599156
channel-0,4039422,30324408,30324420,12,2025-02-25 12:19:42.271711,2025-02-25 12:20:01.469690,19.197979
channel-750,683816,30324412,30324436,24,2025-02-25 12:19:50.096594,2025-02-25 12:20:21.178038,31.081444
channel-750,683817,30324412,30324422,10,2025-02-25 12:19:50.096594,2025-02-25 12:20:04.861708,14.765114
channel-2188,43814,30324415,30324419,4,2025-02-25 12:19:53.752525,2025-02-25 12:19:59.112318,5.359793
channel-326,538179,30324419,30324426,7,2025-02-25 12:19:59.112318,2025-02-25 12:20:09.796723,10.684405
channel-216,94272,30324425,30324450,25,2025-02-25 12:20:08.486627,2025-02-25 12:20:39.383902,30.897275
channel-0,4039423,30324425,30324436,11,2025-02-25 12:20:08.486627,2025-02-25 12:20:21.178038,12.691411
channel-113,301351,30324430,30324596,166,2025-02-25 12:20:14.270560,2025-02-25 12:23:45.807232,211.536672
channel-2188,43815,30324438,30324443,5,2025-02-25 12:20:23.587202,2025-02-25 12:20:29.147405,5.560203
channel-208,1490669,30324445,30324458,13,2025-02-25 12:20:32.960341,2025-02-25 12:20:48.470746,15.510405
channel-259,314409,30324460,30324466,6,2025-02-25 12:20:50.696623,2025-02-25 12:20:59.426218,8.729595
channel-232,49215,30324467,30324479,12,2025-02-25 12:21:00.602905,2025-02-25 12:21:16.579563,15.976658
channel-750,683818,30324474,30324494,20,2025-02-25 12:21:10.033803,2025-02-25 12:21:34.591418,24.557615
channel-75,845153,30324492,30324498,6,2025-02-25 12:21:32.376817,2025-02-25 12:21:40.050525,7.673708
channel-19774,346097,30324493,30324504,11,2025-02-25 12:21:33.461921,2025-02-25 12:21:47.064613,13.602692
channel-750,683819,30324494,30324499,5,2025-02-25 12:21:34.591418,2025-02-25 12:21:41.242444,6.651026
channel-750,683820,30324500,30324510,10,2025-02-25 12:21:42.300889,2025-02-25 12:21:54.040996,11.740107
channel-2186,40796,30324500,30324513,13,2025-02-25 12:21:42.300889,2025-02-25 12:21:58.535638,16.234749
channel-0,4039424,30324522,30324531,9,2025-02-25 12:22:09.476462,2025-02-25 12:22:21.070895,11.594433
channel-208,1490670,30324527,30324535,8,2025-02-25 12:22:15.010089,2025-02-25 12:22:25.790247,10.780158
channel-21113,25353,30324529,30324537,8,2025-02-25 12:22:17.247642,2025-02-25 12:22:28.097554,10.849912
channel-143,128426,30324534,30324545,11,2025-02-25 12:22:24.607665,2025-02-25 12:22:39.531215,14.92355
channel-229,55037,30324550,30324561,11,2025-02-25 12:22:45.842166,2025-02-25 12:22:59.097012,13.254846
channel-73755,5843,30324552,30324564,12,2025-02-25 12:22:48.210426,2025-02-25 12:23:02.599432,14.389006
channel-0,4039425,30324554,30324565,11,2025-02-25 12:22:50.478689,2025-02-25 12:23:03.669762,13.191073
channel-89298,18708,30324554,30324565,11,2025-02-25 12:22:50.478689,2025-02-25 12:23:03.669762,13.191073
channel-2188,43816,30324555,30324561,6,2025-02-25 12:22:51.860234,2025-02-25 12:22:59.097012,7.236778
channel-750,683821,30324558,30324573,15,2025-02-25 12:22:55.616173,2025-02-25 12:23:13.880190,18.264017
channel-6994,1325263,30324560,30324569,9,2025-02-25 12:22:57.918596,2025-02-25 12:23:09.558362,11.639766
channel-0,4039426,30324584,30324595,11,2025-02-25 12:23:29.201024,2025-02-25 12:23:44.672482,15.471458
channel-750,683822,30324585,30324602,17,2025-02-25 12:23:30.429910,2025-02-25 12:23:55.943842,25.513932
channel-0,4039427,30324588,30324604,16,2025-02-25 12:23:34.953151,2025-02-25 12:23:58.298444,23.345293
channel-85077,60701,30324592,30324598,6,2025-02-25 12:23:39.795573,2025-02-25 12:23:48.230525,8.434952
channel-6994,1325264,30324604,30324616,12,2025-02-25 12:23:58.298444,2025-02-25 12:24:14.623166,16.324722
channel-750,683823,30324604,30324620,16,2025-02-25 12:23:58.298444,2025-02-25 12:24:20.730557,22.432113
channel-1429,140770,30324608,30324617,9,2025-02-25 12:24:03.710389,2025-02-25 12:24:15.719798,12.009409
channel-750,683824,30324608,30324624,16,2025-02-25 12:24:03.710389,2025-02-25 12:24:25.523717,21.813328
channel-73755,5844,30324608,30324616,8,2025-02-25 12:24:03.710389,2025-02-25 12:24:14.623166,10.912777
channel-0,4039428,30324617,30324638,21,2025-02-25 12:24:15.719798,2025-02-25 12:24:41.919581,26.199783
channel-750,683825,30324618,30324626,8,2025-02-25 12:24:18.515391,2025-02-25 12:24:28.073831,9.55844
channel-6994,1325265,30324620,30324628,8,2025-02-25 12:24:20.730557,2025-02-25 12:24:30.243930,9.513373
channel-259,314410,30324620,30324627,7,2025-02-25 12:24:20.730557,2025-02-25 12:24:29.155807,8.42525
channel-750,683826,30324626,30324632,6,2025-02-25 12:24:28.073831,2025-02-25 12:24:34.839383,6.765552
channel-0,4039429,30324635,30324648,13,2025-02-25 12:24:38.208147,2025-02-25 12:24:54.017715,15.809568
channel-19774,346098,30324638,30324652,14,2025-02-25 12:24:41.919581,2025-02-25 12:24:58.410319,16.490738
channel-750,683827,30324642,30324673,31,2025-02-25 12:24:46.613256,2025-02-25 12:25:25.113283,38.500027
channel-412,64620,30324642,30324664,22,2025-02-25 12:24:46.613256,2025-02-25 12:25:13.969389,27.356133
channel-750,683828,30324648,30324656,8,2025-02-25 12:24:54.017715,2025-02-25 12:25:03.347522,9.329807
channel-208,1490671,30324666,30324679,13,2025-02-25 12:25:16.149266,2025-02-25 12:25:31.870148,15.720882
channel-0,4039430,30324671,30324682,11,2025-02-25 12:25:22.673251,2025-02-25 12:25:36.445191,13.77194
channel-750,683829,30324681,30324698,17,2025-02-25 12:25:35.245644,2025-02-25 12:26:00.518359,25.272715
channel-75,845154,30324682,30324692,10,2025-02-25 12:25:36.445191,2025-02-25 12:25:53.228296,16.783105
channel-750,683830,30324686,30324718,32,2025-02-25 12:25:41.897440,2025-02-25 12:26:30.835069,48.937629
channel-208,1490672,30324689,30324699,10,2025-02-25 12:25:45.313390,2025-02-25 12:26:01.726356,16.412966
channel-6994,1325266,30324696,30324704,8,2025-02-25 12:25:58.159173,2025-02-25 12:26:11.509630,13.350457
channel-6994,1325267,30324701,30324711,10,2025-02-25 12:26:05.151943,2025-02-25 12:26:22.382503,17.23056
channel-2188,43817,30324701,30324705,4,2025-02-25 12:26:05.151943,2025-02-25 12:26:12.731104,7.579161
channel-6994,1325268,30324703,30324711,8,2025-02-25 12:26:10.116183,2025-02-25 12:26:22.382503,12.26632
channel-204,670834,30324706,30324711,5,2025-02-25 12:26:13.897184,2025-02-25 12:26:22.382503,8.485319
channel-326,538180,30324709,30324718,9,2025-02-25 12:26:18.763954,2025-02-25 12:26:30.835069,12.071115
channel-750,683831,30324712,30324722,10,2025-02-25 12:26:24.039705,2025-02-25 12:26:35.432401,11.392696
channel-326,538181,30324717,30324723,6,2025-02-25 12:26:29.768108,2025-02-25 12:26:36.441575,6.673467
channel-750,683832,30324718,30324728,10,2025-02-25 12:26:30.835069,2025-02-25 12:26:42.551175,11.716106
channel-0,4039431,30324718,30324729,11,2025-02-25 12:26:30.835069,2025-02-25 12:26:43.961173,13.126104
channel-85077,60702,30324726,30324734,8,2025-02-25 12:26:40.202611,2025-02-25 12:26:50.744403,10.541792
channel-0,4039432,30324727,30324738,11,2025-02-25 12:26:41.372957,2025-02-25 12:26:56.210093,14.837136
channel-6994,1325269,30324729,30324738,9,2025-02-25 12:26:43.961173,2025-02-25 12:26:56.210093,12.24892
channel-108,39862,30324732,30324751,19,2025-02-25 12:26:48.450506,2025-02-25 12:27:12.598812,24.148306
channel-2188,43818,30324738,30324743,5,2025-02-25 12:26:56.210093,2025-02-25 12:27:01.980644,5.770551
channel-143,128427,30324746,30324764,18,2025-02-25 12:27:05.564579,2025-02-25 12:27:29.488962,23.924383
channel-122,668195,30324747,30324751,4,2025-02-25 12:27:08.135567,2025-02-25 12:27:12.598812,4.463245
channel-6994,1325270,30324747,30324757,10,2025-02-25 12:27:08.135567,2025-02-25 12:27:20.076010,11.940443
channel-750,683833,30324754,30324777,23,2025-02-25 12:27:16.665201,2025-02-25 12:27:45.202947,28.537746
channel-75,845155,30324762,30324770,8,2025-02-25 12:27:27.244620,2025-02-25 12:27:36.355003,9.110383
channel-0,4039433,30324764,30324783,19,2025-02-25 12:27:29.488962,2025-02-25 12:27:52.994566,23.505604
channel-6994,1325271,30324773,30324782,9,2025-02-25 12:27:40.739500,2025-02-25 12:27:51.681960,10.94246
channel-143,128428,30324785,30324796,11,2025-02-25 12:27:55.215183,2025-02-25 12:28:10.862409,15.647226
channel-750,683834,30324794,30324798,4,2025-02-25 12:28:08.396150,2025-02-25 12:28:14.041746,5.645596
channel-1,408542,30324794,30324807,13,2025-02-25 12:28:08.396150,2025-02-25 12:28:25.454685,17.058535
channel-122,668196,30324798,30324802,4,2025-02-25 12:28:14.041746,2025-02-25 12:28:18.723324,4.681578
channel-122,668197,30324802,30324805,3,2025-02-25 12:28:18.723324,2025-02-25 12:28:23.235037,4.511713
channel-6787,166752,30324803,30324808,5,2025-02-25 12:28:19.848282,2025-02-25 12:28:26.578104,6.729822
channel-6994,1325272,30324808,30324817,9,2025-02-25 12:28:26.578104,2025-02-25 12:28:39.156512,12.578408
channel-6994,1325273,30324811,30324821,10,2025-02-25 12:28:31.433372,2025-02-25 12:28:45.016747,13.583375
channel-122,668198,30324812,30324816,4,2025-02-25 12:28:32.702410,2025-02-25 12:28:37.892741,5.190331
channel-85791,3775,30324815,30324821,6,2025-02-25 12:28:36.661619,2025-02-25 12:28:45.016747,8.355128
channel-6787,166753,30324826,30324832,6,2025-02-25 12:28:50.871373,2025-02-25 12:29:00.893737,10.022364
channel-0,4039434,30324854,30324863,9,2025-02-25 12:29:27.095173,2025-02-25 12:29:40.685440,13.590267
channel-208,1490673,30324857,30324869,12,2025-02-25 12:29:31.749346,2025-02-25 12:29:47.665551,15.916205
channel-750,683835,30324859,30324864,5,2025-02-25 12:29:34.059541,2025-02-25 12:29:41.798039,7.738498
channel-0,4039435,30324866,30324878,12,2025-02-25 12:29:44.158629,2025-02-25 12:29:57.931057,13.772428
channel-0,4039436,30324871,30324882,11,2025-02-25 12:29:50.140519,2025-02-25 12:30:04.678946,14.538427
channel-42,1490049,30324879,30324891,12,2025-02-25 12:29:59.700047,2025-02-25 12:30:15.258350,15.558303
channel-0,4039437,30324881,30324892,11,2025-02-25 12:30:03.422360,2025-02-25 12:30:16.652643,13.230283
channel-0,4039438,30324883,30324892,9,2025-02-25 12:30:05.845900,2025-02-25 12:30:16.652643,10.806743
channel-326,538182,30324890,30324895,5,2025-02-25 12:30:14.109107,2025-02-25 12:30:21.288023,7.178916
channel-144,86697,30324911,30324925,14,2025-02-25 12:30:42.215932,2025-02-25 12:30:59.335637,17.119705
channel-208,1490674,30324913,30324924,11,2025-02-25 12:30:44.681660,2025-02-25 12:30:58.213676,13.532016
channel-0,4039439,30324918,30324949,31,2025-02-25 12:30:50.152144,2025-02-25 12:31:27.241728,37.089584
channel-0,4039440,30324923,30324954,31,2025-02-25 12:30:57.023388,2025-02-25 12:31:34.267889,37.244501
channel-0,4039441,30324925,30324949,24,2025-02-25 12:30:59.335637,2025-02-25 12:31:27.241728,27.906091
channel-73,51345,30324930,30324944,14,2025-02-25 12:31:04.958841,2025-02-25 12:31:20.623597,15.664756
channel-89321,19500,30324946,30324954,8,2025-02-25 12:31:23.670885,2025-02-25 12:31:34.267889,10.597004
channel-6994,1325274,30324952,30324962,10,2025-02-25 12:31:32.008161,2025-02-25 12:31:43.952749,11.944588
channel-208,1490675,30324954,30324966,12,2025-02-25 12:31:34.267889,2025-02-25 12:31:50.121302,15.853413
channel-0,4039442,30324960,30324968,8,2025-02-25 12:31:41.547209,2025-02-25 12:31:52.410026,10.862817
channel-6994,1325275,30324965,30324976,11,2025-02-25 12:31:47.393284,2025-02-25 12:32:01.418009,14.024725
channel-6994,1325276,30324972,30324980,8,2025-02-25 12:31:56.839897,2025-02-25 12:32:06.714411,9.874514
channel-122,668199,30324985,30324989,4,2025-02-25 12:32:13.612561,2025-02-25 12:32:18.504736,4.892175
channel-0,4039443,30325000,30325011,11,2025-02-25 12:32:32.237009,2025-02-25 12:32:46.528379,14.29137
channel-6994,1325277,30325002,30325012,10,2025-02-25 12:32:34.674006,2025-02-25 12:32:48.762023,14.088017
channel-6994,1325278,30325006,30325053,47,2025-02-25 12:32:39.326974,2025-02-25 12:33:45.584760,66.257786
channel-750,683836,30325014,30325017,3,2025-02-25 12:32:51.955623,2025-02-25 12:32:55.373712,3.418089
channel-85077,60703,30325016,30325026,10,2025-02-25 12:32:54.373623,2025-02-25 12:33:09.076600,14.702977
channel-0,4039444,30325020,30325032,12,2025-02-25 12:33:02.321187,2025-02-25 12:33:15.884359,13.563172
channel-6994,1325279,30325021,30325033,12,2025-02-25 12:33:03.413834,2025-02-25 12:33:17.036395,13.622561
channel-0,4039445,30325024,30325037,13,2025-02-25 12:33:06.923602,2025-02-25 12:33:22.950142,16.02654
channel-750,683837,30325030,30325044,14,2025-02-25 12:33:13.575008,2025-02-25 12:33:32.688735,19.113727
channel-874,293344,30325038,30325046,8,2025-02-25 12:33:24.094539,2025-02-25 12:33:35.108422,11.013883
channel-75,845156,30325041,30325047,6,2025-02-25 12:33:27.489220,2025-02-25 12:33:36.422625,8.933405
channel-1,408543,30325045,30325057,12,2025-02-25 12:33:33.912181,2025-02-25 12:33:52.151015,18.238834
channel-122,668200,30325051,30325053,2,2025-02-25 12:33:43.210636,2025-02-25 12:33:45.584760,2.374124
channel-412,64621,30325058,30325070,12,2025-02-25 12:33:53.440356,2025-02-25 12:34:07.202298,13.761942
channel-782,310248,30325078,30325084,6,2025-02-25 12:34:16.830788,2025-02-25 12:34:23.570256,6.739468
channel-6994,1325280,30325078,30325091,13,2025-02-25 12:34:16.830788,2025-02-25 12:34:32.693526,15.862738
channel-19774,346099,30325079,30325092,13,2025-02-25 12:34:17.966998,2025-02-25 12:34:34.083970,16.116972
channel-0,4039446,30325085,30325095,10,2025-02-25 12:34:24.652232,2025-02-25 12:34:37.640031,12.987799
channel-251,85259,30325092,30325103,11,2025-02-25 12:34:34.083970,2025-02-25 12:34:49.808212,15.724242
channel-88,467169,30325095,30325198,103,2025-02-25 12:34:37.640031,2025-02-25 12:36:50.039090,132.399059
channel-122,668201,30325097,30325100,3,2025-02-25 12:34:41.258334,2025-02-25 12:34:44.865903,3.607569
channel-750,683838,30325097,30325104,7,2025-02-25 12:34:41.258334,2025-02-25 12:34:50.900619,9.642285
channel-2494,31968,30325101,30325110,9,2025-02-25 12:34:47.478187,2025-02-25 12:34:58.534341,11.056154
channel-750,683839,30325104,30325120,16,2025-02-25 12:34:50.900619,2025-02-25 12:35:10.893435,19.992816
channel-0,4039447,30325118,30325125,7,2025-02-25 12:35:08.583890,2025-02-25 12:35:17.686923,9.103033
channel-1,408544,30325118,30325127,9,2025-02-25 12:35:08.583890,2025-02-25 12:35:20.976177,12.392287
channel-874,293345,30325124,30325134,10,2025-02-25 12:35:16.605515,2025-02-25 12:35:28.935343,12.329828
channel-85077,60704,30325125,30325136,11,2025-02-25 12:35:17.686923,2025-02-25 12:35:31.427975,13.741052
channel-326,538183,30325126,30325133,7,2025-02-25 12:35:19.854215,2025-02-25 12:35:27.741466,7.887251
channel-1,408545,30325129,30325148,19,2025-02-25 12:35:23.086034,2025-02-25 12:35:48.419970,25.333936
channel-2188,43819,30325146,30325151,5,2025-02-25 12:35:45.022086,2025-02-25 12:35:51.871252,6.849166
channel-750,683840,30325150,30325156,6,2025-02-25 12:35:50.713055,2025-02-25 12:35:57.381401,6.668346
channel-85077,60705,30325154,30325163,9,2025-02-25 12:35:55.154295,2025-02-25 12:36:05.969575,10.81528
channel-750,683841,30325161,30325170,9,2025-02-25 12:36:03.645427,2025-02-25 12:36:14.953286,11.307859
channel-122,668202,30325161,30325164,3,2025-02-25 12:36:03.645427,2025-02-25 12:36:07.046835,3.401408
channel-229,55038,30325165,30325176,11,2025-02-25 12:36:09.239212,2025-02-25 12:36:23.215637,13.976425
channel-75016,4664,30325166,30325190,24,2025-02-25 12:36:10.563952,2025-02-25 12:36:39.953524,29.389572
channel-85077,60706,30325170,30325179,9,2025-02-25 12:36:14.953286,2025-02-25 12:36:26.569783,11.616497
channel-122,668203,30325186,30325191,5,2025-02-25 12:36:34.855336,2025-02-25 12:36:41.132782,6.277446
channel-0,4039448,30325186,30325194,8,2025-02-25 12:36:34.855336,2025-02-25 12:36:45.659720,10.804384
channel-0,4039449,30325187,30325210,23,2025-02-25 12:36:36.221729,2025-02-25 12:37:05.651244,29.429515
channel-85077,60707,30325199,30325206,7,2025-02-25 12:36:51.151547,2025-02-25 12:37:00.835544,9.683997
channel-75,845157,30325201,30325208,7,2025-02-25 12:36:53.715600,2025-02-25 12:37:03.148806,9.433206
channel-0,4039450,30325203,30325215,12,2025-02-25 12:36:56.844981,2025-02-25 12:37:11.446303,14.601322
channel-750,683842,30325208,30325231,23,2025-02-25 12:37:03.148806,2025-02-25 12:37:33.500501,30.351695
channel-2188,43820,30325212,30325217,5,2025-02-25 12:37:07.934782,2025-02-25 12:37:13.876577,5.941795
channel-259,314411,30325224,30325229,5,2025-02-25 12:37:22.096796,2025-02-25 12:37:31.315142,9.218346
channel-75,845158,30325235,30325241,6,2025-02-25 12:37:42.247741,2025-02-25 12:37:50.586553,8.338812
channel-204,670835,30325235,30325243,8,2025-02-25 12:37:42.247741,2025-02-25 12:37:53.534134,11.286393
channel-1,408546,30325243,30325256,13,2025-02-25 12:37:53.534134,2025-02-25 12:38:08.532348,14.998214
channel-89321,19501,30325245,30325259,14,2025-02-25 12:37:56.028126,2025-02-25 12:38:11.877570,15.849444
channel-320,119249,30325249,30325262,13,2025-02-25 12:38:00.620735,2025-02-25 12:38:16.408730,15.787995
channel-2,130663,30325267,30325281,14,2025-02-25 12:38:22.261964,2025-02-25 12:38:39.688977,17.427013
channel-122,668204,30325271,30325275,4,2025-02-25 12:38:27.221084,2025-02-25 12:38:32.426002,5.204918
channel-750,683843,30325275,30325280,5,2025-02-25 12:38:32.426002,2025-02-25 12:38:38.426071,6.000069
channel-204,670836,30325281,30325344,63,2025-02-25 12:38:39.688977,2025-02-25 12:40:03.008706,83.319729
channel-0,4039451,30325281,30325293,12,2025-02-25 12:38:39.688977,2025-02-25 12:38:55.310358,15.621381
channel-326,538184,30325282,30325294,12,2025-02-25 12:38:40.780738,2025-02-25 12:38:56.529882,15.749144
channel-0,4039452,30325309,30325320,11,2025-02-25 12:39:17.638983,2025-02-25 12:39:31.564133,13.92515
channel-73755,5845,30325311,30325319,8,2025-02-25 12:39:20.065866,2025-02-25 12:39:30.427901,10.362035
channel-208,1490676,30325316,30325327,11,2025-02-25 12:39:25.801220,2025-02-25 12:39:39.734215,13.932995
channel-122,668205,30325325,30325330,5,2025-02-25 12:39:37.416524,2025-02-25 12:39:43.396438,5.979914
channel-42,1490050,30325326,30325340,14,2025-02-25 12:39:38.483880,2025-02-25 12:39:58.156545,19.672665
channel-326,538185,30325327,30325335,8,2025-02-25 12:39:39.734215,2025-02-25 12:39:50.180119,10.445904
channel-750,683844,30325328,30325332,4,2025-02-25 12:39:40.885363,2025-02-25 12:39:46.646384,5.761021
channel-6787,166754,30325335,30325340,5,2025-02-25 12:39:50.180119,2025-02-25 12:39:58.156545,7.976426
channel-208,1490677,30325345,30325357,12,2025-02-25 12:40:04.110548,2025-02-25 12:40:19.311420,15.200872
channel-208,1490678,30325357,30325368,11,2025-02-25 12:40:19.311420,2025-02-25 12:40:31.677602,12.366182
channel-750,683845,30325360,30325369,9,2025-02-25 12:40:22.594742,2025-02-25 12:40:32.753306,10.158564
channel-204,670837,30325363,30325375,12,2025-02-25 12:40:25.858458,2025-02-25 12:40:39.961169,14.102711
channel-6994,1325281,30325368,30325378,10,2025-02-25 12:40:31.677602,2025-02-25 12:40:43.600418,11.922816
channel-326,538186,30325380,30325389,9,2025-02-25 12:40:45.916366,2025-02-25 12:40:57.734904,11.818538
channel-38946,124276,30325380,30325394,14,2025-02-25 12:40:45.916366,2025-02-25 12:41:03.642175,17.725809
channel-89321,19502,30325384,30325410,26,2025-02-25 12:40:50.792682,2025-02-25 12:41:23.993162,33.20048
channel-19774,346100,30325391,30325405,14,2025-02-25 12:41:00.158204,2025-02-25 12:41:17.731679,17.573475
channel-0,4039453,30325407,30325419,12,2025-02-25 12:41:20.578049,2025-02-25 12:41:34.376083,13.798034
channel-6994,1325282,30325410,30325419,9,2025-02-25 12:41:23.993162,2025-02-25 12:41:34.376083,10.382921
channel-208,1490679,30325415,30325423,8,2025-02-25 12:41:29.711961,2025-02-25 12:41:40.093584,10.381623
channel-326,538187,30325424,30325430,6,2025-02-25 12:41:42.193574,2025-02-25 12:41:53.769726,11.576152
channel-0,4039454,30325433,30325457,24,2025-02-25 12:41:58.546525,2025-02-25 12:42:28.697331,30.150806
channel-42,1490051,30325436,30325515,79,2025-02-25 12:42:02.121324,2025-02-25 12:43:44.628788,102.507464
channel-204,670838,30325437,30325444,7,2025-02-25 12:42:04.232411,2025-02-25 12:42:12.577440,8.345029
channel-208,1490680,30325442,30325452,10,2025-02-25 12:42:10.369779,2025-02-25 12:42:22.782074,12.412295
channel-750,683846,30325447,30325464,17,2025-02-25 12:42:17.172464,2025-02-25 12:42:36.770957,19.598493
channel-326,538188,30325469,30325475,6,2025-02-25 12:42:42.572241,2025-02-25 12:42:51.005049,8.432808
channel-1,408547,30325473,30325484,11,2025-02-25 12:42:47.714790,2025-02-25 12:43:03.586448,15.871658
channel-320,119250,30325484,30325511,27,2025-02-25 12:43:03.586448,2025-02-25 12:43:39.975030,36.388582
channel-204,670839,30325484,30325496,12,2025-02-25 12:43:03.586448,2025-02-25 12:43:22.563721,18.977273
channel-122,668206,30325485,30325488,3,2025-02-25 12:43:05.718563,2025-02-25 12:43:13.378261,7.659698
channel-0,4039455,30325500,30325510,10,2025-02-25 12:43:27.058682,2025-02-25 12:43:38.896247,11.837565
channel-85077,60708,30325506,30325515,9,2025-02-25 12:43:34.500174,2025-02-25 12:43:44.628788,10.128614
channel-750,683847,30325510,30325525,15,2025-02-25 12:43:38.896247,2025-02-25 12:43:56.292451,17.396204
channel-0,4039456,30325512,30325540,28,2025-02-25 12:43:41.230780,2025-02-25 12:44:15.383589,34.152809
channel-208,1490681,30325513,30325523,10,2025-02-25 12:43:42.373206,2025-02-25 12:43:53.940448,11.567242
channel-326,538189,30325516,30325522,6,2025-02-25 12:43:45.760010,2025-02-25 12:43:52.808035,7.048025
channel-750,683848,30325516,30325522,6,2025-02-25 12:43:45.760010,2025-02-25 12:43:52.808035,7.048025
channel-6994,1325283,30325517,30325528,11,2025-02-25 12:43:46.920784,2025-02-25 12:43:59.747677,12.826893
channel-259,314412,30325518,30325525,7,2025-02-25 12:43:48.092241,2025-02-25 12:43:56.292451,8.20021
channel-85077,60709,30325520,30325538,18,2025-02-25 12:43:50.264945,2025-02-25 12:44:12.601746,22.336801
channel-750,683849,30325523,30325542,19,2025-02-25 12:43:53.940448,2025-02-25 12:44:17.670935,23.730487
channel-75,845159,30325528,30325536,8,2025-02-25 12:43:59.747677,2025-02-25 12:44:10.125728,10.378051
channel-85077,60710,30325532,30325542,10,2025-02-25 12:44:04.365864,2025-02-25 12:44:17.670935,13.305071
channel-85077,60711,30325547,30325553,6,2025-02-25 12:44:23.326786,2025-02-25 12:44:33.611159,10.284373
channel-6994,1325284,30325550,30325562,12,2025-02-25 12:44:27.880445,2025-02-25 12:44:44.716491,16.836046
channel-204,670840,30325550,30325557,7,2025-02-25 12:44:27.880445,2025-02-25 12:44:38.225201,10.344756
channel-21113,25354,30325553,30325559,6,2025-02-25 12:44:33.611159,2025-02-25 12:44:40.520311,6.909152
channel-75,845160,30325555,30325561,6,2025-02-25 12:44:35.896982,2025-02-25 12:44:43.109108,7.212126
channel-326,538190,30325560,30325571,11,2025-02-25 12:44:41.622987,2025-02-25 12:44:54.965258,13.342271
channel-750,683850,30325563,30325580,17,2025-02-25 12:44:45.828286,2025-02-25 12:45:07.665762,21.837476
channel-75,845161,30325569,30325575,6,2025-02-25 12:44:52.697959,2025-02-25 12:45:01.652455,8.954496
channel-208,1490682,30325577,30325586,9,2025-02-25 12:45:04.007914,2025-02-25 12:45:15.984990,11.977076
channel-75,845162,30325578,30325586,8,2025-02-25 12:45:05.279140,2025-02-25 12:45:15.984990,10.70585
channel-750,683851,30325585,30325594,9,2025-02-25 12:45:14.745429,2025-02-25 12:45:26.227227,11.481798
channel-6994,1325285,30325587,30325596,9,2025-02-25 12:45:17.077444,2025-02-25 12:45:30.184436,13.106992
channel-750,683852,30325590,30325595,5,2025-02-25 12:45:21.648675,2025-02-25 12:45:27.615765,5.96709
channel-208,1490683,30325593,30325604,11,2025-02-25 12:45:25.061813,2025-02-25 12:45:39.572135,14.510322
channel-75,845163,30325598,30325606,8,2025-02-25 12:45:32.534037,2025-02-25 12:45:42.510968,9.976931
channel-326,538191,30325605,30325611,6,2025-02-25 12:45:40.639028,2025-02-25 12:45:49.008613,8.369585
channel-19774,346101,30325613,30325627,14,2025-02-25 12:45:51.313650,2025-02-25 12:46:07.456007,16.142357
channel-750,683853,30325620,30325626,6,2025-02-25 12:45:59.197566,2025-02-25 12:46:06.304202,7.106636
channel-0,4039457,30325627,30325636,9,2025-02-25 12:46:07.456007,2025-02-25 12:46:19.235230,11.779223
channel-0,4039458,30325634,30325646,12,2025-02-25 12:46:16.591853,2025-02-25 12:46:32.043453,15.4516
channel-42,1490052,30325635,30325645,10,2025-02-25 12:46:17.845417,2025-02-25 12:46:30.927170,13.081753
channel-19774,346102,30325643,30325650,7,2025-02-25 12:46:28.565393,2025-02-25 12:46:39.926266,11.360873
channel-72,516451,30325647,30325684,37,2025-02-25 12:46:33.164003,2025-02-25 12:47:27.536533,54.37253
channel-750,683854,30325650,30325659,9,2025-02-25 12:46:39.926266,2025-02-25 12:46:50.756673,10.830407
channel-326,538192,30325654,30325658,4,2025-02-25 12:46:44.256609,2025-02-25 12:46:48.644474,4.387865
channel-2188,43821,30325657,30325659,2,2025-02-25 12:46:47.465817,2025-02-25 12:46:50.756673,3.290856
channel-42,1490053,30325658,30325665,7,2025-02-25 12:46:48.644474,2025-02-25 12:47:03.027872,14.383398
channel-0,4039459,30325658,30325670,12,2025-02-25 12:46:48.644474,2025-02-25 12:47:08.826743,20.182269
channel-0,4039460,30325659,30325670,11,2025-02-25 12:46:50.756673,2025-02-25 12:47:08.826743,18.07007
channel-0,4039461,30325660,30325670,10,2025-02-25 12:46:56.062981,2025-02-25 12:47:08.826743,12.763762
channel-0,4039462,30325660,30325670,10,2025-02-25 12:46:56.062981,2025-02-25 12:47:08.826743,12.763762
channel-19774,346103,30325662,30325675,13,2025-02-25 12:46:59.459260,2025-02-25 12:47:15.176824,15.717564
channel-204,670841,30325663,30325675,12,2025-02-25 12:47:00.653304,2025-02-25 12:47:15.176824,14.52352
channel-75,845164,30325666,30325674,8,2025-02-25 12:47:04.318290,2025-02-25 12:47:14.066012,9.747722
channel-1,408548,30325671,30325685,14,2025-02-25 12:47:09.954135,2025-02-25 12:47:28.691933,18.737798
channel-85077,60712,30325680,30325693,13,2025-02-25 12:47:23.014637,2025-02-25 12:47:38.318305,15.303668
channel-229,55039,30325682,30325696,14,2025-02-25 12:47:25.345172,2025-02-25 12:47:41.671659,16.326487
channel-750,683855,30325694,30325703,9,2025-02-25 12:47:39.408202,2025-02-25 12:47:49.772488,10.364286
channel-326,538193,30325700,30325706,6,2025-02-25 12:47:46.325544,2025-02-25 12:47:53.789159,7.463615
channel-750,683856,30325706,30325716,10,2025-02-25 12:47:53.789159,2025-02-25 12:48:05.385691,11.596532
channel-20082,9891,30325717,30325729,12,2025-02-25 12:48:07.584412,2025-02-25 12:48:23.655156,16.070744
channel-4,167042,30325719,30325728,9,2025-02-25 12:48:09.789814,2025-02-25 12:48:22.474688,12.684874
channel-750,683857,30325720,30325729,9,2025-02-25 12:48:10.938844,2025-02-25 12:48:23.655156,12.716312
channel-19774,346104,30325720,30325730,10,2025-02-25 12:48:10.938844,2025-02-25 12:48:24.746951,13.808107
channel-0,4039463,30325721,30325732,11,2025-02-25 12:48:12.300382,2025-02-25 12:48:26.975594,14.675212
channel-85077,60713,30325723,30325738,15,2025-02-25 12:48:15.189684,2025-02-25 12:48:35.377224,20.18754
channel-0,4039464,30325727,30325739,12,2025-02-25 12:48:21.149254,2025-02-25 12:48:36.467568,15.318314
channel-0,4039465,30325735,30325746,11,2025-02-25 12:48:30.611455,2025-02-25 12:48:46.070793,15.459338
channel-75,845165,30325739,30325747,8,2025-02-25 12:48:36.467568,2025-02-25 12:48:47.249700,10.782132
channel-326,538194,30325742,30325752,10,2025-02-25 12:48:40.020886,2025-02-25 12:48:53.160412,13.139526
channel-750,683858,30325744,30325755,11,2025-02-25 12:48:43.764556,2025-02-25 12:48:57.321750,13.557194
channel-184,137446,30325744,30325756,12,2025-02-25 12:48:43.764556,2025-02-25 12:48:58.468624,14.704068
channel-208,1490684,30325749,30325760,11,2025-02-25 12:48:49.572765,2025-02-25 12:49:02.978854,13.406089
channel-19774,346105,30325752,30325762,10,2025-02-25 12:48:53.160412,2025-02-25 12:49:05.177681,12.017269
channel-94814,3784,30325758,30325765,7,2025-02-25 12:49:00.657144,2025-02-25 12:49:10.602454,9.94531
channel-75,845166,30325760,30325765,5,2025-02-25 12:49:02.978854,2025-02-25 12:49:10.602454,7.6236
channel-20082,9892,30325762,30325772,10,2025-02-25 12:49:05.177681,2025-02-25 12:49:20.441482,15.263801
channel-412,64622,30325767,30325780,13,2025-02-25 12:49:12.757313,2025-02-25 12:49:29.394685,16.637372
channel-2188,43822,30325770,30325775,5,2025-02-25 12:49:16.967615,2025-02-25 12:49:23.809524,6.841909
channel-19774,346106,30325773,30325783,10,2025-02-25 12:49:21.480187,2025-02-25 12:49:32.891354,11.411167
channel-0,4039466,30325780,30325791,11,2025-02-25 12:49:29.394685,2025-02-25 12:49:44.151828,14.757143
channel-326,538195,30325791,30325799,8,2025-02-25 12:49:44.151828,2025-02-25 12:49:55.118061,10.966233
channel-85077,60714,30325804,30325827,23,2025-02-25 12:50:01.612618,2025-02-25 12:50:29.025411,27.412793
channel-85077,60715,30325809,30325821,12,2025-02-25 12:50:07.299127,2025-02-25 12:50:20.945459,13.646332
channel-0,4039467,30325810,30325820,10,2025-02-25 12:50:08.465470,2025-02-25 12:50:19.708859,11.243389
channel-750,683859,30325818,30325827,9,2025-02-25 12:50:17.454364,2025-02-25 12:50:29.025411,11.571047
channel-0,4039468,30325821,30325834,13,2025-02-25 12:50:20.945459,2025-02-25 12:50:38.636140,17.690681
channel-750,683860,30325821,30325826,5,2025-02-25 12:50:20.945459,2025-02-25 12:50:27.980087,7.034628
channel-89321,19503,30325826,30325835,9,2025-02-25 12:50:27.980087,2025-02-25 12:50:39.752407,11.77232
channel-326,538196,30325836,30325848,12,2025-02-25 12:50:40.814672,2025-02-25 12:50:55.135377,14.320705
channel-750,683861,30325837,30325851,14,2025-02-25 12:50:41.836669,2025-02-25 12:50:58.578879,16.74221
channel-75,845167,30325839,30325848,9,2025-02-25 12:50:44.786723,2025-02-25 12:50:55.135377,10.348654
channel-75,845168,30325845,30325852,7,2025-02-25 12:50:51.814619,2025-02-25 12:51:00.746311,8.931692
channel-208,1490685,30325849,30325857,8,2025-02-25 12:50:56.214106,2025-02-25 12:51:09.886156,13.67205
channel-0,4039469,30325858,30325868,10,2025-02-25 12:51:11.101830,2025-02-25 12:51:23.567336,12.465506
channel-208,1490686,30325859,30325871,12,2025-02-25 12:51:12.219145,2025-02-25 12:51:27.541072,15.321927
channel-6994,1325286,30325879,30325888,9,2025-02-25 12:51:38.864110,2025-02-25 12:51:50.476210,11.6121
channel-326,538197,30325881,30325890,9,2025-02-25 12:51:42.149134,2025-02-25 12:51:52.852092,10.702958
channel-208,1490687,30325886,30325898,12,2025-02-25 12:51:47.959911,2025-02-25 12:52:01.872961,13.91305
channel-85077,60716,30325891,30325911,20,2025-02-25 12:51:53.958009,2025-02-25 12:52:17.673539,23.71553
channel-0,4039470,30325914,30325925,11,2025-02-25 12:52:21.013218,2025-02-25 12:52:37.587110,16.573892
channel-42,1490054,30325917,30325926,9,2025-02-25 12:52:26.071471,2025-02-25 12:52:38.989220,12.917749
channel-0,4039471,30325920,30325934,14,2025-02-25 12:52:30.598536,2025-02-25 12:52:49.739437,19.140901
channel-6994,1325287,30325922,30325931,9,2025-02-25 12:52:33.106765,2025-02-25 12:52:44.802784,11.696019
channel-208,1490688,30325922,30325933,11,2025-02-25 12:52:33.106765,2025-02-25 12:52:48.065247,14.958482
channel-6787,166755,30325923,30325927,4,2025-02-25 12:52:35.240997,2025-02-25 12:52:40.132055,4.891058
channel-326,538198,30325929,30325935,6,2025-02-25 12:52:42.465987,2025-02-25 12:52:50.909625,8.443638
channel-6994,1325288,30325933,30325944,11,2025-02-25 12:52:48.065247,2025-02-25 12:53:02.277577,14.21233
channel-75,845169,30325934,30325942,8,2025-02-25 12:52:49.739437,2025-02-25 12:52:58.844465,9.105028
channel-0,4039472,30325942,30325954,12,2025-02-25 12:52:58.844465,2025-02-25 12:53:13.955627,15.111162
channel-208,1490689,30325943,30325952,9,2025-02-25 12:53:00.101367,2025-02-25 12:53:11.570995,11.469628
channel-5,184332,30325951,30325960,9,2025-02-25 12:53:10.055293,2025-02-25 12:53:20.812166,10.756873
channel-1429,140771,30325957,30325965,8,2025-02-25 12:53:17.437434,2025-02-25 12:53:26.739912,9.302478
channel-75,845170,30325963,30325968,5,2025-02-25 12:53:24.553604,2025-02-25 12:53:31.822971,7.269367
channel-0,4039473,30325963,30325973,10,2025-02-25 12:53:24.553604,2025-02-25 12:53:37.829983,13.276379
channel-2,130664,30325964,30325973,9,2025-02-25 12:53:25.612331,2025-02-25 12:53:37.829983,12.217652
channel-199,132786,30325967,30325978,11,2025-02-25 12:53:30.097363,2025-02-25 12:53:43.550393,13.45303
channel-85077,60717,30325967,30325979,12,2025-02-25 12:53:30.097363,2025-02-25 12:53:44.743058,14.645695
channel-750,683862,30325978,30325990,12,2025-02-25 12:53:43.550393,2025-02-25 12:54:00.585377,17.034984
channel-326,538199,30325979,30325983,4,2025-02-25 12:53:44.743058,2025-02-25 12:53:50.464634,5.721576
channel-2186,40797,30325981,30325993,12,2025-02-25 12:53:47.021496,2025-02-25 12:54:04.064310,17.042814
channel-94814,3785,30325985,30325995,10,2025-02-25 12:53:53.746142,2025-02-25 12:54:06.373861,12.627719
channel-0,4039474,30325987,30325997,10,2025-02-25 12:53:57.205930,2025-02-25 12:54:08.656223,11.450293
channel-6994,1325289,30325990,30326000,10,2025-02-25 12:54:00.585377,2025-02-25 12:54:12.199780,11.614403
channel-6994,1325290,30326008,30326018,10,2025-02-25 12:54:21.531497,2025-02-25 12:54:38.277970,16.746473
channel-326,538200,30326025,30326031,6,2025-02-25 12:54:46.225390,2025-02-25 12:54:53.769699,7.544309
channel-412,64623,30326026,30326090,64,2025-02-25 12:54:47.435030,2025-02-25 12:56:11.831030,84.396
channel-0,4039475,30326026,30326035,9,2025-02-25 12:54:47.435030,2025-02-25 12:54:58.649490,11.21446
channel-0,4039476,30326036,30326044,8,2025-02-25 12:55:00.420005,2025-02-25 12:55:11.028616,10.608611
channel-6994,1325291,30326049,30326057,8,2025-02-25 12:55:16.728617,2025-02-25 12:55:30.435661,13.707044
channel-750,683863,30326059,30326072,13,2025-02-25 12:55:32.783969,2025-02-25 12:55:49.868742,17.084773
channel-326,538201,30326072,30326080,8,2025-02-25 12:55:49.868742,2025-02-25 12:55:59.080996,9.212254
channel-146,20036,30326072,30326082,10,2025-02-25 12:55:49.868742,2025-02-25 12:56:01.517646,11.648904
channel-204,670843,30326076,30326270,194,2025-02-25 12:55:54.558619,2025-02-25 13:00:12.406448,257.847829
channel-6994,1325292,30326077,30326086,9,2025-02-25 12:55:55.761926,2025-02-25 12:56:07.195135,11.433209
channel-88,467170,30326077,30326091,14,2025-02-25 12:55:55.761926,2025-02-25 12:56:14.003763,18.241837
channel-0,4039477,30326090,30326099,9,2025-02-25 12:56:11.831030,2025-02-25 12:56:26.745707,14.914677
channel-0,4039478,30326091,30326099,8,2025-02-25 12:56:14.003763,2025-02-25 12:56:26.745707,12.741944
channel-750,683864,30326093,30326110,17,2025-02-25 12:56:16.233780,2025-02-25 12:56:41.057906,24.824126
channel-6994,1325293,30326099,30326108,9,2025-02-25 12:56:26.745707,2025-02-25 12:56:36.726987,9.98128
channel-0,4039479,30326108,30326119,11,2025-02-25 12:56:36.726987,2025-02-25 12:56:51.293593,14.566606
channel-2186,40798,30326110,30326123,13,2025-02-25 12:56:41.057906,2025-02-25 12:56:57.043236,15.98533
channel-750,683865,30326114,30326143,29,2025-02-25 12:56:45.607142,2025-02-25 12:57:21.197896,35.590754
channel-6994,1325294,30326119,30326131,12,2025-02-25 12:56:51.293593,2025-02-25 12:57:07.732674,16.439081
channel-326,538202,30326121,30326131,10,2025-02-25 12:56:53.660753,2025-02-25 12:57:07.732674,14.071921
channel-6994,1325295,30326121,30326131,10,2025-02-25 12:56:53.660753,2025-02-25 12:57:07.732674,14.071921
channel-85077,60718,30326127,30326137,10,2025-02-25 12:57:02.491165,2025-02-25 12:57:14.335859,11.844694
channel-216,94273,30326129,30326196,67,2025-02-25 12:57:04.716074,2025-02-25 12:58:28.334008,83.617934
channel-0,4039480,30326130,30326141,11,2025-02-25 12:57:05.997884,2025-02-25 12:57:18.908713,12.910829
channel-259,314413,30326131,30326138,7,2025-02-25 12:57:07.732674,2025-02-25 12:57:15.463825,7.731151
channel-1,408549,30326140,30326153,13,2025-02-25 12:57:17.788255,2025-02-25 12:57:33.028064,15.239809
channel-122,668207,30326141,30326145,4,2025-02-25 12:57:18.908713,2025-02-25 12:57:23.400293,4.49158
channel-208,1490690,30326153,30326161,8,2025-02-25 12:57:33.028064,2025-02-25 12:57:44.698628,11.670564
channel-1424,7353,30326157,30326168,11,2025-02-25 12:57:37.992761,2025-02-25 12:57:53.109103,15.116342
channel-89298,18709,30326158,30326170,12,2025-02-25 12:57:39.010797,2025-02-25 12:57:55.373465,16.362668
channel-326,538203,30326162,30326172,10,2025-02-25 12:57:45.805699,2025-02-25 12:57:57.650520,11.844821
channel-750,683866,30326177,30326182,5,2025-02-25 12:58:04.477313,2025-02-25 12:58:11.873619,7.396306
channel-412,64624,30326186,30326197,11,2025-02-25 12:58:16.656135,2025-02-25 12:58:29.453383,12.797248
channel-0,4039481,30326187,30326200,13,2025-02-25 12:58:17.694998,2025-02-25 12:58:32.880359,15.185361
channel-6994,1325296,30326189,30326202,13,2025-02-25 12:58:20.193093,2025-02-25 12:58:36.834030,16.640937
channel-874,293346,30326197,30326202,5,2025-02-25 12:58:29.453383,2025-02-25 12:58:36.834030,7.380647
channel-2188,43823,30326199,30326203,4,2025-02-25 12:58:31.745779,2025-02-25 12:58:37.955122,6.209343
channel-326,538204,30326207,30326215,8,2025-02-25 12:58:43.555630,2025-02-25 12:58:55.744025,12.188395
channel-750,683867,30326212,30326221,9,2025-02-25 12:58:52.299082,2025-02-25 12:59:03.844527,11.545445
channel-750,683868,30326212,30326222,10,2025-02-25 12:58:52.299082,2025-02-25 12:59:05.033458,12.734376
channel-85077,60719,30326213,30326222,9,2025-02-25 12:58:53.418221,2025-02-25 12:59:05.033458,11.615237
channel-6994,1325297,30326215,30326227,12,2025-02-25 12:58:55.744025,2025-02-25 12:59:10.735088,14.991063
channel-0,4039482,30326224,30326237,13,2025-02-25 12:59:07.353448,2025-02-25 12:59:22.964061,15.610613
channel-6994,1325298,30326224,30326237,13,2025-02-25 12:59:07.353448,2025-02-25 12:59:22.964061,15.610613
channel-6787,166756,30326227,30326231,4,2025-02-25 12:59:10.735088,2025-02-25 12:59:15.308323,4.573235
channel-0,4039483,30326227,30326237,10,2025-02-25 12:59:10.735088,2025-02-25 12:59:22.964061,12.228973
channel-8945,17762,30326235,30326251,16,2025-02-25 12:59:20.596528,2025-02-25 12:59:43.771849,23.175321
channel-750,683869,30326239,30326246,7,2025-02-25 12:59:26.241274,2025-02-25 12:59:38.067547,11.826273
channel-750,683870,30326244,30326256,12,2025-02-25 12:59:32.132466,2025-02-25 12:59:50.510771,18.378305
channel-326,538205,30326250,30326260,10,2025-02-25 12:59:42.623507,2025-02-25 12:59:56.281609,13.658102
channel-208,1490691,30326251,30326261,10,2025-02-25 12:59:43.771849,2025-02-25 12:59:57.388217,13.616368
channel-85077,60720,30326252,30326261,9,2025-02-25 12:59:46.082811,2025-02-25 12:59:57.388217,11.305406
channel-208,1490692,30326255,30326265,10,2025-02-25 12:59:49.474357,2025-02-25 13:00:02.670760,13.196403
channel-750,683871,30326255,30326268,13,2025-02-25 12:59:49.474357,2025-02-25 13:00:10.218003,20.743646
channel-6994,1325299,30326257,30326265,8,2025-02-25 12:59:52.784269,2025-02-25 13:00:02.670760,9.886491
channel-85077,60721,30326259,30326267,8,2025-02-25 12:59:55.114946,2025-02-25 13:00:09.133956,14.01901
channel-750,683872,30326261,30326273,12,2025-02-25 12:59:57.388217,2025-02-25 13:00:19.008894,21.620677
channel-750,683873,30326265,30326274,9,2025-02-25 13:00:02.670760,2025-02-25 13:00:20.338160,17.6674
channel-75,845171,30326265,30326271,6,2025-02-25 13:00:02.670760,2025-02-25 13:00:16.744586,14.073826
channel-326,538206,30326270,30326287,17,2025-02-25 13:00:12.406448,2025-02-25 13:00:35.722169,23.315721
channel-91017,2894,30326272,30326302,30,2025-02-25 13:00:17.845701,2025-02-25 13:00:54.461602,36.615901
channel-750,683874,30326272,30326277,5,2025-02-25 13:00:17.845701,2025-02-25 13:00:23.879665,6.033964
channel-6787,166757,30326274,30326279,5,2025-02-25 13:00:20.338160,2025-02-25 13:00:26.036082,5.697922
channel-0,4039484,30326276,30326286,10,2025-02-25 13:00:22.733621,2025-02-25 13:00:34.542368,11.808747
channel-6994,1325300,30326286,30326299,13,2025-02-25 13:00:34.542368,2025-02-25 13:00:50.192010,15.649642
channel-208,1490693,30326287,30326299,12,2025-02-25 13:00:35.722169,2025-02-25 13:00:50.192010,14.469841
channel-0,4039485,30326297,30326306,9,2025-02-25 13:00:47.735529,2025-02-25 13:00:59.917835,12.182306
channel-75,845172,30326301,30326310,9,2025-02-25 13:00:53.402425,2025-02-25 13:01:06.021077,12.618652
channel-75,845173,30326304,30326312,8,2025-02-25 13:00:56.634067,2025-02-25 13:01:09.238219,12.604152
channel-326,538207,30326307,30326314,7,2025-02-25 13:01:01.074259,2025-02-25 13:01:11.655606,10.581347
channel-85077,60722,30326308,30326317,9,2025-02-25 13:01:03.301112,2025-02-25 13:01:15.199855,11.898743
channel-75,845174,30326319,30326326,7,2025-02-25 13:01:17.362260,2025-02-25 13:01:25.902402,8.540142
channel-326,538208,30326321,30326328,7,2025-02-25 13:01:19.648754,2025-02-25 13:01:28.222819,8.574065
channel-122,668208,30326322,30326326,4,2025-02-25 13:01:20.812464,2025-02-25 13:01:25.902402,5.089938
channel-750,683875,30326323,30326328,5,2025-02-25 13:01:22.483132,2025-02-25 13:01:28.222819,5.739687
channel-216,94274,30326323,30326385,62,2025-02-25 13:01:22.483132,2025-02-25 13:02:39.228153,76.745021
channel-72,516452,30326325,30326375,50,2025-02-25 13:01:24.717134,2025-02-25 13:02:27.469058,62.751924
channel-0,4039486,30326326,30326337,11,2025-02-25 13:01:25.902402,2025-02-25 13:01:39.067547,13.165145
channel-75,845175,30326328,30326335,7,2025-02-25 13:01:28.222819,2025-02-25 13:01:36.878793,8.655974
channel-750,683876,30326334,30326350,16,2025-02-25 13:01:35.677237,2025-02-25 13:01:54.171172,18.493935
channel-326,538209,30326341,30326346,5,2025-02-25 13:01:43.553911,2025-02-25 13:01:49.284248,5.730337
channel-91017,2895,30326346,30326354,8,2025-02-25 13:01:49.284248,2025-02-25 13:02:00.712649,11.428401
channel-75,845176,30326352,30326361,9,2025-02-25 13:01:56.687174,2025-02-25 13:02:10.975148,14.287974
channel-750,683877,30326352,30326357,5,2025-02-25 13:01:56.687174,2025-02-25 13:02:05.365998,8.678824
channel-783,104338,30326360,30326368,8,2025-02-25 13:02:08.827143,2025-02-25 13:02:19.259957,10.432814
channel-874,293347,30326360,30326366,6,2025-02-25 13:02:08.827143,2025-02-25 13:02:16.985934,8.158791
channel-750,683878,30326367,30326373,6,2025-02-25 13:02:18.115731,2025-02-25 13:02:25.075264,6.959533
channel-750,683879,30326367,30326381,14,2025-02-25 13:02:18.115731,2025-02-25 13:02:34.670886,16.555155
channel-122,668209,30326369,30326373,4,2025-02-25 13:02:20.472148,2025-02-25 13:02:25.075264,4.603116
channel-6994,1325301,30326378,30326390,12,2025-02-25 13:02:30.919833,2025-02-25 13:02:45.240890,14.321057
channel-0,4039487,30326379,30326389,10,2025-02-25 13:02:32.276321,2025-02-25 13:02:43.946377,11.670056
channel-326,538210,30326387,30326396,9,2025-02-25 13:02:41.787284,2025-02-25 13:02:52.979265,11.191981
channel-1,408550,30326402,30326414,12,2025-02-25 13:03:00.435732,2025-02-25 13:03:15.851081,15.415349
channel-6994,1325302,30326416,30326424,8,2025-02-25 13:03:20.199833,2025-02-25 13:03:30.738793,10.53896
channel-208,1490694,30326431,30326441,10,2025-02-25 13:03:40.312107,2025-02-25 13:03:53.555710,13.243603
channel-216,94275,30326433,30326500,67,2025-02-25 13:03:42.652342,2025-02-25 13:05:09.660588,87.008246
channel-326,538211,30326439,30326448,9,2025-02-25 13:03:49.539958,2025-02-25 13:04:01.460871,11.920913
channel-5,184333,30326445,30326454,9,2025-02-25 13:03:57.980159,2025-02-25 13:04:09.607680,11.627521
channel-0,4039488,30326464,30326474,10,2025-02-25 13:04:21.668843,2025-02-25 13:04:33.149414,11.480571
channel-91017,2896,30326465,30326475,10,2025-02-25 13:04:22.773489,2025-02-25 13:04:34.369394,11.595905
channel-2188,43824,30326473,30326475,2,2025-02-25 13:04:31.998548,2025-02-25 13:04:34.369394,2.370846
channel-326,538212,30326481,30326490,9,2025-02-25 13:04:44.264905,2025-02-25 13:04:55.465603,11.200698
channel-0,4039489,30326488,30326497,9,2025-02-25 13:04:52.268306,2025-02-25 13:05:05.153910,12.885604
channel-184,137447,30326490,30326500,10,2025-02-25 13:04:55.465603,2025-02-25 13:05:09.660588,14.194985
channel-0,4039490,30326493,30326502,9,2025-02-25 13:04:59.953231,2025-02-25 13:05:11.973189,12.019958
channel-0,4039491,30326504,30326535,31,2025-02-25 13:05:14.316857,2025-02-25 13:05:53.859327,39.54247
channel-2188,43825,30326523,30326527,4,2025-02-25 13:05:37.001087,2025-02-25 13:05:42.525344,5.524257
channel-326,538213,30326526,30326531,5,2025-02-25 13:05:41.450109,2025-02-25 13:05:49.186289,7.73618
channel-85077,60723,30326545,30326552,7,2025-02-25 13:06:05.243633,2025-02-25 13:06:15.089036,9.845403
channel-6994,1325303,30326553,30326562,9,2025-02-25 13:06:16.364748,2025-02-25 13:06:27.561002,11.196254
channel-6994,1325304,30326561,30326569,8,2025-02-25 13:06:26.449121,2025-02-25 13:06:36.977695,10.528574
channel-6994,1325305,30326568,30326578,10,2025-02-25 13:06:35.918728,2025-02-25 13:06:47.708969,11.790241
channel-6994,1325306,30326568,30326578,10,2025-02-25 13:06:35.918728,2025-02-25 13:06:47.708969,11.790241
channel-75,845177,30326569,30326577,8,2025-02-25 13:06:36.977695,2025-02-25 13:06:46.538227,9.560532
channel-326,538214,30326573,30326581,8,2025-02-25 13:06:41.831928,2025-02-25 13:06:52.618760,10.786832
channel-2188,43826,30326573,30326578,5,2025-02-25 13:06:41.831928,2025-02-25 13:06:47.708969,5.877041
channel-6994,1325307,30326579,30326590,11,2025-02-25 13:06:50.291788,2025-02-25 13:07:03.103575,12.811787
channel-750,683880,30326588,30331661,5073,2025-02-25 13:07:00.627927,2025-02-25 14:57:01.792945,6601.165018
channel-750,683881,30326592,30326605,13,2025-02-25 13:07:05.321922,2025-02-25 13:07:21.974851,16.652929
channel-208,1490695,30326593,30326602,9,2025-02-25 13:07:06.443550,2025-02-25 13:07:18.517364,12.073814
channel-750,683882,30326594,30326607,13,2025-02-25 13:07:08.077853,2025-02-25 13:07:24.494483,16.41663
channel-208,1490696,30326603,30326611,8,2025-02-25 13:07:19.580999,2025-02-25 13:07:29.140130,9.559131
channel-750,683883,30326607,30326611,4,2025-02-25 13:07:24.494483,2025-02-25 13:07:29.140130,4.645647
channel-750,683884,30326608,30326630,22,2025-02-25 13:07:25.715514,2025-02-25 13:07:56.122737,30.407223
channel-0,4039492,30326609,30326618,9,2025-02-25 13:07:26.841000,2025-02-25 13:07:39.797522,12.956522
channel-85077,60724,30326613,30326635,22,2025-02-25 13:07:33.960726,2025-02-25 13:08:02.823538,28.862812
channel-750,683885,30326613,30326622,9,2025-02-25 13:07:33.960726,2025-02-25 13:07:45.402806,11.44208
channel-208,1490697,30326613,30326625,12,2025-02-25 13:07:33.960726,2025-02-25 13:07:48.626192,14.665466
channel-0,4039493,30326614,30326626,12,2025-02-25 13:07:35.092899,2025-02-25 13:07:50.782829,15.68993
channel-326,538215,30326624,30326633,9,2025-02-25 13:07:47.570915,2025-02-25 13:08:00.572389,13.001474
channel-6994,1325308,30326625,30326632,7,2025-02-25 13:07:48.626192,2025-02-25 13:07:59.373458,10.747266
channel-783,104339,30326628,30326635,7,2025-02-25 13:07:53.183941,2025-02-25 13:08:02.823538,9.639597
channel-5,184334,30326639,30326645,6,2025-02-25 13:08:07.519152,2025-02-25 13:08:15.400255,7.881103
channel-750,683886,30326641,30326651,10,2025-02-25 13:08:09.857866,2025-02-25 13:08:21.983173,12.125307
channel-2,130665,30326644,30326657,13,2025-02-25 13:08:14.289161,2025-02-25 13:08:29.611347,15.322186
channel-0,4039494,30326647,30326658,11,2025-02-25 13:08:17.520541,2025-02-25 13:08:30.807964,13.287423
channel-874,293348,30326651,30326661,10,2025-02-25 13:08:21.983173,2025-02-25 13:08:34.778588,12.795415
channel-2,130666,30326655,30326667,12,2025-02-25 13:08:27.226436,2025-02-25 13:08:41.599280,14.372844
channel-0,4039495,30326655,30326668,13,2025-02-25 13:08:27.226436,2025-02-25 13:08:42.718269,15.491833
channel-91017,2897,30326665,30326675,10,2025-02-25 13:08:39.393902,2025-02-25 13:08:52.611615,13.217713
channel-1,408551,30326667,30326679,12,2025-02-25 13:08:41.599280,2025-02-25 13:08:57.533746,15.934466
channel-326,538216,30326668,30326674,6,2025-02-25 13:08:42.718269,2025-02-25 13:08:50.434145,7.715876
channel-750,683887,30326671,30326688,17,2025-02-25 13:08:47.127256,2025-02-25 13:09:11.518153,24.390897
channel-340,3192,30326675,30326682,7,2025-02-25 13:08:52.611615,2025-02-25 13:09:04.395364,11.783749
channel-320,119251,30326678,30326690,12,2025-02-25 13:08:56.252880,2025-02-25 13:09:13.736483,17.483603
channel-85077,60725,30326679,30326692,13,2025-02-25 13:08:57.533746,2025-02-25 13:09:17.196503,19.662757
channel-6994,1325309,30326680,30326688,8,2025-02-25 13:09:01.893982,2025-02-25 13:09:11.518153,9.624171
channel-122,668210,30326682,30326686,4,2025-02-25 13:09:04.395364,2025-02-25 13:09:09.242148,4.846784
channel-0,4039496,30326688,30326698,10,2025-02-25 13:09:11.518153,2025-02-25 13:09:27.176993,15.65884
channel-199,132787,30326693,30326704,11,2025-02-25 13:09:19.071399,2025-02-25 13:09:33.897194,14.825795
channel-750,683888,30326693,30326697,4,2025-02-25 13:09:19.071399,2025-02-25 13:09:24.546115,5.474716
channel-122,668211,30326705,30326709,4,2025-02-25 13:09:35.071784,2025-02-25 13:09:39.592901,4.521117
channel-326,538217,30326710,30326719,9,2025-02-25 13:09:41.003562,2025-02-25 13:09:51.438640,10.435078
channel-75,845178,30326713,30326721,8,2025-02-25 13:09:44.429693,2025-02-25 13:09:54.729112,10.299419
channel-750,683889,30326725,30326747,22,2025-02-25 13:09:59.861886,2025-02-25 13:10:29.384220,29.522334
channel-0,4039497,30326731,30326741,10,2025-02-25 13:10:07.908808,2025-02-25 13:10:21.315737,13.406929
channel-0,4039498,30326736,30326745,9,2025-02-25 13:10:15.574940,2025-02-25 13:10:27.104019,11.529079
channel-1,408552,30326741,30326754,13,2025-02-25 13:10:21.315737,2025-02-25 13:10:38.028376,16.712639
channel-750,683890,30326746,30326756,10,2025-02-25 13:10:28.254460,2025-02-25 13:10:40.308614,12.054154
channel-783,104340,30326750,30326759,9,2025-02-25 13:10:32.887938,2025-02-25 13:10:44.246024,11.358086
channel-208,1490698,30326750,30326759,9,2025-02-25 13:10:32.887938,2025-02-25 13:10:44.246024,11.358086
channel-208,1490699,30326751,30326762,11,2025-02-25 13:10:34.106530,2025-02-25 13:10:48.014757,13.908227
channel-750,683891,30326752,30326763,11,2025-02-25 13:10:35.533253,2025-02-25 13:10:49.123083,13.58983
channel-750,683892,30326757,30326771,14,2025-02-25 13:10:41.541857,2025-02-25 13:10:58.814072,17.272215
channel-326,538218,30326758,30326765,7,2025-02-25 13:10:42.575254,2025-02-25 13:10:51.786487,9.211233
channel-122,668212,30326759,30326763,4,2025-02-25 13:10:44.246024,2025-02-25 13:10:49.123083,4.877059
channel-0,4039499,30326762,30326773,11,2025-02-25 13:10:48.014757,2025-02-25 13:11:01.236157,13.2214
channel-750,683893,30326762,30326777,15,2025-02-25 13:10:48.014757,2025-02-25 13:11:05.655408,17.640651
channel-208,1490700,30326762,30326772,10,2025-02-25 13:10:48.014757,2025-02-25 13:11:00.083228,12.068471
channel-6994,1325310,30326773,30326780,7,2025-02-25 13:11:01.236157,2025-02-25 13:11:09.135753,7.899596
channel-6994,1325311,30326775,30326785,10,2025-02-25 13:11:03.470618,2025-02-25 13:11:16.307178,12.83656
channel-750,683894,30326778,30326798,20,2025-02-25 13:11:06.849009,2025-02-25 13:11:33.255864,26.406855
channel-750,683895,30326778,30326782,4,2025-02-25 13:11:06.849009,2025-02-25 13:11:12.934561,6.085552
channel-75,845179,30326786,30326793,7,2025-02-25 13:11:17.494493,2025-02-25 13:11:27.349021,9.854528
channel-320,119252,30326787,30326795,8,2025-02-25 13:11:19.836268,2025-02-25 13:11:29.644496,9.808228
channel-0,4039500,30326794,30326802,8,2025-02-25 13:11:28.419988,2025-02-25 13:11:38.705720,10.285732
channel-0,4039501,30326796,30326808,12,2025-02-25 13:11:30.877331,2025-02-25 13:11:45.780477,14.903146
channel-82819,486,30326797,30326810,13,2025-02-25 13:11:32.122951,2025-02-25 13:11:48.620501,16.49755
channel-6994,1325312,30326798,30326810,12,2025-02-25 13:11:33.255864,2025-02-25 13:11:48.620501,15.364637
channel-259,314414,30326799,30326805,6,2025-02-25 13:11:34.398182,2025-02-25 13:11:42.083288,7.685106
channel-259,314415,30326803,30326809,6,2025-02-25 13:11:39.826079,2025-02-25 13:11:46.895950,7.069871
channel-6994,1325313,30326803,30326814,11,2025-02-25 13:11:39.826079,2025-02-25 13:11:53.347797,13.521718
channel-326,538219,30326808,30326813,5,2025-02-25 13:11:45.780477,2025-02-25 13:11:52.142451,6.361974
channel-75,845180,30326808,30326815,7,2025-02-25 13:11:45.780477,2025-02-25 13:11:54.510267,8.72979
channel-750,683896,30326818,30326832,14,2025-02-25 13:11:58.135850,2025-02-25 13:12:15.303475,17.167625
channel-6994,1325314,30326834,30326842,8,2025-02-25 13:12:17.500974,2025-02-25 13:12:27.573179,10.072205
channel-89321,19504,30326837,30326844,7,2025-02-25 13:12:20.874242,2025-02-25 13:12:30.746772,9.87253
channel-6994,1325315,30326842,30326851,9,2025-02-25 13:12:27.573179,2025-02-25 13:12:40.548003,12.974824
channel-0,4039502,30326847,30326855,8,2025-02-25 13:12:34.009829,2025-02-25 13:12:46.270040,12.260211
channel-0,4039503,30326851,30326860,9,2025-02-25 13:12:40.548003,2025-02-25 13:12:52.480255,11.932252
channel-326,538220,30326852,30326858,6,2025-02-25 13:12:42.762594,2025-02-25 13:12:49.609861,6.847267
channel-6994,1325316,30326852,30326863,11,2025-02-25 13:12:42.762594,2025-02-25 13:12:56.172327,13.409733
channel-2494,31969,30326853,30326863,10,2025-02-25 13:12:43.914275,2025-02-25 13:12:56.172327,12.258052
channel-0,4039504,30326854,30326878,24,2025-02-25 13:12:45.074016,2025-02-25 13:13:17.259080,32.185064
channel-320,119253,30326860,30326869,9,2025-02-25 13:12:52.480255,2025-02-25 13:13:04.335317,11.855062
channel-6787,166758,30326864,30326868,4,2025-02-25 13:12:57.211062,2025-02-25 13:13:03.223679,6.012617
channel-88,467171,30326873,30326888,15,2025-02-25 13:13:08.744715,2025-02-25 13:13:30.289114,21.544399
channel-208,1490701,30326880,30326890,10,2025-02-25 13:13:19.500214,2025-02-25 13:13:32.658726,13.158512
channel-6994,1325317,30326883,30326894,11,2025-02-25 13:13:23.415206,2025-02-25 13:13:37.731671,14.316465
channel-199,132788,30326885,30326894,9,2025-02-25 13:13:25.619371,2025-02-25 13:13:37.731671,12.1123
channel-6994,1325318,30326885,30326894,9,2025-02-25 13:13:25.619371,2025-02-25 13:13:37.731671,12.1123
channel-6994,1325319,30326889,30326895,6,2025-02-25 13:13:31.429341,2025-02-25 13:13:42.186201,10.75686
channel-0,4039505,30326891,30326916,25,2025-02-25 13:13:34.377359,2025-02-25 13:14:07.794182,33.416823
channel-326,538221,30326894,30326900,6,2025-02-25 13:13:37.731671,2025-02-25 13:13:48.211922,10.480251
channel-6994,1325320,30326909,30326920,11,2025-02-25 13:13:58.633477,2025-02-25 13:14:12.461205,13.827728
channel-6994,1325321,30326911,30326932,21,2025-02-25 13:14:00.950160,2025-02-25 13:14:28.070663,27.120503
channel-259,314416,30326912,30326918,6,2025-02-25 13:14:02.129268,2025-02-25 13:14:10.127140,7.997872
channel-91017,2898,30326918,30326961,43,2025-02-25 13:14:10.127140,2025-02-25 13:15:08.083419,57.956279
channel-0,4039506,30326938,30326952,14,2025-02-25 13:14:37.103620,2025-02-25 13:14:54.608068,17.504448
channel-326,538222,30326943,30326952,9,2025-02-25 13:14:42.542422,2025-02-25 13:14:54.608068,12.065646
channel-122,668213,30326945,30326949,4,2025-02-25 13:14:44.955569,2025-02-25 13:14:51.143456,6.187887
channel-199,132789,30326952,30326959,7,2025-02-25 13:14:54.608068,2025-02-25 13:15:04.221452,9.613384
channel-6994,1325322,30326953,30326963,10,2025-02-25 13:14:56.753776,2025-02-25 13:15:10.519486,13.76571
channel-208,1490702,30326954,30326964,10,2025-02-25 13:14:58.024706,2025-02-25 13:15:11.633576,13.60887
channel-199,132790,30326958,30326969,11,2025-02-25 13:15:03.104993,2025-02-25 13:15:17.365140,14.260147
channel-85077,60726,30326959,30326968,9,2025-02-25 13:15:04.221452,2025-02-25 13:15:16.249810,12.028358
channel-259,314417,30326961,30326968,7,2025-02-25 13:15:08.083419,2025-02-25 13:15:16.249810,8.166391
channel-0,4039507,30326964,30326977,13,2025-02-25 13:15:11.633576,2025-02-25 13:15:26.596560,14.962984
channel-0,4039508,30326968,30326977,9,2025-02-25 13:15:16.249810,2025-02-25 13:15:26.596560,10.34675
channel-750,683897,30326977,30326982,5,2025-02-25 13:15:26.596560,2025-02-25 13:15:32.281489,5.684929
channel-326,538223,30326990,30326998,8,2025-02-25 13:15:43.647489,2025-02-25 13:15:53.457941,9.810452
channel-6994,1325323,30326992,30327003,11,2025-02-25 13:15:46.460770,2025-02-25 13:15:59.165875,12.705105
channel-199,132791,30326997,30327006,9,2025-02-25 13:15:52.318346,2025-02-25 13:16:02.575569,10.257223
channel-259,314418,30327001,30327009,8,2025-02-25 13:15:56.918852,2025-02-25 13:16:06.260567,9.341715
channel-1,408553,30327007,30327018,11,2025-02-25 13:16:04.015266,2025-02-25 13:16:16.958087,12.942821
channel-0,4039509,30327009,30327043,34,2025-02-25 13:16:06.260567,2025-02-25 13:16:49.427521,43.166954
channel-85077,60727,30327015,30327026,11,2025-02-25 13:16:13.248713,2025-02-25 13:16:26.941660,13.692947
channel-75,845181,30327018,30327027,9,2025-02-25 13:16:16.958087,2025-02-25 13:16:28.088962,11.130875
channel-85077,60728,30327021,30327031,10,2025-02-25 13:16:20.693125,2025-02-25 13:16:34.986538,14.293413
channel-6994,1325324,30327034,30327044,10,2025-02-25 13:16:38.468590,2025-02-25 13:16:50.591801,12.123211
channel-0,4039510,30327035,30327065,30,2025-02-25 13:16:39.583631,2025-02-25 13:17:19.507246,39.923615
channel-326,538224,30327037,30327043,6,2025-02-25 13:16:42.057037,2025-02-25 13:16:49.427521,7.370484
channel-750,683898,30327046,30327051,5,2025-02-25 13:16:52.803087,2025-02-25 13:17:01.066242,8.263155
channel-0,4039511,30327048,30327060,12,2025-02-25 13:16:56.727245,2025-02-25 13:17:12.865993,16.138748
channel-6994,1325325,30327051,30327060,9,2025-02-25 13:17:01.066242,2025-02-25 13:17:12.865993,11.799751
channel-199,132792,30327056,30327067,11,2025-02-25 13:17:07.340936,2025-02-25 13:17:21.953832,14.612896
channel-6994,1325326,30327057,30327068,11,2025-02-25 13:17:09.504884,2025-02-25 13:17:23.127820,13.622936
channel-750,683899,30327079,30327093,14,2025-02-25 13:17:38.839158,2025-02-25 13:17:56.891053,18.051895
channel-2188,43827,30327081,30327086,5,2025-02-25 13:17:42.223101,2025-02-25 13:17:48.199860,5.976759
channel-750,683900,30327082,30327089,7,2025-02-25 13:17:43.356306,2025-02-25 13:17:51.570189,8.213883
channel-326,538225,30327082,30327091,9,2025-02-25 13:17:43.356306,2025-02-25 13:17:54.335448,10.979142
channel-6994,1325327,30327092,30327103,11,2025-02-25 13:17:55.450378,2025-02-25 13:18:08.627785,13.177407
channel-750,683901,30327092,30327097,5,2025-02-25 13:17:55.450378,2025-02-25 13:18:01.644146,6.193768
channel-75,845182,30327094,30327102,8,2025-02-25 13:17:58.180770,2025-02-25 13:18:07.531802,9.351032
channel-750,683902,30327099,30327108,9,2025-02-25 13:18:04.008431,2025-02-25 13:18:14.458180,10.449749
channel-320,119254,30327107,30327127,20,2025-02-25 13:18:13.321530,2025-02-25 13:18:41.129856,27.808326
channel-122,668214,30327108,30327115,7,2025-02-25 13:18:14.458180,2025-02-25 13:18:25.449715,10.991535
channel-85077,60729,30327108,30327118,10,2025-02-25 13:18:14.458180,2025-02-25 13:18:30.261766,15.803586
channel-0,4039512,30327110,30327120,10,2025-02-25 13:18:19.845871,2025-02-25 13:18:32.521142,12.675271
channel-259,314419,30327124,30327129,5,2025-02-25 13:18:37.700274,2025-02-25 13:18:44.780712,7.080438
channel-0,4039513,30327125,30327142,17,2025-02-25 13:18:38.789977,2025-02-25 13:19:01.196611,22.406634
channel-326,538226,30327129,30327137,8,2025-02-25 13:18:44.780712,2025-02-25 13:18:55.434850,10.654138
channel-91017,2899,30327135,30327149,14,2025-02-25 13:18:51.588833,2025-02-25 13:19:09.556735,17.967902
channel-783,104341,30327136,30327143,7,2025-02-25 13:18:52.768040,2025-02-25 13:19:02.389959,9.621919
channel-85077,60730,30327136,30327147,11,2025-02-25 13:18:52.768040,2025-02-25 13:19:06.753102,13.985062
channel-73755,5846,30327136,30327144,8,2025-02-25 13:18:52.768040,2025-02-25 13:19:03.431092,10.663052
channel-0,4039514,30327139,30327152,13,2025-02-25 13:18:57.770202,2025-02-25 13:19:12.944315,15.174113
channel-2694,3322,30327139,30327167,28,2025-02-25 13:18:57.770202,2025-02-25 13:19:32.486460,34.716258
channel-6994,1325328,30327146,30327156,10,2025-02-25 13:19:05.646386,2025-02-25 13:19:18.100568,12.454182
channel-320,119255,30327147,30327160,13,2025-02-25 13:19:06.753102,2025-02-25 13:19:22.524394,15.771292
channel-115,20426,30327150,30327158,8,2025-02-25 13:19:10.693412,2025-02-25 13:19:20.303412,9.61
channel-2188,43828,30327152,30327157,5,2025-02-25 13:19:12.944315,2025-02-25 13:19:19.209158,6.264843
channel-0,4039515,30327171,30327180,9,2025-02-25 13:19:38.289686,2025-02-25 13:19:50.489676,12.19999
channel-326,538227,30327175,30327180,5,2025-02-25 13:19:42.729037,2025-02-25 13:19:50.489676,7.760639
channel-2188,43829,30327178,30327184,6,2025-02-25 13:19:48.228560,2025-02-25 13:19:55.105341,6.876781
channel-0,4039516,30327180,30327189,9,2025-02-25 13:19:50.489676,2025-02-25 13:20:02.431897,11.942221
channel-6994,1325329,30327190,30327204,14,2025-02-25 13:20:03.797884,2025-02-25 13:20:19.792233,15.994349
channel-0,4039517,30327199,30327210,11,2025-02-25 13:20:14.145474,2025-02-25 13:20:26.972764,12.82729
channel-122,668215,30327211,30327215,4,2025-02-25 13:20:29.170570,2025-02-25 13:20:33.895613,4.725043
channel-320,119256,30327219,30327231,12,2025-02-25 13:20:39.547342,2025-02-25 13:20:56.307881,16.760539
channel-326,538228,30327220,30327225,5,2025-02-25 13:20:42.349173,2025-02-25 13:20:48.412093,6.06292
channel-0,4039518,30327223,30327248,25,2025-02-25 13:20:46.221980,2025-02-25 13:21:16.697480,30.4755
channel-115,20427,30327223,30327240,17,2025-02-25 13:20:46.221980,2025-02-25 13:21:06.885967,20.663987
channel-750,683903,30327230,30327246,16,2025-02-25 13:20:55.131225,2025-02-25 13:21:14.529725,19.3985
channel-94814,3786,30327258,30327270,12,2025-02-25 13:21:28.709722,2025-02-25 13:21:43.270477,14.560755
channel-6994,1325330,30327263,30327272,9,2025-02-25 13:21:34.498647,2025-02-25 13:21:45.619031,11.120384
channel-750,683904,30327267,30327280,13,2025-02-25 13:21:38.875216,2025-02-25 13:21:55.523508,16.648292
channel-1429,140772,30327270,30327280,10,2025-02-25 13:21:43.270477,2025-02-25 13:21:55.523508,12.253031
channel-326,538229,30327270,30327282,12,2025-02-25 13:21:43.270477,2025-02-25 13:21:58.922820,15.652343
channel-0,4039519,30327279,30327291,12,2025-02-25 13:21:54.530880,2025-02-25 13:22:10.809128,16.278248
channel-0,4039520,30327291,30327300,9,2025-02-25 13:22:10.809128,2025-02-25 13:22:22.353649,11.544521
channel-320,119257,30327291,30327306,15,2025-02-25 13:22:10.809128,2025-02-25 13:22:30.902862,20.093734
channel-208,1490703,30327301,30327309,8,2025-02-25 13:22:23.484680,2025-02-25 13:22:37.684084,14.199404
channel-199,132793,30327308,30327318,10,2025-02-25 13:22:33.145533,2025-02-25 13:22:48.083735,14.938202
channel-326,538230,30327310,30327319,9,2025-02-25 13:22:38.843975,2025-02-25 13:22:49.403991,10.560016
channel-326,538231,30327310,30327319,9,2025-02-25 13:22:38.843975,2025-02-25 13:22:49.403991,10.560016
channel-326,538232,30327310,30327319,9,2025-02-25 13:22:38.843975,2025-02-25 13:22:49.403991,10.560016
channel-326,538233,30327310,30327319,9,2025-02-25 13:22:38.843975,2025-02-25 13:22:49.403991,10.560016
channel-326,538234,30327310,30327319,9,2025-02-25 13:22:38.843975,2025-02-25 13:22:49.403991,10.560016
channel-326,538235,30327310,30327319,9,2025-02-25 13:22:38.843975,2025-02-25 13:22:49.403991,10.560016
channel-326,538236,30327310,30327319,9,2025-02-25 13:22:38.843975,2025-02-25 13:22:49.403991,10.560016
channel-1,408554,30327313,30327323,10,2025-02-25 13:22:42.216035,2025-02-25 13:22:55.696682,13.480647
channel-326,538237,30327320,30327327,7,2025-02-25 13:22:50.605442,2025-02-25 13:23:00.304775,9.699333
channel-0,4039521,30327324,30327336,12,2025-02-25 13:22:56.797293,2025-02-25 13:23:11.262223,14.46493
channel-113,301352,30327326,30327358,32,2025-02-25 13:22:59.082609,2025-02-25 13:23:38.204808,39.122199
channel-0,4039522,30327330,30327341,11,2025-02-25 13:23:03.788112,2025-02-25 13:23:16.958585,13.170473
channel-0,4039523,30327341,30327351,10,2025-02-25 13:23:16.958585,2025-02-25 13:23:29.587634,12.629049
channel-0,4039524,30327341,30327351,10,2025-02-25 13:23:16.958585,2025-02-25 13:23:29.587634,12.629049
channel-6994,1325331,30327344,30327355,11,2025-02-25 13:23:20.246441,2025-02-25 13:23:34.475960,14.229519
channel-6994,1325332,30327351,30327360,9,2025-02-25 13:23:29.587634,2025-02-25 13:23:40.458477,10.870843
channel-208,1490704,30327356,30327370,14,2025-02-25 13:23:35.585026,2025-02-25 13:23:52.908401,17.323375
channel-326,538238,30327361,30327366,5,2025-02-25 13:23:41.597724,2025-02-25 13:23:47.304427,5.706703
channel-2494,31970,30327370,30327386,16,2025-02-25 13:23:52.908401,2025-02-25 13:24:14.303508,21.395107
channel-0,4039525,30327371,30327379,8,2025-02-25 13:23:54.169636,2025-02-25 13:24:04.624464,10.454828
channel-6994,1325333,30327373,30327384,11,2025-02-25 13:23:57.599996,2025-02-25 13:24:11.543496,13.9435
channel-1,408555,30327373,30327386,13,2025-02-25 13:23:57.599996,2025-02-25 13:24:14.303508,16.703512
channel-0,4039526,30327373,30327384,11,2025-02-25 13:23:57.599996,2025-02-25 13:24:11.543496,13.9435
channel-326,538239,30327375,30327383,8,2025-02-25 13:23:59.996930,2025-02-25 13:24:10.267093,10.270163
channel-0,4039527,30327376,30327388,12,2025-02-25 13:24:01.129915,2025-02-25 13:24:17.567737,16.437822
channel-113,301353,30327379,30327424,45,2025-02-25 13:24:04.624464,2025-02-25 13:25:03.662899,59.038435
channel-783,104342,30327380,30327392,12,2025-02-25 13:24:06.776789,2025-02-25 13:24:22.235339,15.45855
channel-522,40443,30327385,30327398,13,2025-02-25 13:24:12.639280,2025-02-25 13:24:32.307008,19.667728
channel-6787,166759,30327392,30327396,4,2025-02-25 13:24:22.235339,2025-02-25 13:24:30.012040,7.776701
channel-6787,166760,30327401,30327406,5,2025-02-25 13:24:35.694633,2025-02-25 13:24:41.403885,5.709252
channel-6994,1325334,30327405,30327415,10,2025-02-25 13:24:40.350331,2025-02-25 13:24:51.908772,11.558441
channel-326,538240,30327406,30327411,5,2025-02-25 13:24:41.403885,2025-02-25 13:24:47.162882,5.758997
channel-199,132794,30327412,30327424,12,2025-02-25 13:24:48.317706,2025-02-25 13:25:03.662899,15.345193
channel-5,184335,30327422,30327435,13,2025-02-25 13:25:01.325415,2025-02-25 13:25:17.456130,16.130715
channel-0,4039528,30327425,30327437,12,2025-02-25 13:25:05.792273,2025-02-25 13:25:19.837013,14.04474
channel-1,408556,30327430,30327444,14,2025-02-25 13:25:11.651381,2025-02-25 13:25:27.958832,16.307451
channel-750,683905,30327430,30327435,5,2025-02-25 13:25:11.651381,2025-02-25 13:25:17.456130,5.804749
channel-0,4039529,30327431,30327443,12,2025-02-25 13:25:12.862629,2025-02-25 13:25:26.700855,13.838226
channel-6994,1325335,30327432,30327444,12,2025-02-25 13:25:13.983207,2025-02-25 13:25:27.958832,13.975625
channel-6994,1325336,30327436,30327449,13,2025-02-25 13:25:18.584534,2025-02-25 13:25:33.569886,14.985352
channel-750,683906,30327436,30327471,35,2025-02-25 13:25:18.584534,2025-02-25 13:26:02.002387,43.417853
channel-122,668216,30327439,30327444,5,2025-02-25 13:25:22.076513,2025-02-25 13:25:27.958832,5.882319
channel-783,104343,30327446,30327457,11,2025-02-25 13:25:30.241797,2025-02-25 13:25:43.482236,13.240439
channel-6994,1325337,30327451,30327463,12,2025-02-25 13:25:36.449577,2025-02-25 13:25:50.769981,14.320404
channel-208,1490705,30327454,30327465,11,2025-02-25 13:25:40.130170,2025-02-25 13:25:53.047508,12.917338
channel-326,538241,30327456,30327461,5,2025-02-25 13:25:42.416757,2025-02-25 13:25:48.309844,5.893087
channel-188,190597,30327462,30327478,16,2025-02-25 13:25:49.623774,2025-02-25 13:26:13.620773,23.996999
channel-0,4039530,30327465,30327473,8,2025-02-25 13:25:53.047508,2025-02-25 13:26:04.283871,11.236363
channel-6994,1325338,30327483,30327494,11,2025-02-25 13:26:19.354061,2025-02-25 13:26:35.302934,15.948873
channel-208,1490706,30327484,30327493,9,2025-02-25 13:26:21.489600,2025-02-25 13:26:34.189506,12.699906
channel-6994,1325339,30327491,30327503,12,2025-02-25 13:26:30.858317,2025-02-25 13:26:46.867632,16.009315
channel-75,845183,30327494,30327503,9,2025-02-25 13:26:35.302934,2025-02-25 13:26:46.867632,11.564698
channel-326,538242,30327501,30327510,9,2025-02-25 13:26:44.462023,2025-02-25 13:26:54.784912,10.322889
channel-88,467172,30327505,30327523,18,2025-02-25 13:26:49.060394,2025-02-25 13:27:15.936011,26.875617
channel-750,683907,30327505,30327509,4,2025-02-25 13:26:49.060394,2025-02-25 13:26:53.728416,4.668022
channel-42,1490055,30327511,30327520,9,2025-02-25 13:26:55.893667,2025-02-25 13:27:11.358300,15.464633
channel-1,408557,30327512,30327528,16,2025-02-25 13:26:57.103156,2025-02-25 13:27:21.706658,24.603502
channel-1,408558,30327512,30327528,16,2025-02-25 13:26:57.103156,2025-02-25 13:27:21.706658,24.603502
channel-0,4039531,30327516,30327538,22,2025-02-25 13:27:06.222697,2025-02-25 13:27:33.180686,26.957989
channel-76971,12249,30327520,30327544,24,2025-02-25 13:27:11.358300,2025-02-25 13:27:41.282563,29.924263
channel-0,4039532,30327521,30327547,26,2025-02-25 13:27:13.576644,2025-02-25 13:27:44.853602,31.276958
channel-75,845184,30327523,30327531,8,2025-02-25 13:27:15.936011,2025-02-25 13:27:25.072291,9.13628
channel-0,4039533,30327537,30327547,10,2025-02-25 13:27:32.086270,2025-02-25 13:27:44.853602,12.767332
channel-75,845185,30327538,30327544,6,2025-02-25 13:27:33.180686,2025-02-25 13:27:41.282563,8.101877
channel-0,4039534,30327538,30327551,13,2025-02-25 13:27:33.180686,2025-02-25 13:27:50.408170,17.227484
channel-1,408559,30327547,30327557,10,2025-02-25 13:27:44.853602,2025-02-25 13:27:58.223823,13.370221
channel-326,538243,30327548,30327556,8,2025-02-25 13:27:46.090700,2025-02-25 13:27:57.059854,10.969154
channel-85077,60731,30327548,30327557,9,2025-02-25 13:27:46.090700,2025-02-25 13:27:58.223823,12.133123
channel-0,4039535,30327564,30327573,9,2025-02-25 13:28:10.416780,2025-02-25 13:28:21.167003,10.750223
channel-0,4039536,30327564,30327573,9,2025-02-25 13:28:10.416780,2025-02-25 13:28:21.167003,10.750223
channel-75,845186,30327570,30327577,7,2025-02-25 13:28:17.637942,2025-02-25 13:28:25.964054,8.326112
channel-6994,1325340,30327573,30327582,9,2025-02-25 13:28:21.167003,2025-02-25 13:28:31.674735,10.507732
channel-0,4039537,30327573,30327583,10,2025-02-25 13:28:21.167003,2025-02-25 13:28:32.728418,11.561415
channel-750,683908,30327576,30327586,10,2025-02-25 13:28:24.691370,2025-02-25 13:28:36.718735,12.027365
channel-75,845187,30327583,30327593,10,2025-02-25 13:28:32.728418,2025-02-25 13:28:46.317187,13.588769
channel-874,293349,30327588,30327594,6,2025-02-25 13:28:39.501284,2025-02-25 13:28:47.478627,7.977343
channel-143,128429,30327589,30327598,9,2025-02-25 13:28:40.538759,2025-02-25 13:28:52.066941,11.528182
channel-326,538244,30327590,30327597,7,2025-02-25 13:28:41.804122,2025-02-25 13:28:50.886674,9.082552
channel-75,845188,30327595,30327602,7,2025-02-25 13:28:48.567489,2025-02-25 13:28:56.542448,7.974959
channel-0,4039538,30327603,30327616,13,2025-02-25 13:28:57.768646,2025-02-25 13:29:14.688968,16.920322
channel-0,4039539,30327619,30327628,9,2025-02-25 13:29:19.548688,2025-02-25 13:29:30.036624,10.487936
channel-782,310249,30327621,30327631,10,2025-02-25 13:29:22.042232,2025-02-25 13:29:33.346350,11.304118
channel-199,132795,30327621,30327631,10,2025-02-25 13:29:22.042232,2025-02-25 13:29:33.346350,11.304118
channel-326,538245,30327637,30327645,8,2025-02-25 13:29:41.038360,2025-02-25 13:29:52.571267,11.532907
channel-750,683909,30327645,30327653,8,2025-02-25 13:29:52.571267,2025-02-25 13:30:02.518930,9.947663
channel-6994,1325341,30327658,30327690,32,2025-02-25 13:30:09.975487,2025-02-25 13:30:49.778873,39.803386
channel-75,845189,30327659,30327667,8,2025-02-25 13:30:11.221083,2025-02-25 13:30:21.322356,10.101273
channel-19774,346107,30327662,30327673,11,2025-02-25 13:30:15.730968,2025-02-25 13:30:28.588436,12.857468
channel-0,4039540,30327666,30327676,10,2025-02-25 13:30:20.128177,2025-02-25 13:30:32.033476,11.905299
channel-108,39863,30327667,30327707,40,2025-02-25 13:30:21.322356,2025-02-25 13:31:10.322473,49.000117
channel-75,845190,30327677,30327684,7,2025-02-25 13:30:33.154326,2025-02-25 13:30:42.833077,9.678751
channel-199,132796,30327680,30327693,13,2025-02-25 13:30:37.501879,2025-02-25 13:30:53.179827,15.677948
channel-0,4039541,30327682,30327694,12,2025-02-25 13:30:40.063875,2025-02-25 13:30:54.359040,14.295165
channel-326,538246,30327683,30327690,7,2025-02-25 13:30:41.189695,2025-02-25 13:30:49.778873,8.589178
channel-6994,1325342,30327702,30327711,9,2025-02-25 13:31:04.599529,2025-02-25 13:31:17.451486,12.851957
channel-208,1490707,30327708,30327717,9,2025-02-25 13:31:12.916465,2025-02-25 13:31:25.243249,12.326784
channel-75,845191,30327717,30327722,5,2025-02-25 13:31:25.243249,2025-02-25 13:31:34.166333,8.923084
channel-6994,1325343,30327721,30327732,11,2025-02-25 13:31:29.801045,2025-02-25 13:31:45.998090,16.197045
channel-750,683910,30327735,30327739,4,2025-02-25 13:31:49.540256,2025-02-25 13:31:56.625163,7.084907
channel-326,538247,30327735,30327740,5,2025-02-25 13:31:49.540256,2025-02-25 13:31:57.653422,8.113166
channel-21113,25355,30327738,30327745,7,2025-02-25 13:31:55.459167,2025-02-25 13:32:03.817485,8.358318
channel-88,467173,30327744,30327776,32,2025-02-25 13:32:02.714378,2025-02-25 13:32:43.300046,40.585668
channel-6994,1325344,30327746,30327756,10,2025-02-25 13:32:04.929308,2025-02-25 13:32:18.928413,13.999105
channel-0,4039542,30327750,30327760,10,2025-02-25 13:32:11.078312,2025-02-25 13:32:24.811973,13.733661
channel-144,86698,30327751,30327759,8,2025-02-25 13:32:12.188383,2025-02-25 13:32:23.678689,11.490306
channel-750,683911,30327752,30327756,4,2025-02-25 13:32:13.353361,2025-02-25 13:32:18.928413,5.575052
channel-0,4039543,30327756,30327766,10,2025-02-25 13:32:18.928413,2025-02-25 13:32:31.835632,12.907219
channel-750,683912,30327756,30327771,15,2025-02-25 13:32:18.928413,2025-02-25 13:32:37.697077,18.768664
channel-6994,1325345,30327765,30327775,10,2025-02-25 13:32:30.589014,2025-02-25 13:32:42.217931,11.628917
channel-75,845192,30327767,30327775,8,2025-02-25 13:32:32.928563,2025-02-25 13:32:42.217931,9.289368
channel-122,668217,30327769,30327778,9,2025-02-25 13:32:35.341276,2025-02-25 13:32:45.557489,10.216213
channel-320,119258,30327770,30327781,11,2025-02-25 13:32:36.480790,2025-02-25 13:32:50.138904,13.658114
channel-750,683913,30327770,30327776,6,2025-02-25 13:32:36.480790,2025-02-25 13:32:43.300046,6.819256
channel-326,538248,30327775,30327780,5,2025-02-25 13:32:42.217931,2025-02-25 13:32:48.371349,6.153418
channel-6994,1325346,30327776,30327798,22,2025-02-25 13:32:43.300046,2025-02-25 13:33:09.690939,26.390893
channel-0,4039544,30327779,30327791,12,2025-02-25 13:32:46.714291,2025-02-25 13:33:01.475192,14.760901
channel-232,49216,30327787,30327798,11,2025-02-25 13:32:56.896241,2025-02-25 13:33:09.690939,12.794698
channel-0,4039545,30327798,30327810,12,2025-02-25 13:33:09.690939,2025-02-25 13:33:25.513126,15.822187
channel-216,94276,30327809,30327870,61,2025-02-25 13:33:24.329656,2025-02-25 13:34:43.144011,78.814355
channel-122,668218,30327810,30327819,9,2025-02-25 13:33:25.513126,2025-02-25 13:33:37.770936,12.25781
channel-492,20126,30327813,30327822,9,2025-02-25 13:33:29.027648,2025-02-25 13:33:42.214729,13.187081
channel-216,94277,30327816,30327922,106,2025-02-25 13:33:32.730992,2025-02-25 13:35:48.812523,136.081531
channel-75,845193,30327819,30327825,6,2025-02-25 13:33:37.770936,2025-02-25 13:33:46.637804,8.866868
channel-326,538249,30327821,30327826,5,2025-02-25 13:33:41.088230,2025-02-25 13:33:47.913111,6.824881
channel-216,94278,30327821,30327922,101,2025-02-25 13:33:41.088230,2025-02-25 13:35:48.812523,127.724293
channel-76971,12250,30327831,30327846,15,2025-02-25 13:33:55.178057,2025-02-25 13:34:12.944561,17.766504
channel-208,1490708,30327832,30327846,14,2025-02-25 13:33:56.288710,2025-02-25 13:34:12.944561,16.655851
channel-750,683914,30327834,30327840,6,2025-02-25 13:33:58.786622,2025-02-25 13:34:06.143494,7.356872
channel-75,845194,30327838,30327847,9,2025-02-25 13:34:03.416644,2025-02-25 13:34:14.056102,10.639458
channel-6994,1325347,30327841,30327850,9,2025-02-25 13:34:07.281823,2025-02-25 13:34:18.015802,10.733979
channel-75,845195,30327841,30327847,6,2025-02-25 13:34:07.281823,2025-02-25 13:34:14.056102,6.774279
channel-750,683915,30327843,30327848,5,2025-02-25 13:34:09.632388,2025-02-25 13:34:15.239759,5.607371
channel-6787,166761,30327868,30327872,4,2025-02-25 13:34:40.588358,2025-02-25 13:34:45.636362,5.048004
channel-0,4039546,30327868,30327882,14,2025-02-25 13:34:40.588358,2025-02-25 13:34:57.859615,17.271257
channel-326,538250,30327869,30327874,5,2025-02-25 13:34:41.998171,2025-02-25 13:34:47.968382,5.970211
channel-0,4039547,30327869,30327882,13,2025-02-25 13:34:41.998171,2025-02-25 13:34:57.859615,15.861444
channel-75,845196,30327877,30327887,10,2025-02-25 13:34:51.504649,2025-02-25 13:35:03.728716,12.224067
channel-750,683916,30327881,30327895,14,2025-02-25 13:34:56.735366,2025-02-25 13:35:13.699949,16.964583
channel-6994,1325348,30327883,30327925,42,2025-02-25 13:34:59.091442,2025-02-25 13:35:52.620968,53.529526
channel-6994,1325349,30327890,30327903,13,2025-02-25 13:35:06.980147,2025-02-25 13:35:24.206273,17.226126
channel-38,11685,30327890,30327902,12,2025-02-25 13:35:06.980147,2025-02-25 13:35:23.141338,16.161191
channel-6994,1325350,30327898,30327908,10,2025-02-25 13:35:17.381052,2025-02-25 13:35:29.639936,12.258884
channel-6994,1325351,30327901,30327913,12,2025-02-25 13:35:21.921925,2025-02-25 13:35:35.228321,13.306396
channel-122,668219,30327917,30327920,3,2025-02-25 13:35:42.069394,2025-02-25 13:35:45.543165,3.473771
channel-326,538251,30327920,30327928,8,2025-02-25 13:35:45.543165,2025-02-25 13:35:56.108466,10.565301
channel-0,4039548,30327920,30327930,10,2025-02-25 13:35:45.543165,2025-02-25 13:35:59.354306,13.811141
channel-85077,60732,30327937,30327944,7,2025-02-25 13:36:08.226300,2025-02-25 13:36:19.555594,11.329294
channel-0,4039549,30327943,30327955,12,2025-02-25 13:36:18.401241,2025-02-25 13:36:34.777382,16.376141
channel-75,845197,30327949,30327955,6,2025-02-25 13:36:26.072559,2025-02-25 13:36:34.777382,8.704823
channel-6787,166762,30327957,30327962,5,2025-02-25 13:36:37.508053,2025-02-25 13:36:43.000880,5.492827
channel-326,538252,30327961,30327972,11,2025-02-25 13:36:41.859670,2025-02-25 13:36:55.564736,13.705066
channel-750,683917,30327966,30327978,12,2025-02-25 13:36:47.372585,2025-02-25 13:37:03.446615,16.07403
channel-6787,166763,30327966,30327971,5,2025-02-25 13:36:47.372585,2025-02-25 13:36:54.469780,7.097195
channel-750,683918,30327968,30327973,5,2025-02-25 13:36:50.823986,2025-02-25 13:36:56.794260,5.970274
channel-19774,346108,30327970,30327984,14,2025-02-25 13:36:53.298576,2025-02-25 13:37:11.182973,17.884397
channel-750,683919,30327971,30327976,5,2025-02-25 13:36:54.469780,2025-02-25 13:37:00.146748,5.676968
channel-222,3835,30327980,30327991,11,2025-02-25 13:37:06.224124,2025-02-25 13:37:19.354505,13.130381
channel-208,1490709,30327982,30327994,12,2025-02-25 13:37:08.732169,2025-02-25 13:37:23.933495,15.201326
channel-6994,1325352,30327983,30327995,12,2025-02-25 13:37:09.935113,2025-02-25 13:37:25.516322,15.581209
channel-6994,1325353,30327983,30327995,12,2025-02-25 13:37:09.935113,2025-02-25 13:37:25.516322,15.581209
channel-0,4039550,30327986,30328017,31,2025-02-25 13:37:13.504041,2025-02-25 13:37:54.320994,40.816953
channel-122,668220,30327987,30327991,4,2025-02-25 13:37:14.588753,2025-02-25 13:37:19.354505,4.765752
channel-1,408560,30327991,30327999,8,2025-02-25 13:37:19.354505,2025-02-25 13:37:31.447919,12.093414
channel-750,683920,30327994,30327999,5,2025-02-25 13:37:23.933495,2025-02-25 13:37:31.447919,7.514424
channel-750,683921,30327996,30327999,3,2025-02-25 13:37:26.662866,2025-02-25 13:37:31.447919,4.785053
channel-2188,43831,30327996,30328003,7,2025-02-25 13:37:26.662866,2025-02-25 13:37:37.777459,11.114593
channel-2,130667,30327998,30328012,14,2025-02-25 13:37:29.011375,2025-02-25 13:37:48.018604,19.007229
channel-6787,166764,30327999,30328004,5,2025-02-25 13:37:31.447919,2025-02-25 13:37:38.961884,7.513965
channel-326,538253,30328008,30328014,6,2025-02-25 13:37:43.458509,2025-02-25 13:37:50.916730,7.458221
channel-6787,166765,30328009,30328013,4,2025-02-25 13:37:44.648634,2025-02-25 13:37:49.270426,4.621792
channel-0,4039551,30328011,30328033,22,2025-02-25 13:37:46.831199,2025-02-25 13:38:13.476635,26.645436
channel-75,845198,30328015,30328023,8,2025-02-25 13:37:52.029029,2025-02-25 13:38:01.235087,9.206058
channel-750,683922,30328015,30328021,6,2025-02-25 13:37:52.029029,2025-02-25 13:37:58.751248,6.722219
channel-750,683923,30328015,30328033,18,2025-02-25 13:37:52.029029,2025-02-25 13:38:13.476635,21.447606
channel-91017,2900,30328020,30328036,16,2025-02-25 13:37:57.656132,2025-02-25 13:38:18.107862,20.45173
channel-122,668221,30328022,30328026,4,2025-02-25 13:38:00.031166,2025-02-25 13:38:05.675780,5.644614
channel-6787,166766,30328027,30328033,6,2025-02-25 13:38:06.786888,2025-02-25 13:38:13.476635,6.689747
channel-0,4039552,30328028,30328035,7,2025-02-25 13:38:07.958812,2025-02-25 13:38:16.889217,8.930405
channel-6787,166767,30328031,30328035,4,2025-02-25 13:38:11.352521,2025-02-25 13:38:16.889217,5.536696
channel-2188,43832,30328039,30328044,5,2025-02-25 13:38:22.462042,2025-02-25 13:38:28.433649,5.971607
channel-89321,19505,30328039,30328056,17,2025-02-25 13:38:22.462042,2025-02-25 13:38:44.327635,21.865593
channel-88,467174,30328047,30328066,19,2025-02-25 13:38:32.324168,2025-02-25 13:38:56.242781,23.918613
channel-6994,1325354,30328047,30328056,9,2025-02-25 13:38:32.324168,2025-02-25 13:38:44.327635,12.003467
channel-750,683924,30328050,30328075,25,2025-02-25 13:38:36.781707,2025-02-25 13:39:07.848946,31.067239
channel-72,516453,30328052,30328089,37,2025-02-25 13:38:39.040310,2025-02-25 13:39:26.743183,47.702873
channel-326,538254,30328054,30328059,5,2025-02-25 13:38:41.160659,2025-02-25 13:38:48.014214,6.853555
channel-6787,166768,30328058,30328063,5,2025-02-25 13:38:46.834785,2025-02-25 13:38:52.716605,5.88182
channel-75,845199,30328061,30328068,7,2025-02-25 13:38:50.313052,2025-02-25 13:38:58.575495,8.262443
channel-750,683925,30328063,30328068,5,2025-02-25 13:38:52.716605,2025-02-25 13:38:58.575495,5.85889
channel-750,683926,30328064,30328085,21,2025-02-25 13:38:53.959199,2025-02-25 13:39:20.660776,26.701577
channel-750,683927,30328068,30328081,13,2025-02-25 13:38:58.575495,2025-02-25 13:39:15.718020,17.142525
channel-0,4039553,30328076,30328087,11,2025-02-25 13:39:09.205444,2025-02-25 13:39:24.475079,15.269635
channel-259,314420,30328077,30328082,5,2025-02-25 13:39:10.399065,2025-02-25 13:39:17.239974,6.840909
channel-79241,951,30328080,30328089,9,2025-02-25 13:39:14.496377,2025-02-25 13:39:26.743183,12.246806
channel-144,86699,30328082,30328090,8,2025-02-25 13:39:17.239974,2025-02-25 13:39:27.904807,10.664833
channel-6994,1325355,30328083,30328093,10,2025-02-25 13:39:18.344915,2025-02-25 13:39:31.344066,12.999151
channel-75,845200,30328090,30328098,8,2025-02-25 13:39:27.904807,2025-02-25 13:39:38.920429,11.015622
channel-199,132797,30328094,30328105,11,2025-02-25 13:39:33.724901,2025-02-25 13:39:47.209405,13.484504
channel-75,845201,30328098,30328106,8,2025-02-25 13:39:38.920429,2025-02-25 13:39:49.210324,10.289895
channel-0,4039554,30328098,30328107,9,2025-02-25 13:39:38.920429,2025-02-25 13:39:50.281593,11.361164
channel-326,538255,30328100,30328106,6,2025-02-25 13:39:41.452586,2025-02-25 13:39:49.210324,7.757738
channel-85077,60733,30328102,30328128,26,2025-02-25 13:39:43.799338,2025-02-25 13:40:17.850217,34.050879
channel-251,85260,30328102,30328112,10,2025-02-25 13:39:43.799338,2025-02-25 13:39:57.533688,13.73435
channel-750,683928,30328104,30328114,10,2025-02-25 13:39:45.925206,2025-02-25 13:39:59.890142,13.964936
channel-0,4039555,30328107,30328126,19,2025-02-25 13:39:50.281593,2025-02-25 13:40:14.491485,24.209892
channel-75,845202,30328107,30328113,6,2025-02-25 13:39:50.281593,2025-02-25 13:39:58.721210,8.439617
channel-208,1490710,30328108,30328118,10,2025-02-25 13:39:52.570335,2025-02-25 13:40:05.374371,12.804036
channel-1,408561,30328113,30328130,17,2025-02-25 13:39:58.721210,2025-02-25 13:40:20.059856,21.338646
channel-6994,1325356,30328117,30328158,41,2025-02-25 13:40:04.189100,2025-02-25 13:40:58.678674,54.489574
channel-782,310250,30328117,30328126,9,2025-02-25 13:40:04.189100,2025-02-25 13:40:14.491485,10.302385
channel-6994,1325357,30328119,30328143,24,2025-02-25 13:40:06.506915,2025-02-25 13:40:39.540259,33.033344
channel-2,130668,30328120,30328132,12,2025-02-25 13:40:07.710572,2025-02-25 13:40:25.917759,18.207187
channel-75,845203,30328123,30328128,5,2025-02-25 13:40:11.211403,2025-02-25 13:40:17.850217,6.638814
channel-0,4039556,30328124,30328145,21,2025-02-25 13:40:12.257643,2025-02-25 13:40:43.492209,31.234566
channel-2,130669,30328129,30328141,12,2025-02-25 13:40:18.985980,2025-02-25 13:40:36.262798,17.276818
channel-750,683929,30328132,30328141,9,2025-02-25 13:40:25.917759,2025-02-25 13:40:36.262798,10.345039
channel-122,668222,30328133,30328137,4,2025-02-25 13:40:27.054338,2025-02-25 13:40:31.477667,4.423329
channel-6787,166769,30328136,30328140,4,2025-02-25 13:40:30.455950,2025-02-25 13:40:35.063935,4.607985
channel-75,845204,30328142,30328150,8,2025-02-25 13:40:38.421723,2025-02-25 13:40:49.403977,10.982254
channel-326,538256,30328149,30328155,6,2025-02-25 13:40:48.237370,2025-02-25 13:40:54.979106,6.741736
channel-750,683930,30328150,30328157,7,2025-02-25 13:40:49.403977,2025-02-25 13:40:57.603794,8.199817
channel-0,4039557,30328165,30328176,11,2025-02-25 13:41:06.686287,2025-02-25 13:41:21.086101,14.399814
channel-6787,166770,30328173,30328177,4,2025-02-25 13:41:16.175492,2025-02-25 13:41:22.206986,6.031494
channel-122,668223,30328191,30328194,3,2025-02-25 13:41:39.833320,2025-02-25 13:41:43.261826,3.428506
channel-326,538257,30328194,30328202,8,2025-02-25 13:41:43.261826,2025-02-25 13:41:53.441733,10.179907
channel-0,4039558,30328195,30328205,10,2025-02-25 13:41:45.613186,2025-02-25 13:41:56.727054,11.113868
channel-75,845205,30328195,30328202,7,2025-02-25 13:41:45.613186,2025-02-25 13:41:53.441733,7.828547
channel-2716,2671,30328198,30328223,25,2025-02-25 13:41:48.900667,2025-02-25 13:42:19.806894,30.906227
channel-6994,1325358,30328224,30328237,13,2025-02-25 13:42:20.905641,2025-02-25 13:42:35.930855,15.025214
channel-6994,1325359,30328225,30328237,12,2025-02-25 13:42:22.055994,2025-02-25 13:42:35.930855,13.874861
channel-6994,1325360,30328234,30328244,10,2025-02-25 13:42:32.580832,2025-02-25 13:42:47.684041,15.103209
channel-0,4039559,30328236,30328240,4,2025-02-25 13:42:34.826484,2025-02-25 13:42:41.513356,6.686872
channel-326,538258,30328240,30328248,8,2025-02-25 13:42:41.513356,2025-02-25 13:42:53.255337,11.741981
channel-216,94279,30328240,30328293,53,2025-02-25 13:42:41.513356,2025-02-25 13:43:51.055344,69.541988
channel-6994,1325361,30328243,30328253,10,2025-02-25 13:42:46.000467,2025-02-25 13:42:59.864492,13.864025
channel-2,130670,30328247,30328259,12,2025-02-25 13:42:51.125270,2025-02-25 13:43:06.629818,15.504548
channel-0,4039560,30328253,30328264,11,2025-02-25 13:42:59.864492,2025-02-25 13:43:14.000118,14.135626
channel-0,4039561,30328258,30328284,26,2025-02-25 13:43:05.554332,2025-02-25 13:43:38.649247,33.094915
channel-412,64625,30328260,30328270,10,2025-02-25 13:43:09.354204,2025-02-25 13:43:20.762860,11.408656
channel-750,683931,30328273,30328278,5,2025-02-25 13:43:24.184967,2025-02-25 13:43:31.606176,7.421209
channel-229,55040,30328273,30328282,9,2025-02-25 13:43:24.184967,2025-02-25 13:43:36.304575,12.119608
channel-75,845206,30328275,30328282,7,2025-02-25 13:43:27.674017,2025-02-25 13:43:36.304575,8.630558
channel-750,683932,30328284,30328290,6,2025-02-25 13:43:38.649247,2025-02-25 13:43:47.681620,9.032373
channel-326,538259,30328286,30328291,5,2025-02-25 13:43:40.997359,2025-02-25 13:43:48.815921,7.818562
channel-750,683933,30328299,30328310,11,2025-02-25 13:43:57.864582,2025-02-25 13:44:12.181043,14.316461
channel-6994,1325362,30328315,30328324,9,2025-02-25 13:44:17.848099,2025-02-25 13:44:28.758000,10.909901
channel-199,132798,30328315,30328327,12,2025-02-25 13:44:17.848099,2025-02-25 13:44:32.210895,14.362796
channel-2188,43833,30328317,30328322,5,2025-02-25 13:44:20.190380,2025-02-25 13:44:25.951255,5.760875
channel-750,683934,30328324,30328332,8,2025-02-25 13:44:28.758000,2025-02-25 13:44:38.261429,9.503429
channel-38946,124277,30328329,30328347,18,2025-02-25 13:44:34.730163,2025-02-25 13:44:57.392867,22.662704
channel-122,668224,30328335,30328339,4,2025-02-25 13:44:42.258690,2025-02-25 13:44:47.709139,5.450449
channel-320,119259,30328335,30328359,24,2025-02-25 13:44:42.258690,2025-02-25 13:45:17.667776,35.409086
channel-326,538260,30328335,30328342,7,2025-02-25 13:44:42.258690,2025-02-25 13:44:51.075632,8.816942
channel-326,538261,30328336,30328342,6,2025-02-25 13:44:44.573704,2025-02-25 13:44:51.075632,6.501928
channel-0,4039562,30328342,30328371,29,2025-02-25 13:44:51.075632,2025-02-25 13:45:33.445945,42.370313
channel-208,1490711,30328342,30328350,8,2025-02-25 13:44:51.075632,2025-02-25 13:45:02.341647,11.266015
channel-6994,1325363,30328346,30328355,9,2025-02-25 13:44:56.286461,2025-02-25 13:45:09.537566,13.251105
channel-0,4039563,30328348,30328358,10,2025-02-25 13:45:00.044314,2025-02-25 13:45:16.305634,16.26132
channel-0,4039564,30328351,30328358,7,2025-02-25 13:45:04.521583,2025-02-25 13:45:16.305634,11.784051
channel-750,683935,30328354,30328359,5,2025-02-25 13:45:08.026387,2025-02-25 13:45:17.667776,9.641389
channel-750,683936,30328355,30328359,4,2025-02-25 13:45:09.537566,2025-02-25 13:45:17.667776,8.13021
channel-0,4039565,30328355,30328362,7,2025-02-25 13:45:09.537566,2025-02-25 13:45:21.987607,12.450041
channel-6994,1325364,30328365,30328376,11,2025-02-25 13:45:25.419601,2025-02-25 13:45:39.869168,14.449567
channel-91017,2901,30328374,30328386,12,2025-02-25 13:45:36.963695,2025-02-25 13:45:52.776338,15.812643
channel-42,1490056,30328375,30328385,10,2025-02-25 13:45:38.188073,2025-02-25 13:45:50.261561,12.073488
channel-38946,124278,30328377,30328388,11,2025-02-25 13:45:40.955263,2025-02-25 13:45:55.066249,14.110986
channel-326,538262,30328383,30328388,5,2025-02-25 13:45:47.712895,2025-02-25 13:45:55.066249,7.353354
channel-5,184336,30328385,30328397,12,2025-02-25 13:45:50.261561,2025-02-25 13:46:05.601384,15.339823
channel-6994,1325365,30328391,30328400,9,2025-02-25 13:45:58.773992,2025-02-25 13:46:09.141637,10.367645
channel-0,4039566,30328399,30328411,12,2025-02-25 13:46:08.075875,2025-02-25 13:46:22.135407,14.059532
channel-75,845207,30328409,30328415,6,2025-02-25 13:46:19.362275,2025-02-25 13:46:28.133678,8.771403
channel-6994,1325366,30328411,30328422,11,2025-02-25 13:46:22.135407,2025-02-25 13:46:37.123600,14.988193
channel-750,683937,30328418,30328422,4,2025-02-25 13:46:31.493223,2025-02-25 13:46:37.123600,5.630377
channel-326,538263,30328426,30328435,9,2025-02-25 13:46:42.878399,2025-02-25 13:46:57.151894,14.273495
channel-2,130671,30328426,30328440,14,2025-02-25 13:46:42.878399,2025-02-25 13:47:02.988035,20.109636
channel-113,301354,30328434,30328476,42,2025-02-25 13:46:55.881039,2025-02-25 13:47:48.409159,52.52812
channel-19774,346109,30328442,30328452,10,2025-02-25 13:47:05.840042,2025-02-25 13:47:18.174119,12.334077
channel-1,408562,30328452,30328481,29,2025-02-25 13:47:18.174119,2025-02-25 13:47:54.120125,35.946006
channel-874,293350,30328459,30328476,17,2025-02-25 13:47:26.728506,2025-02-25 13:47:48.409159,21.680653
channel-42,1490057,30328462,30328471,9,2025-02-25 13:47:30.064834,2025-02-25 13:47:42.040115,11.975281
channel-6994,1325367,30328462,30328475,13,2025-02-25 13:47:30.064834,2025-02-25 13:47:47.253153,17.188319
channel-326,538264,30328471,30328477,6,2025-02-25 13:47:42.040115,2025-02-25 13:47:49.626569,7.586454
channel-88,467175,30328476,30328501,25,2025-02-25 13:47:48.409159,2025-02-25 13:48:19.282163,30.873004
channel-19774,346110,30328484,30328493,9,2025-02-25 13:47:58.680444,2025-02-25 13:48:09.845861,11.165417
channel-874,293351,30328484,30328494,10,2025-02-25 13:47:58.680444,2025-02-25 13:48:10.958653,12.278209
channel-115,20428,30328518,30328528,10,2025-02-25 13:48:39.430640,2025-02-25 13:48:52.849527,13.418887
channel-326,538265,30328519,30328530,11,2025-02-25 13:48:42.087298,2025-02-25 13:48:55.108135,13.020837
channel-75,845208,30328520,30328527,7,2025-02-25 13:48:43.310548,2025-02-25 13:48:51.538695,8.228147
channel-750,683938,30328520,30328537,17,2025-02-25 13:48:43.310548,2025-02-25 13:49:04.488858,21.17831
channel-750,683939,30328521,30328526,5,2025-02-25 13:48:44.490756,2025-02-25 13:48:50.318085,5.827329
channel-0,4039567,30328530,30328541,11,2025-02-25 13:48:55.108135,2025-02-25 13:49:09.560654,14.452519
channel-1,408563,30328537,30328551,14,2025-02-25 13:49:04.488858,2025-02-25 13:49:22.057740,17.568882
channel-642,126532,30328543,30328646,103,2025-02-25 13:49:12.607237,2025-02-25 13:51:30.642577,138.03534
channel-6994,1325368,30328550,30328571,21,2025-02-25 13:49:21.036715,2025-02-25 13:49:51.765491,30.728776
channel-75,845209,30328560,30328564,4,2025-02-25 13:49:33.445549,2025-02-25 13:49:41.189982,7.744433
channel-412,64626,30328562,30328570,8,2025-02-25 13:49:35.832374,2025-02-25 13:49:49.159172,13.326798
channel-750,683940,30328562,30328574,12,2025-02-25 13:49:35.832374,2025-02-25 13:49:56.122629,20.290255
channel-75,845210,30328562,30328570,8,2025-02-25 13:49:35.832374,2025-02-25 13:49:49.159172,13.326798
channel-326,538266,30328564,30328574,10,2025-02-25 13:49:41.189982,2025-02-25 13:49:56.122629,14.932647
channel-208,1490712,30328570,30328579,9,2025-02-25 13:49:49.159172,2025-02-25 13:50:03.433111,14.273939
channel-75,845211,30328581,30328589,8,2025-02-25 13:50:06.930313,2025-02-25 13:50:17.545171,10.614858
channel-2494,31971,30328586,30328600,14,2025-02-25 13:50:12.802970,2025-02-25 13:50:30.538571,17.735601
channel-750,683941,30328607,30328611,4,2025-02-25 13:50:38.970860,2025-02-25 13:50:45.205051,6.234191
channel-113,301355,30328610,30328645,35,2025-02-25 13:50:43.935691,2025-02-25 13:51:29.427945,45.492254
channel-208,1490713,30328611,30328619,8,2025-02-25 13:50:45.205051,2025-02-25 13:50:56.938191,11.73314
channel-326,538267,30328612,30328617,5,2025-02-25 13:50:47.371862,2025-02-25 13:50:53.673494,6.301632
channel-208,1490714,30328612,30328623,11,2025-02-25 13:50:47.371862,2025-02-25 13:51:01.917607,14.545745
channel-208,1490715,30328613,30328623,10,2025-02-25 13:50:48.504832,2025-02-25 13:51:01.917607,13.412775
channel-19774,346111,30328616,30328628,12,2025-02-25 13:50:52.653702,2025-02-25 13:51:09.254151,16.600449
channel-122,668225,30328617,30328620,3,2025-02-25 13:50:53.673494,2025-02-25 13:50:58.314470,4.640976
channel-750,683942,30328637,30328654,17,2025-02-25 13:51:19.618250,2025-02-25 13:51:39.763067,20.144817
channel-750,683943,30328637,30328646,9,2025-02-25 13:51:19.618250,2025-02-25 13:51:30.642577,11.024327
channel-115,20429,30328653,30328665,12,2025-02-25 13:51:38.527683,2025-02-25 13:51:53.355821,14.828138
channel-326,538268,30328655,30328661,6,2025-02-25 13:51:40.976896,2025-02-25 13:51:48.773593,7.796697
channel-75,845212,30328662,30328670,8,2025-02-25 13:51:49.912970,2025-02-25 13:51:59.369718,9.456748
channel-1,408564,30328664,30328682,18,2025-02-25 13:51:52.220925,2025-02-25 13:52:15.615985,23.39506
channel-75,845213,30328667,30328673,6,2025-02-25 13:51:55.972435,2025-02-25 13:52:03.712156,7.739721
channel-75,845214,30328667,30328673,6,2025-02-25 13:51:55.972435,2025-02-25 13:52:03.712156,7.739721
channel-42,1490058,30328675,30328686,11,2025-02-25 13:52:06.627175,2025-02-25 13:52:21.116718,14.489543
channel-0,4039568,30328677,30328686,9,2025-02-25 13:52:08.776519,2025-02-25 13:52:21.116718,12.340199
channel-42,1490059,30328701,30328710,9,2025-02-25 13:52:40.933606,2025-02-25 13:52:52.945353,12.011747
channel-0,4039569,30328702,30328712,10,2025-02-25 13:52:42.713057,2025-02-25 13:52:55.207573,12.494516
channel-326,538269,30328702,30328707,5,2025-02-25 13:52:42.713057,2025-02-25 13:52:49.381760,6.668703
channel-0,4039570,30328710,30328719,9,2025-02-25 13:52:52.945353,2025-02-25 13:53:03.007132,10.061779
channel-0,4039571,30328711,30328731,20,2025-02-25 13:52:54.143269,2025-02-25 13:53:17.903992,23.760723
channel-0,4039572,30328726,30328735,9,2025-02-25 13:53:12.139231,2025-02-25 13:53:22.522308,10.383077
channel-199,132799,30328741,30328752,11,2025-02-25 13:53:30.977531,2025-02-25 13:53:45.169810,14.192279
channel-75,845215,30328748,30328756,8,2025-02-25 13:53:40.172216,2025-02-25 13:53:49.650898,9.478682
channel-6994,1325369,30328750,30328774,24,2025-02-25 13:53:42.802191,2025-02-25 13:54:15.177772,32.375581
channel-326,538270,30328752,30328759,7,2025-02-25 13:53:45.169810,2025-02-25 13:53:53.070412,7.900602
channel-42,1490060,30328754,30328766,12,2025-02-25 13:53:47.349698,2025-02-25 13:54:04.536118,17.18642
channel-750,683944,30328760,30328765,5,2025-02-25 13:53:54.244587,2025-02-25 13:54:03.285932,9.041345
channel-88,467176,30328764,30328779,15,2025-02-25 13:54:02.077154,2025-02-25 13:54:22.091373,20.014219
channel-6994,1325370,30328767,30328778,11,2025-02-25 13:54:05.712751,2025-02-25 13:54:20.989210,15.276459
channel-0,4039573,30328771,30328785,14,2025-02-25 13:54:09.960929,2025-02-25 13:54:30.705645,20.744716
channel-85077,60734,30328774,30328781,7,2025-02-25 13:54:15.177772,2025-02-25 13:54:25.980930,10.803158
channel-21113,25356,30328778,30328787,9,2025-02-25 13:54:20.989210,2025-02-25 13:54:33.052625,12.063415
channel-0,4039574,30328784,30328795,11,2025-02-25 13:54:29.590887,2025-02-25 13:54:43.213487,13.6226
channel-42,1490061,30328785,30328793,8,2025-02-25 13:54:30.705645,2025-02-25 13:54:39.829697,9.124052
channel-326,538271,30328794,30328800,6,2025-02-25 13:54:42.005727,2025-02-25 13:54:49.154940,7.149213
channel-782,310251,30328807,30328813,6,2025-02-25 13:54:58.839709,2025-02-25 13:55:05.883851,7.044142
channel-5,184337,30328810,30328819,9,2025-02-25 13:55:02.487186,2025-02-25 13:55:12.777656,10.29047
channel-6994,1325371,30328812,30328825,13,2025-02-25 13:55:04.763067,2025-02-25 13:55:20.624025,15.860958
channel-75,845216,30328813,30328823,10,2025-02-25 13:55:05.883851,2025-02-25 13:55:18.322369,12.438518
channel-0,4039575,30328816,30328824,8,2025-02-25 13:55:09.290059,2025-02-25 13:55:19.429946,10.139887
channel-6787,166771,30328821,30328827,6,2025-02-25 13:55:16.086976,2025-02-25 13:55:22.878788,6.791812
channel-42,1490062,30328821,30328833,12,2025-02-25 13:55:16.086976,2025-02-25 13:55:29.976220,13.889244
channel-75,845217,30328823,30328832,9,2025-02-25 13:55:18.322369,2025-02-25 13:55:28.848305,10.525936
channel-208,1490716,30328826,30328837,11,2025-02-25 13:55:21.791004,2025-02-25 13:55:34.426487,12.635483
channel-85077,60735,30328831,30328841,10,2025-02-25 13:55:27.530037,2025-02-25 13:55:39.677842,12.147805
channel-0,4039576,30328833,30328857,24,2025-02-25 13:55:29.976220,2025-02-25 13:55:59.311369,29.335149
channel-0,4039577,30328835,30328847,12,2025-02-25 13:55:32.189403,2025-02-25 13:55:47.590896,15.401493
channel-750,683945,30328839,30328845,6,2025-02-25 13:55:36.785996,2025-02-25 13:55:45.359980,8.573984
channel-6994,1325372,30328841,30328854,13,2025-02-25 13:55:39.677842,2025-02-25 13:55:55.818569,16.140727
channel-326,538272,30328842,30328848,6,2025-02-25 13:55:40.908066,2025-02-25 13:55:48.760602,7.852536
channel-85077,60736,30328843,30328858,15,2025-02-25 13:55:43.095359,2025-02-25 13:56:00.509501,17.414142
channel-208,1490717,30328856,30328865,9,2025-02-25 13:55:58.165183,2025-02-25 13:56:08.884078,10.718895
channel-85077,60737,30328861,30328868,7,2025-02-25 13:56:04.248357,2025-02-25 13:56:14.894310,10.645953
channel-42,1490063,30328870,30328883,13,2025-02-25 13:56:18.888589,2025-02-25 13:56:34.766367,15.877778
channel-122,668226,30328870,30328874,4,2025-02-25 13:56:18.888589,2025-02-25 13:56:23.408597,4.520008
channel-75,845218,30328875,30328882,7,2025-02-25 13:56:24.668443,2025-02-25 13:56:32.518132,7.849689
channel-750,683946,30328876,30328881,5,2025-02-25 13:56:25.933567,2025-02-25 13:56:31.388513,5.454946
channel-19774,346112,30328878,30328889,11,2025-02-25 13:56:28.037835,2025-02-25 13:56:42.762874,14.725039
channel-6994,1325373,30328881,30328891,10,2025-02-25 13:56:31.388513,2025-02-25 13:56:45.021204,13.632691
channel-75,845219,30328881,30328887,6,2025-02-25 13:56:31.388513,2025-02-25 13:56:40.402095,9.013582
channel-19774,346113,30328884,30328897,13,2025-02-25 13:56:35.920706,2025-02-25 13:56:53.364159,17.443453
channel-75,845220,30328889,30328895,6,2025-02-25 13:56:42.762874,2025-02-25 13:56:49.930796,7.167922
channel-750,683947,30328891,30328903,12,2025-02-25 13:56:45.021204,2025-02-25 13:57:01.328811,16.307607
channel-326,538273,30328891,30328896,5,2025-02-25 13:56:45.021204,2025-02-25 13:56:51.063952,6.042748
channel-5,184338,30328893,30328902,9,2025-02-25 13:56:47.459390,2025-02-25 13:56:59.181990,11.7226
channel-1,408565,30328894,30328902,8,2025-02-25 13:56:48.673413,2025-02-25 13:56:59.181990,10.508577
channel-0,4039578,30328895,30328908,13,2025-02-25 13:56:49.930796,2025-02-25 13:57:07.534879,17.604083
channel-199,132800,30328896,30328905,9,2025-02-25 13:56:51.063952,2025-02-25 13:57:04.145457,13.081505
channel-42,1490064,30328900,30328915,15,2025-02-25 13:56:56.763596,2025-02-25 13:57:15.589564,18.825968
channel-169,117528,30328905,30328912,7,2025-02-25 13:57:04.145457,2025-02-25 13:57:12.134573,7.989116
channel-0,4039579,30328906,30328918,12,2025-02-25 13:57:05.220000,2025-02-25 13:57:20.108484,14.888484
channel-0,4039580,30328910,30328938,28,2025-02-25 13:57:09.796745,2025-02-25 13:57:44.999658,35.202913
channel-750,683948,30328917,30328925,8,2025-02-25 13:57:18.931131,2025-02-25 13:57:28.295439,9.364308
channel-122,668227,30328918,30328922,4,2025-02-25 13:57:20.108484,2025-02-25 13:57:24.811828,4.703344
channel-208,1490718,30328919,30328931,12,2025-02-25 13:57:21.349207,2025-02-25 13:57:36.299566,14.950359
channel-75,845221,30328926,30328933,7,2025-02-25 13:57:29.395172,2025-02-25 13:57:38.635594,9.240422
channel-326,538274,30328936,30328943,7,2025-02-25 13:57:42.020493,2025-02-25 13:57:51.162406,9.141913
channel-42,1490065,30328938,30328957,19,2025-02-25 13:57:44.999658,2025-02-25 13:58:08.646924,23.647266
channel-199,132801,30328944,30328956,12,2025-02-25 13:57:52.281793,2025-02-25 13:58:07.594887,15.313094
channel-75,845222,30328947,30328955,8,2025-02-25 13:57:55.690563,2025-02-25 13:58:04.793722,9.103159
channel-0,4039581,30328948,30328968,20,2025-02-25 13:57:56.923152,2025-02-25 13:58:26.747735,29.824583
channel-259,314421,30328952,30328956,4,2025-02-25 13:58:01.378208,2025-02-25 13:58:07.594887,6.216679
channel-1429,140773,30328953,30328962,9,2025-02-25 13:58:02.635526,2025-02-25 13:58:15.410813,12.775287
channel-208,1490719,30328955,30328964,9,2025-02-25 13:58:04.793722,2025-02-25 13:58:17.588198,12.794476
channel-143,128430,30328955,30328968,13,2025-02-25 13:58:04.793722,2025-02-25 13:58:26.747735,21.954013
channel-208,1490720,30328955,30328964,9,2025-02-25 13:58:04.793722,2025-02-25 13:58:17.588198,12.794476
channel-0,4039582,30328956,30328978,22,2025-02-25 13:58:07.594887,2025-02-25 13:58:39.158616,31.563729
channel-0,4039583,30328957,30328973,16,2025-02-25 13:58:08.646924,2025-02-25 13:58:33.068208,24.421284
channel-85077,60738,30328957,30328966,9,2025-02-25 13:58:08.646924,2025-02-25 13:58:21.171963,12.525039
channel-0,4039584,30328960,30328978,18,2025-02-25 13:58:12.981212,2025-02-25 13:58:39.158616,26.177404
channel-94814,3787,30328962,30328970,8,2025-02-25 13:58:15.410813,2025-02-25 13:58:29.430472,14.019659
channel-75,845223,30328971,30328978,7,2025-02-25 13:58:30.658778,2025-02-25 13:58:39.158616,8.499838
channel-2494,31972,30328973,30328985,12,2025-02-25 13:58:33.068208,2025-02-25 13:58:48.520261,15.452053
channel-750,683949,30328974,30328987,13,2025-02-25 13:58:34.236399,2025-02-25 13:58:54.296643,20.060244
channel-1,408566,30328978,30328991,13,2025-02-25 13:58:39.158616,2025-02-25 13:59:00.063679,20.905063
channel-1,408567,30328979,30328996,17,2025-02-25 13:58:40.438412,2025-02-25 13:59:06.092946,25.654534
channel-326,538275,30328981,30328985,4,2025-02-25 13:58:42.697698,2025-02-25 13:58:48.520261,5.822563
channel-208,1490721,30328982,30328990,8,2025-02-25 13:58:43.944698,2025-02-25 13:58:58.945131,15.000433
channel-208,1490722,30328991,30329003,12,2025-02-25 13:59:00.063679,2025-02-25 13:59:15.999137,15.935458
channel-2,130672,30328994,30329007,13,2025-02-25 13:59:03.675897,2025-02-25 13:59:20.527936,16.852039
channel-42,1490066,30328998,30329005,7,2025-02-25 13:59:08.604749,2025-02-25 13:59:18.306193,9.701444
channel-0,4039585,30329005,30329017,12,2025-02-25 13:59:18.306193,2025-02-25 13:59:33.303025,14.996832
channel-0,4039586,30329008,30329031,23,2025-02-25 13:59:21.793668,2025-02-25 13:59:49.413850,27.620182
channel-6994,1325374,30329008,30329019,11,2025-02-25 13:59:21.793668,2025-02-25 13:59:35.593312,13.799644
channel-1,408568,30329008,30329025,17,2025-02-25 13:59:21.793668,2025-02-25 13:59:42.279984,20.486316
channel-75,845224,30329011,30329018,7,2025-02-25 13:59:25.403593,2025-02-25 13:59:34.481770,9.078177
channel-326,538276,30329025,30329034,9,2025-02-25 13:59:42.279984,2025-02-25 13:59:53.329900,11.049916
channel-1,408569,30329031,30329041,10,2025-02-25 13:59:49.413850,2025-02-25 14:00:04.502062,15.088212
channel-199,132802,30329031,30329038,7,2025-02-25 13:59:49.413850,2025-02-25 14:00:00.930586,11.516736
channel-85077,60739,30329037,30329047,10,2025-02-25 13:59:58.330554,2025-02-25 14:00:12.464326,14.133772
channel-326,538277,30329040,30329061,21,2025-02-25 14:00:03.393867,2025-02-25 14:00:29.732662,26.338795
channel-115,20430,30329040,30329051,11,2025-02-25 14:00:03.393867,2025-02-25 14:00:16.983437,13.58957
channel-0,4039587,30329041,30329067,26,2025-02-25 14:00:04.502062,2025-02-25 14:00:37.762340,33.260278
channel-750,683950,30329051,30329056,5,2025-02-25 14:00:16.983437,2025-02-25 14:00:22.712742,5.729305
channel-6994,1325375,30329052,30329063,11,2025-02-25 14:00:18.021207,2025-02-25 14:00:31.998351,13.977144
channel-750,683951,30329054,30329058,4,2025-02-25 14:00:20.433646,2025-02-25 14:00:26.141147,5.707501
channel-91017,2902,30329054,30329065,11,2025-02-25 14:00:20.433646,2025-02-25 14:00:35.450170,15.016524
channel-412,64627,30329058,30329070,12,2025-02-25 14:00:26.141147,2025-02-25 14:00:41.830194,15.689047
channel-750,683952,30329066,30329075,9,2025-02-25 14:00:36.573846,2025-02-25 14:00:47.928140,11.354294
channel-326,538278,30329071,30329077,6,2025-02-25 14:00:42.961166,2025-02-25 14:00:50.242715,7.281549
channel-91017,2903,30329071,30329085,14,2025-02-25 14:00:42.961166,2025-02-25 14:00:59.263866,16.3027
channel-0,4039588,30329080,30329092,12,2025-02-25 14:00:53.674774,2025-02-25 14:01:08.790130,15.115356
channel-412,64628,30329084,30329095,11,2025-02-25 14:00:58.048841,2025-02-25 14:01:12.263590,14.214749
channel-0,4039589,30329102,30329112,10,2025-02-25 14:01:21.859603,2025-02-25 14:01:36.120594,14.260991
channel-232,49217,30329106,30329116,10,2025-02-25 14:01:26.826134,2025-02-25 14:01:42.010558,15.184424
channel-874,293352,30329111,30329130,19,2025-02-25 14:01:33.704502,2025-02-25 14:02:01.890276,28.185774
channel-6994,1325376,30329112,30329122,10,2025-02-25 14:01:36.120594,2025-02-25 14:01:49.830404,13.70981
channel-199,132803,30329116,30329126,10,2025-02-25 14:01:42.010558,2025-02-25 14:01:55.764549,13.753991
channel-0,4039590,30329116,30329128,12,2025-02-25 14:01:42.010558,2025-02-25 14:01:58.106890,16.096332
channel-326,538279,30329119,30329127,8,2025-02-25 14:01:46.359021,2025-02-25 14:01:56.904957,10.545936
channel-85791,3776,30329120,30329126,6,2025-02-25 14:01:47.402170,2025-02-25 14:01:55.764549,8.362379
channel-782,310252,30329121,30329128,7,2025-02-25 14:01:48.683653,2025-02-25 14:01:58.106890,9.423237
channel-85077,60740,30329125,30329135,10,2025-02-25 14:01:54.290687,2025-02-25 14:02:07.650763,13.360076
channel-122,668228,30329140,30329145,5,2025-02-25 14:02:14.037882,2025-02-25 14:02:19.771332,5.73345
channel-6994,1325377,30329141,30329153,12,2025-02-25 14:02:15.135193,2025-02-25 14:02:29.283635,14.148442
channel-326,538280,30329164,30329171,7,2025-02-25 14:02:44.026677,2025-02-25 14:02:52.504724,8.478047
channel-95,331599,30329166,30329183,17,2025-02-25 14:02:46.343693,2025-02-25 14:03:06.999942,20.656249
channel-122,668229,30329170,30329174,4,2025-02-25 14:02:51.375087,2025-02-25 14:02:55.935286,4.560199
channel-0,4039591,30329176,30329183,7,2025-02-25 14:02:58.098259,2025-02-25 14:03:06.999942,8.901683
channel-122,668230,30329181,30329183,2,2025-02-25 14:03:03.784608,2025-02-25 14:03:06.999942,3.215334
channel-208,1490723,30329183,30329196,13,2025-02-25 14:03:06.999942,2025-02-25 14:03:25.292665,18.292723
channel-1,408570,30329188,30329200,12,2025-02-25 14:03:15.990869,2025-02-25 14:03:31.561399,15.57053
channel-1424,7354,30329194,30329206,12,2025-02-25 14:03:22.927006,2025-02-25 14:03:38.698353,15.771347
channel-6994,1325378,30329200,30329211,11,2025-02-25 14:03:31.561399,2025-02-25 14:03:46.532936,14.971537
channel-326,538281,30329208,30329213,5,2025-02-25 14:03:41.908101,2025-02-25 14:03:50.356831,8.44873
channel-0,4039592,30329211,30329220,9,2025-02-25 14:03:46.532936,2025-02-25 14:03:58.355988,11.823052
channel-208,1490724,30329214,30329227,13,2025-02-25 14:03:51.656621,2025-02-25 14:04:07.166432,15.509811
channel-0,4039593,30329235,30329245,10,2025-02-25 14:04:17.291960,2025-02-25 14:04:28.959423,11.667463
channel-204,670844,30329242,30329249,7,2025-02-25 14:04:25.654060,2025-02-25 14:04:34.360214,8.706154
channel-75,845225,30329249,30329257,8,2025-02-25 14:04:34.360214,2025-02-25 14:04:43.626529,9.266315
channel-326,538282,30329252,30329266,14,2025-02-25 14:04:37.816815,2025-02-25 14:04:55.297295,17.48048
channel-326,538283,30329255,30329262,7,2025-02-25 14:04:41.296347,2025-02-25 14:04:50.569448,9.273101
channel-232,49218,30329285,30329296,11,2025-02-25 14:05:17.657175,2025-02-25 14:05:30.258159,12.600984
channel-0,4039594,30329303,30329322,19,2025-02-25 14:05:40.380461,2025-02-25 14:06:06.109431,25.72897
channel-326,538284,30329304,30329311,7,2025-02-25 14:05:41.536289,2025-02-25 14:05:52.497638,10.961349
channel-85077,60741,30329313,30329326,13,2025-02-25 14:05:55.703742,2025-02-25 14:06:10.674146,14.970404
channel-208,1490725,30329322,30329332,10,2025-02-25 14:06:06.109431,2025-02-25 14:06:19.154342,13.044911
channel-0,4039595,30329325,30329334,9,2025-02-25 14:06:09.603907,2025-02-25 14:06:21.956501,12.352594
channel-6994,1325379,30329327,30329335,8,2025-02-25 14:06:12.199216,2025-02-25 14:06:23.193161,10.993945
channel-1,408571,30329330,30329339,9,2025-02-25 14:06:15.772396,2025-02-25 14:06:28.942545,13.170149
channel-412,64629,30329333,30329343,10,2025-02-25 14:06:20.900368,2025-02-25 14:06:34.371259,13.470891
channel-0,4039596,30329334,30329343,9,2025-02-25 14:06:21.956501,2025-02-25 14:06:34.371259,12.414758
channel-85077,60742,30329344,30329353,9,2025-02-25 14:06:35.606072,2025-02-25 14:06:46.076600,10.470528
channel-326,538285,30329350,30329356,6,2025-02-25 14:06:42.361822,2025-02-25 14:06:50.623443,8.261621
channel-251,85261,30329356,30329365,9,2025-02-25 14:06:50.623443,2025-02-25 14:07:01.925743,11.3023
channel-0,4039597,30329370,30329380,10,2025-02-25 14:07:09.284541,2025-02-25 14:07:21.344369,12.059828
channel-122,668231,30329375,30329379,4,2025-02-25 14:07:15.384606,2025-02-25 14:07:20.113023,4.728417
channel-75,845226,30329375,30329382,7,2025-02-25 14:07:15.384606,2025-02-25 14:07:24.248164,8.863558
channel-232,49219,30329375,30329388,13,2025-02-25 14:07:15.384606,2025-02-25 14:07:31.057598,15.672992
channel-6994,1325380,30329383,30329395,12,2025-02-25 14:07:25.342776,2025-02-25 14:07:41.671985,16.329209
channel-85077,60743,30329394,30329399,5,2025-02-25 14:07:40.493218,2025-02-25 14:07:50.167351,9.674133
channel-1575,15199,30329396,30329403,7,2025-02-25 14:07:42.931262,2025-02-25 14:07:55.128666,12.197404
channel-0,4039598,30329396,30329403,7,2025-02-25 14:07:42.931262,2025-02-25 14:07:55.128666,12.197404
channel-326,538286,30329398,30329406,8,2025-02-25 14:07:45.278307,2025-02-25 14:07:59.739352,14.461045
channel-0,4039599,30329402,30329419,17,2025-02-25 14:07:53.948787,2025-02-25 14:08:14.945889,20.997102
channel-6994,1325381,30329403,30329414,11,2025-02-25 14:07:55.128666,2025-02-25 14:08:09.072325,13.943659
channel-0,4039600,30329404,30329419,15,2025-02-25 14:07:57.453975,2025-02-25 14:08:14.945889,17.491914
channel-6994,1325382,30329412,30329427,15,2025-02-25 14:08:06.850170,2025-02-25 14:08:25.481529,18.631359
channel-42,1490067,30329414,30329428,14,2025-02-25 14:08:09.072325,2025-02-25 14:08:26.899797,17.827472
channel-1424,7355,30329433,30329443,10,2025-02-25 14:08:33.244270,2025-02-25 14:08:46.371804,13.127534
channel-208,1490726,30329433,30329446,13,2025-02-25 14:08:33.244270,2025-02-25 14:08:50.155018,16.910748
channel-0,4039601,30329436,30329449,13,2025-02-25 14:08:37.541282,2025-02-25 14:08:54.925430,17.384148
channel-6994,1325383,30329437,30329457,20,2025-02-25 14:08:39.686558,2025-02-25 14:09:04.536617,24.850059
channel-476,11800,30329437,30329451,14,2025-02-25 14:08:39.686558,2025-02-25 14:08:57.407869,17.721311
channel-326,538287,30329439,30329445,6,2025-02-25 14:08:42.000030,2025-02-25 14:08:48.979666,6.979636
channel-0,4039602,30329439,30329449,10,2025-02-25 14:08:42.000030,2025-02-25 14:08:54.925430,12.9254
channel-6994,1325384,30329444,30329452,8,2025-02-25 14:08:47.824222,2025-02-25 14:08:58.938697,11.114475
channel-782,310253,30329450,30329457,7,2025-02-25 14:08:56.189962,2025-02-25 14:09:04.536617,8.346655
channel-85077,60744,30329465,30329474,9,2025-02-25 14:09:14.531398,2025-02-25 14:09:26.598693,12.067295
channel-6994,1325385,30329466,30329475,9,2025-02-25 14:09:15.834730,2025-02-25 14:09:27.667272,11.832542
channel-6994,1325386,30329472,30329484,12,2025-02-25 14:09:22.608116,2025-02-25 14:09:37.927108,15.318992
channel-204,670845,30329473,30329482,9,2025-02-25 14:09:25.328570,2025-02-25 14:09:35.704994,10.376424
channel-6994,1325387,30329474,30329484,10,2025-02-25 14:09:26.598693,2025-02-25 14:09:37.927108,11.328415
channel-750,683953,30329474,30329479,5,2025-02-25 14:09:26.598693,2025-02-25 14:09:32.199987,5.601294
channel-412,64630,30329475,30329485,10,2025-02-25 14:09:27.667272,2025-02-25 14:09:39.068219,11.400947
channel-75,845227,30329479,30329486,7,2025-02-25 14:09:32.199987,2025-02-25 14:09:40.234134,8.034147
channel-6994,1325388,30329479,30329489,10,2025-02-25 14:09:32.199987,2025-02-25 14:09:43.628556,11.428569
channel-204,670846,30329483,30329492,9,2025-02-25 14:09:36.852606,2025-02-25 14:09:47.819068,10.966462
channel-326,538288,30329488,30329497,9,2025-02-25 14:09:42.470020,2025-02-25 14:09:54.436753,11.966733
channel-6994,1325389,30329489,30329499,10,2025-02-25 14:09:43.628556,2025-02-25 14:09:56.806969,13.178413
channel-2188,43834,30329491,30329495,4,2025-02-25 14:09:45.679497,2025-02-25 14:09:51.290089,5.610592
channel-750,683954,30329496,30329505,9,2025-02-25 14:09:52.563457,2025-02-25 14:10:04.688342,12.124885
channel-6994,1325390,30329499,30329511,12,2025-02-25 14:09:56.806969,2025-02-25 14:10:12.633874,15.826905
channel-88,467177,30329505,30329556,51,2025-02-25 14:10:04.688342,2025-02-25 14:11:08.446757,63.758415
channel-320,119260,30329507,30329544,37,2025-02-25 14:10:06.995937,2025-02-25 14:10:52.567671,45.571734
channel-122,668232,30329509,30329513,4,2025-02-25 14:10:09.251990,2025-02-25 14:10:15.094294,5.842304
channel-412,64631,30329512,30329527,15,2025-02-25 14:10:13.798881,2025-02-25 14:10:30.776547,16.977666
channel-340,3193,30329519,30329530,11,2025-02-25 14:10:22.109172,2025-02-25 14:10:35.138804,13.029632
channel-6994,1325391,30329526,30329536,10,2025-02-25 14:10:29.744589,2025-02-25 14:10:42.564832,12.820243
channel-115,20431,30329529,30329541,12,2025-02-25 14:10:32.990231,2025-02-25 14:10:48.666123,15.675892
channel-85077,60745,30329534,30329544,10,2025-02-25 14:10:40.219725,2025-02-25 14:10:52.567671,12.347946
channel-326,538289,30329539,30329544,5,2025-02-25 14:10:46.251918,2025-02-25 14:10:52.567671,6.315753
channel-750,683955,30329540,30329559,19,2025-02-25 14:10:47.488417,2025-02-25 14:11:12.778648,25.290231
channel-75,845228,30329541,30329547,6,2025-02-25 14:10:48.666123,2025-02-25 14:10:56.808464,8.142341
channel-1,408572,30329543,30329557,14,2025-02-25 14:10:51.000043,2025-02-25 14:11:09.536938,18.536895
channel-0,4039603,30329557,30329564,7,2025-02-25 14:11:09.536938,2025-02-25 14:11:22.237339,12.700401
channel-0,4039604,30329560,30329568,8,2025-02-25 14:11:13.934434,2025-02-25 14:11:28.115538,14.181104
channel-113,301356,30329561,30329601,40,2025-02-25 14:11:16.619186,2025-02-25 14:12:12.615062,55.995876
channel-6994,1325392,30329567,30329576,9,2025-02-25 14:11:27.016818,2025-02-25 14:11:37.448267,10.431449
channel-6994,1325393,30329569,30329581,12,2025-02-25 14:11:29.297841,2025-02-25 14:11:43.319836,14.021995
channel-767,14378,30329569,30329578,9,2025-02-25 14:11:29.297841,2025-02-25 14:11:39.992442,10.694601
channel-750,683956,30329575,30329588,13,2025-02-25 14:11:36.270469,2025-02-25 14:11:52.827790,16.557321
channel-98451,49,30329576,30329591,15,2025-02-25 14:11:37.448267,2025-02-25 14:11:56.326722,18.878455
channel-326,538290,30329580,30329585,5,2025-02-25 14:11:42.207324,2025-02-25 14:11:49.255112,7.047788
channel-91017,2904,30329586,30329595,9,2025-02-25 14:11:50.439001,2025-02-25 14:12:02.248405,11.809404
channel-0,4039605,30329589,30329596,7,2025-02-25 14:11:54.029333,2025-02-25 14:12:03.912142,9.882809
channel-767,14379,30329593,30329603,10,2025-02-25 14:11:58.782176,2025-02-25 14:12:14.980740,16.198564
channel-6994,1325394,30329600,30329611,11,2025-02-25 14:12:11.509463,2025-02-25 14:12:24.415648,12.906185
channel-75,845229,30329610,30329619,9,2025-02-25 14:12:23.208849,2025-02-25 14:12:33.984033,10.775184
channel-216,94280,30329612,30329677,65,2025-02-25 14:12:25.948539,2025-02-25 14:13:50.955494,85.006955
channel-72,516454,30329612,30329666,54,2025-02-25 14:12:25.948539,2025-02-25 14:13:36.471872,70.523333
channel-0,4039606,30329621,30329632,11,2025-02-25 14:12:36.328047,2025-02-25 14:12:50.659434,14.331387
channel-204,670847,30329621,30329630,9,2025-02-25 14:12:36.328047,2025-02-25 14:12:48.432345,12.104298
channel-208,1490727,30329623,30329636,13,2025-02-25 14:12:39.655228,2025-02-25 14:12:55.203518,15.54829
channel-326,538291,30329625,30329630,5,2025-02-25 14:12:42.100679,2025-02-25 14:12:48.432345,6.331666
channel-1,408573,30329625,30329635,10,2025-02-25 14:12:42.100679,2025-02-25 14:12:54.083460,11.982781
channel-0,4039607,30329630,30329642,12,2025-02-25 14:12:48.432345,2025-02-25 14:13:02.926021,14.493676
channel-72,516455,30329630,30329683,53,2025-02-25 14:12:48.432345,2025-02-25 14:13:57.812091,69.379746
channel-0,4039608,30329639,30329661,22,2025-02-25 14:12:59.511151,2025-02-25 14:13:30.227223,30.716072
channel-6994,1325395,30329639,30329647,8,2025-02-25 14:12:59.511151,2025-02-25 14:13:11.408321,11.89717
channel-750,683957,30329641,30329645,4,2025-02-25 14:13:01.812689,2025-02-25 14:13:07.591766,5.779077
channel-73,51346,30329650,30329666,16,2025-02-25 14:13:14.729326,2025-02-25 14:13:36.471872,21.742546
channel-0,4039609,30329656,30329666,10,2025-02-25 14:13:23.607614,2025-02-25 14:13:36.471872,12.864258
channel-6994,1325396,30329661,30329672,11,2025-02-25 14:13:30.227223,2025-02-25 14:13:43.799786,13.572563
channel-75,845230,30329661,30329668,7,2025-02-25 14:13:30.227223,2025-02-25 14:13:38.832268,8.605045
channel-208,1490728,30329661,30329670,9,2025-02-25 14:13:30.227223,2025-02-25 14:13:41.438410,11.211187
channel-326,538292,30329670,30329678,8,2025-02-25 14:13:41.438410,2025-02-25 14:13:52.183909,10.745499
channel-6994,1325397,30329671,30329683,12,2025-02-25 14:13:42.637390,2025-02-25 14:13:57.812091,15.174701
channel-204,670848,30329673,30329682,9,2025-02-25 14:13:46.002354,2025-02-25 14:13:56.717907,10.715553
channel-326,538293,30329676,30329697,21,2025-02-25 14:13:49.651252,2025-02-25 14:14:16.753624,27.102372
channel-94814,3788,30329686,30329703,17,2025-02-25 14:14:02.267000,2025-02-25 14:14:23.599528,21.332528
channel-115,20432,30329693,30329701,8,2025-02-25 14:14:11.728320,2025-02-25 14:14:21.502336,9.774016
channel-75,845231,30329700,30329705,5,2025-02-25 14:14:20.315862,2025-02-25 14:14:29.277252,8.96139
channel-0,4039610,30329704,30329716,12,2025-02-25 14:14:28.080377,2025-02-25 14:14:41.653484,13.573107
channel-42,1490068,30329707,30329719,12,2025-02-25 14:14:31.447388,2025-02-25 14:14:45.252954,13.805566
channel-326,538294,30329707,30329717,10,2025-02-25 14:14:31.447388,2025-02-25 14:14:42.800311,11.352923
channel-326,538295,30329720,30329729,9,2025-02-25 14:14:46.328124,2025-02-25 14:14:57.657871,11.329747
channel-6994,1325398,30329726,30329736,10,2025-02-25 14:14:53.569203,2025-02-25 14:15:07.855913,14.28671
channel-85077,60746,30329730,30329740,10,2025-02-25 14:14:58.861090,2025-02-25 14:15:14.114529,15.253439
channel-75,845232,30329733,30329740,7,2025-02-25 14:15:04.255765,2025-02-25 14:15:14.114529,9.858764
channel-42,1490069,30329735,30329746,11,2025-02-25 14:15:06.794730,2025-02-25 14:15:21.265728,14.470998
channel-0,4039611,30329742,30329752,10,2025-02-25 14:15:16.309166,2025-02-25 14:15:30.072348,13.763182
channel-199,132804,30329744,30329752,8,2025-02-25 14:15:18.744552,2025-02-25 14:15:30.072348,11.327796
channel-75,845233,30329747,30329767,20,2025-02-25 14:15:22.384195,2025-02-25 14:15:47.799990,25.415795
channel-782,310254,30329752,30329759,7,2025-02-25 14:15:30.072348,2025-02-25 14:15:37.944006,7.871658
channel-208,1490729,30329752,30329762,10,2025-02-25 14:15:30.072348,2025-02-25 14:15:41.594999,11.522651
channel-75,845234,30329752,30329761,9,2025-02-25 14:15:30.072348,2025-02-25 14:15:40.338204,10.265856
channel-326,538296,30329762,30329767,5,2025-02-25 14:15:41.594999,2025-02-25 14:15:47.799990,6.204991
channel-6994,1325399,30329765,30329784,19,2025-02-25 14:15:45.543605,2025-02-25 14:16:08.377333,22.833728
channel-75,845235,30329766,30329775,9,2025-02-25 14:15:46.685270,2025-02-25 14:15:57.834498,11.149228
channel-1,408574,30329767,30329778,11,2025-02-25 14:15:47.799990,2025-02-25 14:16:01.313261,13.513271
channel-89298,18710,30329776,30329785,9,2025-02-25 14:15:59.067824,2025-02-25 14:16:09.474192,10.406368
channel-2,130673,30329784,30329791,7,2025-02-25 14:16:08.377333,2025-02-25 14:16:19.219218,10.841885
channel-72,516456,30329784,30329822,38,2025-02-25 14:16:08.377333,2025-02-25 14:16:59.826398,51.449065
channel-199,132805,30329784,30329792,8,2025-02-25 14:16:08.377333,2025-02-25 14:16:20.347970,11.970637
channel-72,516457,30329786,30329822,36,2025-02-25 14:16:10.800234,2025-02-25 14:16:59.826398,49.026164
channel-750,683958,30329789,30329811,22,2025-02-25 14:16:14.741961,2025-02-25 14:16:43.642315,28.900354
channel-0,4039612,30329790,30329820,30,2025-02-25 14:16:17.056288,2025-02-25 14:16:57.492708,40.43642
channel-6994,1325400,30329804,30329812,8,2025-02-25 14:16:34.516542,2025-02-25 14:16:48.249997,13.733455
channel-326,538297,30329810,30329815,5,2025-02-25 14:16:41.561065,2025-02-25 14:16:51.835329,10.274264
channel-750,683959,30329818,30329828,10,2025-02-25 14:16:55.213362,2025-02-25 14:17:09.453247,14.239885
channel-38946,124279,30329829,30329856,27,2025-02-25 14:17:10.669247,2025-02-25 14:17:44.963626,34.294379
channel-6994,1325401,30329834,30329847,13,2025-02-25 14:17:16.922728,2025-02-25 14:17:33.082468,16.15974
channel-72,516458,30329835,30329867,32,2025-02-25 14:17:18.027912,2025-02-25 14:17:58.181740,40.153828
channel-208,1490730,30329841,30329852,11,2025-02-25 14:17:26.143907,2025-02-25 14:17:39.012593,12.868686
channel-72,516459,30329844,30329890,46,2025-02-25 14:17:29.511850,2025-02-25 14:18:29.051728,59.539878
channel-6994,1325402,30329853,30329866,13,2025-02-25 14:17:40.226602,2025-02-25 14:17:56.774064,16.547462
channel-326,538298,30329857,30329864,7,2025-02-25 14:17:46.167717,2025-02-25 14:17:54.540622,8.372905
channel-85077,60747,30329865,30329873,8,2025-02-25 14:17:55.580403,2025-02-25 14:18:08.091879,12.511476
channel-85077,60748,30329867,30329876,9,2025-02-25 14:17:58.181740,2025-02-25 14:18:11.722531,13.540791
channel-0,4039613,30329868,30329894,26,2025-02-25 14:18:00.475684,2025-02-25 14:18:34.365969,33.890285
channel-38946,124280,30329872,30329886,14,2025-02-25 14:18:06.964664,2025-02-25 14:18:24.678264,17.7136
channel-750,683960,30329877,30329893,16,2025-02-25 14:18:12.894533,2025-02-25 14:18:32.521912,19.627379
channel-75,845236,30329887,30329894,7,2025-02-25 14:18:25.811785,2025-02-25 14:18:34.365969,8.554184
channel-6994,1325403,30329894,30329904,10,2025-02-25 14:18:34.365969,2025-02-25 14:18:46.225645,11.859676
channel-42,1490070,30329894,30329929,35,2025-02-25 14:18:34.365969,2025-02-25 14:19:18.059299,43.69333
channel-75,845237,30329898,30329905,7,2025-02-25 14:18:39.159296,2025-02-25 14:18:47.460285,8.300989
channel-326,538299,30329900,30329908,8,2025-02-25 14:18:41.646646,2025-02-25 14:18:52.309672,10.663026
channel-42,1490071,30329903,30329912,9,2025-02-25 14:18:45.134692,2025-02-25 14:18:57.902792,12.7681
channel-0,4039614,30329905,30329935,30,2025-02-25 14:18:47.460285,2025-02-25 14:19:27.459017,39.998732
channel-1,408575,30329905,30329915,10,2025-02-25 14:18:47.460285,2025-02-25 14:19:01.228387,13.768102
channel-1,408576,30329906,30329933,27,2025-02-25 14:18:50.042764,2025-02-25 14:19:23.913704,33.87094
channel-122,668233,30329908,30329918,10,2025-02-25 14:18:52.309672,2025-02-25 14:19:04.909263,12.599591
channel-0,4039615,30329911,30329924,13,2025-02-25 14:18:55.567097,2025-02-25 14:19:11.932070,16.364973
channel-750,683961,30329915,30329940,25,2025-02-25 14:19:01.228387,2025-02-25 14:19:33.245748,32.017361
channel-199,132806,30329924,30329932,8,2025-02-25 14:19:11.932070,2025-02-25 14:19:21.808518,9.876448
channel-216,94281,30329926,30329984,58,2025-02-25 14:19:14.778500,2025-02-25 14:20:28.610621,73.832121
channel-0,4039616,30329945,30329955,10,2025-02-25 14:19:39.165752,2025-02-25 14:19:51.024350,11.858598
channel-326,538300,30329947,30329954,7,2025-02-25 14:19:41.503926,2025-02-25 14:19:49.859113,8.355187
channel-0,4039617,30329947,30329959,12,2025-02-25 14:19:41.503926,2025-02-25 14:19:56.135636,14.63171
channel-199,132807,30329948,30329959,11,2025-02-25 14:19:42.529552,2025-02-25 14:19:56.135636,13.606084
channel-42,1490072,30329949,30329961,12,2025-02-25 14:19:43.758775,2025-02-25 14:19:59.674296,15.915521
channel-0,4039618,30329959,30329987,28,2025-02-25 14:19:56.135636,2025-02-25 14:20:33.221637,37.086001
channel-6994,1325404,30329959,30329971,12,2025-02-25 14:19:56.135636,2025-02-25 14:20:11.401249,15.265613
channel-0,4039619,30329965,30329973,8,2025-02-25 14:20:04.487728,2025-02-25 14:20:13.644966,9.157238
channel-72,516460,30329974,30330005,31,2025-02-25 14:20:15.015085,2025-02-25 14:20:57.436269,42.421184
channel-1,408577,30329979,30329990,11,2025-02-25 14:20:20.860893,2025-02-25 14:20:36.813936,15.953043
channel-85077,60749,30329981,30329991,10,2025-02-25 14:20:25.193065,2025-02-25 14:20:38.466202,13.273137
channel-750,683962,30329982,30329990,8,2025-02-25 14:20:26.262936,2025-02-25 14:20:36.813936,10.551
channel-199,132808,30329987,30329994,7,2025-02-25 14:20:33.221637,2025-02-25 14:20:42.503347,9.28171
channel-19774,346114,30329989,30329997,8,2025-02-25 14:20:35.586189,2025-02-25 14:20:48.462524,12.876335
channel-0,4039620,30329990,30330000,10,2025-02-25 14:20:36.813936,2025-02-25 14:20:51.785132,14.971196
channel-874,293353,30329994,30330000,6,2025-02-25 14:20:42.503347,2025-02-25 14:20:51.785132,9.281785
channel-0,4039621,30329995,30330005,10,2025-02-25 14:20:45.235852,2025-02-25 14:20:57.436269,12.200417
channel-326,538301,30329995,30330001,6,2025-02-25 14:20:45.235852,2025-02-25 14:20:52.906225,7.670373
channel-208,1490731,30329996,30330009,13,2025-02-25 14:20:46.330284,2025-02-25 14:21:01.833321,15.503037
channel-85077,60750,30330012,30330020,8,2025-02-25 14:21:06.143395,2025-02-25 14:21:19.822274,13.678879
channel-85077,60751,30330012,30330020,8,2025-02-25 14:21:06.143395,2025-02-25 14:21:19.822274,13.678879
channel-19774,346115,30330014,30330025,11,2025-02-25 14:21:08.785181,2025-02-25 14:21:25.521382,16.736201
channel-75,845238,30330018,30330026,8,2025-02-25 14:21:14.412332,2025-02-25 14:21:27.322240,12.909908
channel-85077,60752,30330026,30330034,8,2025-02-25 14:21:27.322240,2025-02-25 14:21:37.703740,10.3815
channel-0,4039622,30330031,30330039,8,2025-02-25 14:21:33.024690,2025-02-25 14:21:43.636361,10.611671
channel-874,293354,30330033,30330039,6,2025-02-25 14:21:36.556206,2025-02-25 14:21:43.636361,7.080155
channel-89321,19506,30330036,30330045,9,2025-02-25 14:21:40.030333,2025-02-25 14:21:50.606788,10.576455
channel-0,4039623,30330037,30330049,12,2025-02-25 14:21:41.148197,2025-02-25 14:21:56.760382,15.612185
channel-326,538302,30330039,30330048,9,2025-02-25 14:21:43.636361,2025-02-25 14:21:55.596624,11.960263
channel-6994,1325405,30330041,30330053,12,2025-02-25 14:21:46.082963,2025-02-25 14:22:01.410287,15.327324
channel-208,1490732,30330044,30330056,12,2025-02-25 14:21:49.485893,2025-02-25 14:22:04.753701,15.267808
channel-0,4039624,30330047,30330059,12,2025-02-25 14:21:53.003456,2025-02-25 14:22:09.033589,16.030133
channel-72,516461,30330050,30330098,48,2025-02-25 14:21:58.027836,2025-02-25 14:23:00.693234,62.665398
channel-6897,5647,30330060,30330068,8,2025-02-25 14:22:10.208732,2025-02-25 14:22:21.112639,10.903907
channel-19774,346116,30330061,30330069,8,2025-02-25 14:22:12.315160,2025-02-25 14:22:23.277079,10.961919
channel-199,132809,30330065,30330075,10,2025-02-25 14:22:16.931700,2025-02-25 14:22:31.824164,14.892464
channel-72,516462,30330067,30330102,35,2025-02-25 14:22:19.954222,2025-02-25 14:23:05.519989,45.565767
channel-259,314422,30330067,30330073,6,2025-02-25 14:22:19.954222,2025-02-25 14:22:27.777590,7.823368
channel-199,132810,30330067,30330079,12,2025-02-25 14:22:19.954222,2025-02-25 14:22:37.435726,17.481504
channel-874,293355,30330070,30330074,4,2025-02-25 14:22:24.405676,2025-02-25 14:22:29.106033,4.700357
channel-783,104344,30330071,30330134,63,2025-02-25 14:22:25.651451,2025-02-25 14:23:46.481483,80.830032
channel-750,683963,30330077,30330092,15,2025-02-25 14:22:35.215793,2025-02-25 14:22:53.852776,18.636983
channel-750,683964,30330081,30330095,14,2025-02-25 14:22:39.756980,2025-02-25 14:22:57.279990,17.52301
channel-85077,60753,30330082,30330092,10,2025-02-25 14:22:40.977497,2025-02-25 14:22:53.852776,12.875279
channel-326,538303,30330083,30330095,12,2025-02-25 14:22:43.067234,2025-02-25 14:22:57.279990,14.212756
channel-208,1490733,30330087,30330100,13,2025-02-25 14:22:47.635283,2025-02-25 14:23:03.216025,15.580742
channel-750,683965,30330099,30330103,4,2025-02-25 14:23:01.846384,2025-02-25 14:23:06.671827,4.825443
channel-6994,1325406,30330100,30330113,13,2025-02-25 14:23:03.216025,2025-02-25 14:23:17.945472,14.729447
channel-874,293356,30330108,30330114,6,2025-02-25 14:23:12.277512,2025-02-25 14:23:19.027821,6.750309
channel-85077,60754,30330116,30330125,9,2025-02-25 14:23:21.447521,2025-02-25 14:23:33.403294,11.955773
channel-38946,124281,30330124,30330143,19,2025-02-25 14:23:32.223917,2025-02-25 14:23:56.824231,24.600314
channel-75,845239,30330124,30330131,7,2025-02-25 14:23:32.223917,2025-02-25 14:23:42.833514,10.609597
channel-326,538304,30330134,30330139,5,2025-02-25 14:23:46.481483,2025-02-25 14:23:52.254554,5.773071
channel-782,310255,30330137,30330143,6,2025-02-25 14:23:49.824564,2025-02-25 14:23:56.824231,6.999667
channel-340,3194,30330145,30330157,12,2025-02-25 14:23:58.973214,2025-02-25 14:24:13.035296,14.062082
channel-783,104345,30330148,30330154,6,2025-02-25 14:24:02.547237,2025-02-25 14:24:09.607237,7.06
channel-1,408578,30330152,30330161,9,2025-02-25 14:24:07.161591,2025-02-25 14:24:18.134700,10.973109
channel-75016,4665,30330162,30330181,19,2025-02-25 14:24:19.360799,2025-02-25 14:24:44.463279,25.10248
channel-0,4039625,30330169,30330193,24,2025-02-25 14:24:27.069152,2025-02-25 14:25:00.107263,33.038111
channel-750,683966,30330169,30330182,13,2025-02-25 14:24:27.069152,2025-02-25 14:24:45.659880,18.590728
channel-75,845240,30330179,30330186,7,2025-02-25 14:24:42.176160,2025-02-25 14:24:51.357667,9.181507
channel-122,668234,30330182,30330192,10,2025-02-25 14:24:45.659880,2025-02-25 14:24:59.010990,13.35111
channel-79703,4456,30330183,30330190,7,2025-02-25 14:24:46.901936,2025-02-25 14:24:56.028809,9.126873
channel-326,538305,30330184,30330190,6,2025-02-25 14:24:48.084372,2025-02-25 14:24:56.028809,7.944437
channel-208,1490734,30330184,30330197,13,2025-02-25 14:24:48.084372,2025-02-25 14:25:04.688172,16.6038
channel-6994,1325407,30330196,30330207,11,2025-02-25 14:25:03.493351,2025-02-25 14:25:17.398608,13.905257
channel-750,683967,30330204,30330208,4,2025-02-25 14:25:13.767910,2025-02-25 14:25:19.664263,5.896353
channel-750,683968,30330204,30330216,12,2025-02-25 14:25:13.767910,2025-02-25 14:25:28.637605,14.869695
channel-2186,40799,30330223,30330234,11,2025-02-25 14:25:37.110659,2025-02-25 14:25:55.192473,18.081814
channel-85077,60755,30330224,30330238,14,2025-02-25 14:25:38.977979,2025-02-25 14:26:00.126896,21.148917
channel-6994,1325408,30330224,30330240,16,2025-02-25 14:25:38.977979,2025-02-25 14:26:03.550100,24.572121
channel-122,668235,30330228,30330232,4,2025-02-25 14:25:48.036681,2025-02-25 14:25:52.857870,4.821189
channel-326,538306,30330231,30330238,7,2025-02-25 14:25:51.644781,2025-02-25 14:26:00.126896,8.482115
channel-0,4039626,30330232,30330258,26,2025-02-25 14:25:52.857870,2025-02-25 14:26:30.113184,37.255314
channel-6994,1325409,30330233,30330245,12,2025-02-25 14:25:53.955400,2025-02-25 14:26:09.506142,15.550742
channel-6994,1325410,30330238,30330250,12,2025-02-25 14:26:00.126896,2025-02-25 14:26:16.230548,16.103652
channel-2188,43835,30330239,30330244,5,2025-02-25 14:26:02.378541,2025-02-25 14:26:08.200638,5.822097
channel-6994,1325411,30330241,30330250,9,2025-02-25 14:26:04.682773,2025-02-25 14:26:16.230548,11.547775
channel-783,104346,30330242,30330247,5,2025-02-25 14:26:05.771269,2025-02-25 14:26:12.754611,6.983342
channel-0,4039627,30330246,30330269,23,2025-02-25 14:26:11.642923,2025-02-25 14:26:42.982785,31.339862
channel-326,538307,30330247,30330264,17,2025-02-25 14:26:12.754611,2025-02-25 14:26:37.029973,24.275362
channel-259,314423,30330248,30330250,2,2025-02-25 14:26:13.981549,2025-02-25 14:26:16.230548,2.248999
channel-0,4039628,30330250,30330263,13,2025-02-25 14:26:16.230548,2025-02-25 14:26:35.856005,19.625457
channel-0,4039629,30330250,30330263,13,2025-02-25 14:26:16.230548,2025-02-25 14:26:35.856005,19.625457
channel-6994,1325412,30330254,30330266,12,2025-02-25 14:26:24.972933,2025-02-25 14:26:39.501120,14.528187
channel-750,683969,30330259,30330264,5,2025-02-25 14:26:31.305964,2025-02-25 14:26:37.029973,5.724009
channel-122,668236,30330267,30330271,4,2025-02-25 14:26:40.624887,2025-02-25 14:26:45.313771,4.688884
channel-326,538308,30330270,30330280,10,2025-02-25 14:26:44.216506,2025-02-25 14:26:57.572740,13.356234
channel-6994,1325413,30330277,30330289,12,2025-02-25 14:26:53.032081,2025-02-25 14:27:09.432747,16.400666
channel-1,408579,30330279,30330312,33,2025-02-25 14:26:55.370489,2025-02-25 14:27:37.840241,42.469752
channel-208,1490735,30330289,30330302,13,2025-02-25 14:27:09.432747,2025-02-25 14:27:24.543087,15.11034
channel-0,4039630,30330300,30330312,12,2025-02-25 14:27:22.155876,2025-02-25 14:27:37.840241,15.684365
channel-0,4039631,30330305,30330317,12,2025-02-25 14:27:28.979404,2025-02-25 14:27:43.504940,14.525536
channel-326,538309,30330316,30330321,5,2025-02-25 14:27:42.400270,2025-02-25 14:27:47.967890,5.56762
channel-6994,1325414,30330321,30330330,9,2025-02-25 14:27:47.967890,2025-02-25 14:28:00.780086,12.812196
channel-0,4039632,30330322,30330331,9,2025-02-25 14:27:50.531332,2025-02-25 14:28:01.815872,11.28454
channel-199,132811,30330323,30330337,14,2025-02-25 14:27:52.120721,2025-02-25 14:28:08.777523,16.656802
channel-122,668237,30330332,30330340,8,2025-02-25 14:28:03.071765,2025-02-25 14:28:16.513068,13.441303
channel-6787,166772,30330336,30330339,3,2025-02-25 14:28:07.529287,2025-02-25 14:28:10.929048,3.399761
channel-75,845241,30330339,30330346,7,2025-02-25 14:28:10.929048,2025-02-25 14:28:23.875127,12.946079
channel-0,4039633,30330340,30330350,10,2025-02-25 14:28:16.513068,2025-02-25 14:28:28.690293,12.177225
channel-0,4039634,30330342,30330369,27,2025-02-25 14:28:19.262743,2025-02-25 14:28:53.224929,33.962186
channel-6787,166773,30330342,30330346,4,2025-02-25 14:28:19.262743,2025-02-25 14:28:23.875127,4.612384
channel-6994,1325415,30330342,30330352,10,2025-02-25 14:28:19.262743,2025-02-25 14:28:31.053979,11.791236
channel-2494,31973,30330359,30330370,11,2025-02-25 14:28:39.968984,2025-02-25 14:28:55.586384,15.6174
channel-326,538310,30330362,30330368,6,2025-02-25 14:28:43.258633,2025-02-25 14:28:51.957366,8.698733
channel-0,4039635,30330364,30330371,7,2025-02-25 14:28:45.469148,2025-02-25 14:28:56.725340,11.256192
channel-184,137448,30330365,30330373,8,2025-02-25 14:28:47.657480,2025-02-25 14:28:59.015074,11.357594
channel-326,538311,30330370,30330382,12,2025-02-25 14:28:55.586384,2025-02-25 14:29:10.983533,15.397149
channel-326,538312,30330370,30330382,12,2025-02-25 14:28:55.586384,2025-02-25 14:29:10.983533,15.397149
channel-326,538313,30330370,30330382,12,2025-02-25 14:28:55.586384,2025-02-25 14:29:10.983533,15.397149
channel-326,538314,30330370,30330382,12,2025-02-25 14:28:55.586384,2025-02-25 14:29:10.983533,15.397149
channel-326,538315,30330370,30330382,12,2025-02-25 14:28:55.586384,2025-02-25 14:29:10.983533,15.397149
channel-326,538316,30330370,30330382,12,2025-02-25 14:28:55.586384,2025-02-25 14:29:10.983533,15.397149
channel-326,538317,30330370,30330382,12,2025-02-25 14:28:55.586384,2025-02-25 14:29:10.983533,15.397149
channel-199,132812,30330384,30330401,17,2025-02-25 14:29:13.292038,2025-02-25 14:29:34.195952,20.903914
channel-6994,1325416,30330386,30330397,11,2025-02-25 14:29:15.524589,2025-02-25 14:29:29.690459,14.16587
channel-6994,1325417,30330394,30330409,15,2025-02-25 14:29:25.416699,2025-02-25 14:29:43.414482,17.997783
channel-326,538318,30330412,30330419,7,2025-02-25 14:29:47.977031,2025-02-25 14:29:57.137194,9.160163
channel-204,670849,30330417,30330423,6,2025-02-25 14:29:53.648561,2025-02-25 14:30:02.236120,8.587559
channel-412,64632,30330428,30330435,7,2025-02-25 14:30:07.977403,2025-02-25 14:30:20.968037,12.990634
channel-6994,1325418,30330440,30330454,14,2025-02-25 14:30:27.731609,2025-02-25 14:30:45.387715,17.656106
channel-122,668238,30330447,30330452,5,2025-02-25 14:30:36.685737,2025-02-25 14:30:42.530911,5.845174
channel-122,668239,30330451,30330454,3,2025-02-25 14:30:41.370630,2025-02-25 14:30:45.387715,4.017085
channel-85077,60756,30330451,30330460,9,2025-02-25 14:30:41.370630,2025-02-25 14:30:52.472021,11.101391
channel-326,538319,30330454,30330462,8,2025-02-25 14:30:45.387715,2025-02-25 14:30:54.926383,9.538668
channel-75,845242,30330454,30330461,7,2025-02-25 14:30:45.387715,2025-02-25 14:30:53.813811,8.426096
channel-85077,60757,30330456,30330465,9,2025-02-25 14:30:47.701210,2025-02-25 14:31:00.653165,12.951955
channel-0,4039636,30330465,30330474,9,2025-02-25 14:31:00.653165,2025-02-25 14:31:11.819096,11.165931
channel-75,845243,30330466,30330473,7,2025-02-25 14:31:02.982399,2025-02-25 14:31:10.774373,7.791974
channel-208,1490736,30330466,30330477,11,2025-02-25 14:31:02.982399,2025-02-25 14:31:15.240714,12.258315
channel-6994,1325419,30330476,30330487,11,2025-02-25 14:31:14.124884,2025-02-25 14:31:26.819667,12.694783
channel-85077,60758,30330484,30330494,10,2025-02-25 14:31:23.257391,2025-02-25 14:31:35.512142,12.254751
channel-6787,166774,30330490,30330495,5,2025-02-25 14:31:30.944245,2025-02-25 14:31:36.610451,5.666206
channel-6994,1325420,30330496,30330507,11,2025-02-25 14:31:37.732936,2025-02-25 14:31:52.185405,14.452469
channel-326,538320,30330500,30330507,7,2025-02-25 14:31:42.288244,2025-02-25 14:31:52.185405,9.897161
channel-208,1490737,30330502,30330511,9,2025-02-25 14:31:45.480465,2025-02-25 14:31:56.685679,11.205214
channel-6994,1325421,30330507,30330541,34,2025-02-25 14:31:52.185405,2025-02-25 14:32:35.770551,43.585146
channel-6994,1325422,30330509,30330519,10,2025-02-25 14:31:54.410054,2025-02-25 14:32:08.842296,14.432242
channel-750,683970,30330517,30330521,4,2025-02-25 14:32:06.619180,2025-02-25 14:32:11.722717,5.103537
channel-85077,60759,30330525,30330539,14,2025-02-25 14:32:17.237419,2025-02-25 14:32:33.265698,16.028279
channel-750,683971,30330529,30330535,6,2025-02-25 14:32:21.815302,2025-02-25 14:32:28.614218,6.798916
channel-208,1490738,30330535,30330547,12,2025-02-25 14:32:28.614218,2025-02-25 14:32:43.447968,14.83375
channel-6994,1325423,30330539,30330550,11,2025-02-25 14:32:33.265698,2025-02-25 14:32:47.102150,13.836452
channel-208,1490739,30330542,30330552,10,2025-02-25 14:32:37.115063,2025-02-25 14:32:49.345639,12.230576
channel-326,538321,30330546,30330552,6,2025-02-25 14:32:42.242246,2025-02-25 14:32:49.345639,7.103393
channel-0,4039637,30330547,30330556,9,2025-02-25 14:32:43.447968,2025-02-25 14:32:54.511892,11.063924
channel-6994,1325424,30330589,30330625,36,2025-02-25 14:33:37.728515,2025-02-25 14:34:27.360933,49.632418
channel-0,4039638,30330590,30330597,7,2025-02-25 14:33:38.890415,2025-02-25 14:33:46.847129,7.956714
channel-326,538322,30330596,30330600,4,2025-02-25 14:33:45.771857,2025-02-25 14:33:51.390860,5.619003
channel-782,310256,30330599,30330606,7,2025-02-25 14:33:50.245146,2025-02-25 14:34:00.972128,10.726982
channel-6994,1325425,30330599,30330609,10,2025-02-25 14:33:50.245146,2025-02-25 14:34:05.760551,15.515405
channel-85077,60760,30330600,30330610,10,2025-02-25 14:33:51.390860,2025-02-25 14:34:08.021697,16.630837
channel-6994,1325426,30330603,30330613,10,2025-02-25 14:33:56.516162,2025-02-25 14:34:11.379824,14.863662
channel-0,4039639,30330608,30330618,10,2025-02-25 14:34:04.610238,2025-02-25 14:34:17.471486,12.861248
channel-326,538323,30330609,30330621,12,2025-02-25 14:34:05.760551,2025-02-25 14:34:21.576591,15.81604
channel-326,538324,30330619,30330628,9,2025-02-25 14:34:19.392040,2025-02-25 14:34:30.783783,11.391743
channel-750,683972,30330619,30330631,12,2025-02-25 14:34:19.392040,2025-02-25 14:34:35.205884,15.813844
channel-199,132813,30330621,30330631,10,2025-02-25 14:34:21.576591,2025-02-25 14:34:35.205884,13.629293
channel-750,683973,30330629,30330633,4,2025-02-25 14:34:31.895345,2025-02-25 14:34:37.511508,5.616163
channel-75,845244,30330635,30330639,4,2025-02-25 14:34:39.821212,2025-02-25 14:34:47.558484,7.737272
channel-0,4039640,30330638,30330651,13,2025-02-25 14:34:43.198662,2025-02-25 14:35:01.245617,18.046955
channel-326,538325,30330639,30330644,5,2025-02-25 14:34:47.558484,2025-02-25 14:34:53.285517,5.727033
channel-6994,1325427,30330642,30330652,10,2025-02-25 14:34:50.924481,2025-02-25 14:35:02.388145,11.463664
channel-85077,60761,30330651,30330661,10,2025-02-25 14:35:01.245617,2025-02-25 14:35:13.295920,12.050303
channel-75,845245,30330660,30330668,8,2025-02-25 14:35:12.150456,2025-02-25 14:35:22.399452,10.248996
channel-85077,60762,30330660,30330669,9,2025-02-25 14:35:12.150456,2025-02-25 14:35:23.514187,11.363731
channel-750,683974,30330661,30330672,11,2025-02-25 14:35:13.295920,2025-02-25 14:35:27.028948,13.733028
channel-85077,60763,30330662,30330680,18,2025-02-25 14:35:15.569173,2025-02-25 14:35:35.835577,20.266404
channel-6994,1325428,30330663,30330675,12,2025-02-25 14:35:16.701357,2025-02-25 14:35:30.286719,13.585362
channel-0,4039641,30330669,30330682,13,2025-02-25 14:35:23.514187,2025-02-25 14:35:38.456422,14.942235
channel-1,408580,30330672,30330681,9,2025-02-25 14:35:27.028948,2025-02-25 14:35:37.226427,10.197479
channel-75,845246,30330672,30330680,8,2025-02-25 14:35:27.028948,2025-02-25 14:35:35.835577,8.806629
channel-19774,346117,30330675,30330684,9,2025-02-25 14:35:30.286719,2025-02-25 14:35:41.818070,11.531351
channel-143,128431,30330677,30330692,15,2025-02-25 14:35:32.543528,2025-02-25 14:35:54.266945,21.723417
channel-326,538326,30330685,30330696,11,2025-02-25 14:35:43.611448,2025-02-25 14:35:59.141004,15.529556
channel-750,683975,30330688,30330702,14,2025-02-25 14:35:48.588508,2025-02-25 14:36:05.944127,17.355619
channel-6994,1325429,30330695,30330706,11,2025-02-25 14:35:58.067807,2025-02-25 14:36:10.647274,12.579467
channel-85077,60764,30330699,30330710,11,2025-02-25 14:36:02.569647,2025-02-25 14:36:16.377450,13.807803
channel-0,4039642,30330703,30330710,7,2025-02-25 14:36:07.178695,2025-02-25 14:36:16.377450,9.198755
channel-75,845247,30330706,30330712,6,2025-02-25 14:36:10.647274,2025-02-25 14:36:19.613035,8.965761
channel-79180,3377,30330708,30330716,8,2025-02-25 14:36:14.076027,2025-02-25 14:36:25.464362,11.388335
channel-199,132814,30330715,30330723,8,2025-02-25 14:36:24.177812,2025-02-25 14:36:33.958372,9.78056
channel-75,845248,30330726,30330732,6,2025-02-25 14:36:37.366436,2025-02-25 14:36:45.479568,8.113132
channel-750,683976,30330729,30330733,4,2025-02-25 14:36:41.057161,2025-02-25 14:36:47.616213,6.559052
channel-75,845249,30330732,30330743,11,2025-02-25 14:36:45.479568,2025-02-25 14:36:59.463606,13.984038
channel-326,538327,30330736,30330743,7,2025-02-25 14:36:51.659881,2025-02-25 14:36:59.463606,7.803725
channel-1,408581,30330743,30330753,10,2025-02-25 14:36:59.463606,2025-02-25 14:37:13.435434,13.971828
channel-85077,60765,30330744,30330752,8,2025-02-25 14:37:00.541002,2025-02-25 14:37:12.322720,11.781718
channel-0,4039643,30330753,30330766,13,2025-02-25 14:37:13.435434,2025-02-25 14:37:29.763219,16.327785
channel-113,301357,30330755,30330786,31,2025-02-25 14:37:16.936894,2025-02-25 14:37:57.067898,40.131004
channel-199,132815,30330758,30330767,9,2025-02-25 14:37:20.484430,2025-02-25 14:37:30.866636,10.382206
channel-326,538328,30330774,30330783,9,2025-02-25 14:37:42.903771,2025-02-25 14:37:53.601499,10.697728
channel-2,130674,30330775,30330786,11,2025-02-25 14:37:43.910506,2025-02-25 14:37:57.067898,13.157392
channel-85077,60766,30330778,30330788,10,2025-02-25 14:37:47.300555,2025-02-25 14:37:59.362677,12.062122
channel-188,190598,30330786,30330800,14,2025-02-25 14:37:57.067898,2025-02-25 14:38:13.048973,15.981075
channel-85077,60767,30330789,30330799,10,2025-02-25 14:38:00.530077,2025-02-25 14:38:11.929301,11.399224
channel-6994,1325430,30330804,30330817,13,2025-02-25 14:38:18.835690,2025-02-25 14:38:34.908100,16.07241
channel-874,293357,30330807,30330815,8,2025-02-25 14:38:22.238956,2025-02-25 14:38:32.080825,9.841869
channel-75,845250,30330807,30330815,8,2025-02-25 14:38:22.238956,2025-02-25 14:38:32.080825,9.841869
channel-6994,1325431,30330814,30330828,14,2025-02-25 14:38:30.998046,2025-02-25 14:38:49.056163,18.058117
channel-199,132816,30330817,30330825,8,2025-02-25 14:38:34.908100,2025-02-25 14:38:45.392774,10.484674
channel-6994,1325432,30330820,30330832,12,2025-02-25 14:38:39.506707,2025-02-25 14:38:53.671418,14.164711
channel-326,538329,30330824,30330829,5,2025-02-25 14:38:44.291932,2025-02-25 14:38:50.277957,5.986025
channel-0,4039644,30330831,30330842,11,2025-02-25 14:38:52.590856,2025-02-25 14:39:05.156961,12.566105
channel-75,845251,30330833,30330841,8,2025-02-25 14:38:54.790223,2025-02-25 14:39:03.890953,9.10073
channel-208,1490740,30330839,30330849,10,2025-02-25 14:39:01.649560,2025-02-25 14:39:17.285521,15.635961
channel-750,683977,30330840,30330843,3,2025-02-25 14:39:02.744422,2025-02-25 14:39:07.285380,4.540958
channel-782,310257,30330840,30330845,5,2025-02-25 14:39:02.744422,2025-02-25 14:39:12.750578,10.006156
channel-85077,60768,30330846,30330855,9,2025-02-25 14:39:14.007031,2025-02-25 14:39:25.953894,11.946863
channel-6994,1325433,30330848,30330885,37,2025-02-25 14:39:16.204251,2025-02-25 14:40:04.760278,48.556027
channel-88,467178,30330850,30330869,19,2025-02-25 14:39:19.017668,2025-02-25 14:39:43.869124,24.851456
channel-85077,60769,30330861,30330870,9,2025-02-25 14:39:32.940851,2025-02-25 14:39:45.260940,12.320089
channel-199,132817,30330864,30330873,9,2025-02-25 14:39:37.828262,2025-02-25 14:39:48.866303,11.038041
channel-326,538330,30330868,30330873,5,2025-02-25 14:39:42.794161,2025-02-25 14:39:48.866303,6.072142
channel-75,845252,30330878,30330886,8,2025-02-25 14:39:55.795973,2025-02-25 14:40:06.010649,10.214676
channel-750,683978,30330881,30330900,19,2025-02-25 14:39:59.611407,2025-02-25 14:40:22.442365,22.830958
channel-85077,60770,30330885,30330894,9,2025-02-25 14:40:04.760278,2025-02-25 14:40:15.415266,10.654988
channel-251,85262,30330894,30330904,10,2025-02-25 14:40:15.415266,2025-02-25 14:40:28.323242,12.907976
channel-122,668240,30330900,30330904,4,2025-02-25 14:40:22.442365,2025-02-25 14:40:28.323242,5.880877
channel-0,4039645,30330900,30330922,22,2025-02-25 14:40:22.442365,2025-02-25 14:40:52.392453,29.950088
channel-0,4039646,30330902,30330927,25,2025-02-25 14:40:26.153725,2025-02-25 14:40:58.254270,32.100545
channel-0,4039647,30330904,30330922,18,2025-02-25 14:40:28.323242,2025-02-25 14:40:52.392453,24.069211
channel-5,184339,30330905,30330915,10,2025-02-25 14:40:29.532716,2025-02-25 14:40:43.939741,14.407025
channel-208,1490741,30330913,30330924,11,2025-02-25 14:40:41.665594,2025-02-25 14:40:54.768346,13.102752
channel-6994,1325434,30330914,30330958,44,2025-02-25 14:40:42.847435,2025-02-25 14:41:44.128518,61.281083
channel-251,85263,30330916,30330927,11,2025-02-25 14:40:45.144240,2025-02-25 14:40:58.254270,13.11003
channel-326,538331,30330916,30330923,7,2025-02-25 14:40:45.144240,2025-02-25 14:40:53.611737,8.467497
channel-412,64633,30330919,30330930,11,2025-02-25 14:40:49.035232,2025-02-25 14:41:02.643677,13.608445
channel-89298,18711,30330920,30330932,12,2025-02-25 14:40:50.102110,2025-02-25 14:41:04.942660,14.84055
channel-6994,1325435,30330934,30330945,11,2025-02-25 14:41:07.224147,2025-02-25 14:41:22.267392,15.043245
channel-165,71457,30330936,30330946,10,2025-02-25 14:41:09.509866,2025-02-25 14:41:23.538619,14.028753
channel-6994,1325436,30330937,30330945,8,2025-02-25 14:41:10.727831,2025-02-25 14:41:22.267392,11.539561
channel-874,293358,30330944,30330948,4,2025-02-25 14:41:21.092369,2025-02-25 14:41:30.111502,9.019133
channel-750,683979,30330946,30330950,4,2025-02-25 14:41:23.538619,2025-02-25 14:41:32.847775,9.309156
channel-75,845253,30330948,30330956,8,2025-02-25 14:41:30.111502,2025-02-25 14:41:40.721196,10.609694
channel-783,104347,30330949,30330956,7,2025-02-25 14:41:31.225294,2025-02-25 14:41:40.721196,9.495902
channel-208,1490742,30330950,30330962,12,2025-02-25 14:41:32.847775,2025-02-25 14:41:48.803667,15.955892
channel-21113,25357,30330954,30330962,8,2025-02-25 14:41:38.460046,2025-02-25 14:41:48.803667,10.343621
channel-208,1490743,30330959,30330972,13,2025-02-25 14:41:45.398773,2025-02-25 14:42:00.469115,15.070342
channel-874,293359,30330959,30330966,7,2025-02-25 14:41:45.398773,2025-02-25 14:41:53.356706,7.957933
channel-6994,1325437,30330959,30330974,15,2025-02-25 14:41:45.398773,2025-02-25 14:42:02.853579,17.454806
channel-326,538332,30330960,30330972,12,2025-02-25 14:41:46.551180,2025-02-25 14:42:00.469115,13.917935
channel-326,538333,30330961,30330972,11,2025-02-25 14:41:47.599500,2025-02-25 14:42:00.469115,12.869615
channel-208,1490744,30330962,30330972,10,2025-02-25 14:41:48.803667,2025-02-25 14:42:00.469115,11.665448
channel-85077,60771,30330967,30330976,9,2025-02-25 14:41:54.503768,2025-02-25 14:42:05.064010,10.560242
channel-0,4039648,30330967,30330977,10,2025-02-25 14:41:54.503768,2025-02-25 14:42:06.413469,11.909701
channel-165,71458,30330969,30330997,28,2025-02-25 14:41:56.753934,2025-02-25 14:42:31.652756,34.898822
channel-85077,60772,30330973,30330984,11,2025-02-25 14:42:01.715483,2025-02-25 14:42:15.501844,13.786361
channel-199,132818,30330985,30330999,14,2025-02-25 14:42:16.724007,2025-02-25 14:42:34.080161,17.356154
channel-6994,1325438,30330990,30331036,46,2025-02-25 14:42:23.097144,2025-02-25 14:43:20.472610,57.375466
channel-782,310258,30330991,30330998,7,2025-02-25 14:42:24.192036,2025-02-25 14:42:32.945715,8.753679
channel-782,310259,30330991,30330998,7,2025-02-25 14:42:24.192036,2025-02-25 14:42:32.945715,8.753679
channel-1429,140774,30330993,30331003,10,2025-02-25 14:42:26.442701,2025-02-25 14:42:40.956991,14.51429
channel-782,310260,30331001,30331007,6,2025-02-25 14:42:38.637592,2025-02-25 14:42:45.375692,6.7381
channel-1429,140775,30331002,30331012,10,2025-02-25 14:42:39.841030,2025-02-25 14:42:52.165857,12.324827
channel-326,538334,30331005,30331010,5,2025-02-25 14:42:43.242181,2025-02-25 14:42:48.750935,5.508754
channel-208,1490745,30331009,30331021,12,2025-02-25 14:42:47.531422,2025-02-25 14:43:03.107176,15.575754
channel-0,4039649,30331015,30331026,11,2025-02-25 14:42:55.893820,2025-02-25 14:43:08.998482,13.104662
channel-6994,1325439,30331017,30331027,10,2025-02-25 14:42:58.773119,2025-02-25 14:43:10.464909,11.69179
channel-85077,60773,30331019,30331032,13,2025-02-25 14:43:00.908037,2025-02-25 14:43:15.958560,15.050523
channel-750,683980,30331022,30331034,12,2025-02-25 14:43:04.253468,2025-02-25 14:43:18.304069,14.050601
channel-750,683981,30331022,30331038,16,2025-02-25 14:43:04.253468,2025-02-25 14:43:24.290757,20.037289
channel-750,683982,30331024,30331037,13,2025-02-25 14:43:06.781252,2025-02-25 14:43:21.616398,14.835146
channel-122,668241,30331024,30331028,4,2025-02-25 14:43:06.781252,2025-02-25 14:43:11.627223,4.845971
channel-88,467179,30331027,30331047,20,2025-02-25 14:43:10.464909,2025-02-25 14:43:36.834846,26.369937
channel-85077,60774,30331029,30331037,8,2025-02-25 14:43:12.675177,2025-02-25 14:43:21.616398,8.941221
channel-0,4039650,30331037,30331045,8,2025-02-25 14:43:21.616398,2025-02-25 14:43:34.333645,12.717247
channel-0,4039651,30331039,30331047,8,2025-02-25 14:43:25.678918,2025-02-25 14:43:36.834846,11.155928
channel-750,683983,30331040,30331049,9,2025-02-25 14:43:26.868609,2025-02-25 14:43:40.875067,14.006458
channel-75,845254,30331043,30331050,7,2025-02-25 14:43:30.330297,2025-02-25 14:43:42.008562,11.678265
channel-98451,50,30331053,30331064,11,2025-02-25 14:43:45.372524,2025-02-25 14:44:03.471956,18.099432
channel-326,538335,30331053,30331057,4,2025-02-25 14:43:45.372524,2025-02-25 14:43:51.318950,5.946426
channel-750,683984,30331054,30331060,6,2025-02-25 14:43:46.504360,2025-02-25 14:43:57.924047,11.419687
channel-85077,60775,30331055,30331063,8,2025-02-25 14:43:47.603406,2025-02-25 14:44:01.320628,13.717222
channel-85077,60776,30331056,30331065,9,2025-02-25 14:43:50.183231,2025-02-25 14:44:05.635448,15.452217
channel-326,538336,30331060,30331068,8,2025-02-25 14:43:57.924047,2025-02-25 14:44:09.165479,11.241432
channel-750,683985,30331060,30331071,11,2025-02-25 14:43:57.924047,2025-02-25 14:44:12.790343,14.866296
channel-95,331600,30331063,30331083,20,2025-02-25 14:44:01.320628,2025-02-25 14:44:28.083249,26.762621
channel-165,71459,30331066,30331075,9,2025-02-25 14:44:06.751002,2025-02-25 14:44:17.268606,10.517604
channel-6994,1325440,30331068,30331076,8,2025-02-25 14:44:09.165479,2025-02-25 14:44:19.500258,10.334779
channel-85077,60777,30331077,30331087,10,2025-02-25 14:44:20.630450,2025-02-25 14:44:33.695905,13.065455
channel-0,4039652,30331078,30331089,11,2025-02-25 14:44:21.743687,2025-02-25 14:44:35.896693,14.153006
channel-85077,60778,30331090,30331098,8,2025-02-25 14:44:37.087328,2025-02-25 14:44:47.592749,10.505421
channel-85077,60779,30331096,30331107,11,2025-02-25 14:44:44.024557,2025-02-25 14:44:58.147621,14.123064
channel-874,293360,30331096,30331103,7,2025-02-25 14:44:44.024557,2025-02-25 14:44:53.354684,9.330127
channel-85077,60780,30331097,30331110,13,2025-02-25 14:44:46.247800,2025-02-25 14:45:01.660557,15.412757
channel-326,538337,30331098,30331104,6,2025-02-25 14:44:47.592749,2025-02-25 14:44:54.510296,6.917547
channel-0,4039653,30331099,30331109,10,2025-02-25 14:44:48.755228,2025-02-25 14:45:00.350242,11.595014
channel-783,104348,30331101,30331256,155,2025-02-25 14:44:51.105871,2025-02-25 14:48:13.403286,202.297415
channel-320,119261,30331108,30331119,11,2025-02-25 14:44:59.237027,2025-02-25 14:45:12.737592,13.500565
channel-874,293361,30331121,30331126,5,2025-02-25 14:45:16.843687,2025-02-25 14:45:23.608179,6.764492
channel-750,683986,30331132,30331141,9,2025-02-25 14:45:30.888845,2025-02-25 14:45:43.047657,12.158812
channel-326,538338,30331141,30331146,5,2025-02-25 14:45:43.047657,2025-02-25 14:45:49.577595,6.529938
channel-874,293362,30331141,30331146,5,2025-02-25 14:45:43.047657,2025-02-25 14:45:49.577595,6.529938
channel-2,130675,30331144,30331154,10,2025-02-25 14:45:47.392322,2025-02-25 14:46:00.361309,12.968987
channel-0,4039654,30331146,30331157,11,2025-02-25 14:45:49.577595,2025-02-25 14:46:03.964003,14.386408
channel-6994,1325441,30331163,30331173,10,2025-02-25 14:46:10.720164,2025-02-25 14:46:24.856679,14.136515
channel-75,845255,30331171,30331180,9,2025-02-25 14:46:22.370116,2025-02-25 14:46:33.502720,11.132604
channel-783,104349,30331175,30331181,6,2025-02-25 14:46:27.248653,2025-02-25 14:46:34.607973,7.35932
channel-874,293363,30331178,30331183,5,2025-02-25 14:46:30.767935,2025-02-25 14:46:36.861531,6.093596
channel-85077,60781,30331182,30331191,9,2025-02-25 14:46:35.735970,2025-02-25 14:46:47.026546,11.290576
channel-326,538339,30331189,30331198,9,2025-02-25 14:46:44.693741,2025-02-25 14:46:56.415211,11.72147
channel-75,845256,30331192,30331199,7,2025-02-25 14:46:49.320020,2025-02-25 14:46:57.529399,8.209379
channel-326,538340,30331200,30331207,7,2025-02-25 14:46:58.697658,2025-02-25 14:47:07.066112,8.368454
channel-750,683987,30331207,30331212,5,2025-02-25 14:47:07.066112,2025-02-25 14:47:17.038264,9.972152
channel-874,293364,30331215,30331221,6,2025-02-25 14:47:20.978178,2025-02-25 14:47:28.752202,7.774024
channel-208,1490746,30331222,30331233,11,2025-02-25 14:47:30.143679,2025-02-25 14:47:42.635743,12.492064
channel-750,683988,30331223,30331227,4,2025-02-25 14:47:31.301487,2025-02-25 14:47:35.815338,4.513851
channel-6994,1325442,30331225,30331239,14,2025-02-25 14:47:33.548472,2025-02-25 14:47:49.625058,16.076586
channel-750,683989,30331226,30331236,10,2025-02-25 14:47:34.610489,2025-02-25 14:47:46.330311,11.719822
channel-208,1490747,30331226,30331237,11,2025-02-25 14:47:34.610489,2025-02-25 14:47:47.402799,12.79231
channel-6994,1325443,30331226,30331239,13,2025-02-25 14:47:34.610489,2025-02-25 14:47:49.625058,15.014569
channel-0,4039655,30331229,30331241,12,2025-02-25 14:47:38.056319,2025-02-25 14:47:53.134655,15.078336
channel-85077,60782,30331232,30331240,8,2025-02-25 14:47:41.535381,2025-02-25 14:47:52.028612,10.493231
channel-6994,1325444,30331238,30331247,9,2025-02-25 14:47:48.521652,2025-02-25 14:48:01.205078,12.683426
channel-874,293365,30331239,30331245,6,2025-02-25 14:47:49.625058,2025-02-25 14:47:58.117319,8.492261
channel-326,538341,30331240,30331245,5,2025-02-25 14:47:52.028612,2025-02-25 14:47:58.117319,6.088707
channel-251,85264,30331241,30331251,10,2025-02-25 14:47:53.134655,2025-02-25 14:48:07.643287,14.508632
channel-87,182911,30331242,30331262,20,2025-02-25 14:47:54.350193,2025-02-25 14:48:20.539955,26.189762
channel-251,85265,30331245,30331256,11,2025-02-25 14:47:58.117319,2025-02-25 14:48:13.403286,15.285967
channel-492,20127,30331247,30331257,10,2025-02-25 14:48:01.205078,2025-02-25 14:48:14.603992,13.398914
channel-85077,60783,30331248,30331258,10,2025-02-25 14:48:02.294362,2025-02-25 14:48:15.918495,13.624133
channel-89321,19507,30331249,30331265,16,2025-02-25 14:48:04.418703,2025-02-25 14:48:27.137080,22.718377
channel-642,126533,30331250,30331278,28,2025-02-25 14:48:06.535909,2025-02-25 14:48:44.166926,37.631017
channel-874,293366,30331251,30331260,9,2025-02-25 14:48:07.643287,2025-02-25 14:48:18.247698,10.604411
channel-251,85266,30331252,30331261,9,2025-02-25 14:48:08.806367,2025-02-25 14:48:19.441664,10.635297
channel-1,408582,30331256,30331270,14,2025-02-25 14:48:13.403286,2025-02-25 14:48:33.140488,19.737202
channel-874,293367,30331256,30331262,6,2025-02-25 14:48:13.403286,2025-02-25 14:48:20.539955,7.136669
channel-85077,60784,30331258,30331264,6,2025-02-25 14:48:15.918495,2025-02-25 14:48:26.056860,10.138365
channel-75,845257,30331258,30331262,4,2025-02-25 14:48:15.918495,2025-02-25 14:48:20.539955,4.62146
channel-259,314424,30331258,30331262,4,2025-02-25 14:48:15.918495,2025-02-25 14:48:20.539955,4.62146
channel-326,538342,30331259,30331262,3,2025-02-25 14:48:17.078692,2025-02-25 14:48:20.539955,3.461263
channel-2186,40800,30331261,30331276,15,2025-02-25 14:48:19.441664,2025-02-25 14:48:40.900148,21.458484
channel-0,4039656,30331266,30331286,20,2025-02-25 14:48:28.221466,2025-02-25 14:48:54.189355,25.967889
channel-750,683990,30331268,30331280,12,2025-02-25 14:48:30.833792,2025-02-25 14:48:47.039727,16.205935
channel-85077,60785,30331268,30331276,8,2025-02-25 14:48:30.833792,2025-02-25 14:48:40.900148,10.066356
channel-6994,1325445,30331280,30331290,10,2025-02-25 14:48:47.039727,2025-02-25 14:48:59.128225,12.088498
channel-326,538343,30331280,30331290,10,2025-02-25 14:48:47.039727,2025-02-25 14:48:59.128225,12.088498
channel-208,1490748,30331282,30331293,11,2025-02-25 14:48:49.380504,2025-02-25 14:49:03.712970,14.332466
channel-0,4039657,30331283,30331294,11,2025-02-25 14:48:50.459130,2025-02-25 14:49:04.827881,14.368751
channel-6994,1325446,30331286,30331294,8,2025-02-25 14:48:54.189355,2025-02-25 14:49:04.827881,10.638526
channel-6994,1325447,30331286,30331294,8,2025-02-25 14:48:54.189355,2025-02-25 14:49:04.827881,10.638526
channel-208,1490749,30331287,30331295,8,2025-02-25 14:48:55.576010,2025-02-25 14:49:07.506903,11.930893
channel-874,293368,30331290,30331294,4,2025-02-25 14:48:59.128225,2025-02-25 14:49:04.827881,5.699656
channel-874,293369,30331290,30331294,4,2025-02-25 14:48:59.128225,2025-02-25 14:49:04.827881,5.699656
channel-208,1490750,30331292,30331301,9,2025-02-25 14:49:02.606123,2025-02-25 14:49:14.169972,11.563849
channel-874,293370,30331294,30331304,10,2025-02-25 14:49:04.827881,2025-02-25 14:49:17.680857,12.852976
channel-75,845258,30331295,30331302,7,2025-02-25 14:49:07.506903,2025-02-25 14:49:15.325971,7.819068
channel-6994,1325448,30331297,30331309,12,2025-02-25 14:49:09.780922,2025-02-25 14:49:23.268075,13.487153
channel-85077,60786,30331297,30331306,9,2025-02-25 14:49:09.780922,2025-02-25 14:49:19.956235,10.175313
channel-85077,60787,30331298,30331309,11,2025-02-25 14:49:10.926400,2025-02-25 14:49:23.268075,12.341675
channel-208,1490751,30331298,30331309,11,2025-02-25 14:49:10.926400,2025-02-25 14:49:23.268075,12.341675
channel-4,167043,30331306,30331315,9,2025-02-25 14:49:19.956235,2025-02-25 14:49:31.755050,11.798815
channel-6994,1325449,30331310,30331351,41,2025-02-25 14:49:25.352742,2025-02-25 14:50:16.800536,51.447794
channel-208,1490752,30331316,30331329,13,2025-02-25 14:49:32.949595,2025-02-25 14:49:48.192378,15.242783
channel-216,94282,30331318,30331369,51,2025-02-25 14:49:35.118712,2025-02-25 14:50:39.236802,64.11809
channel-85077,60788,30331322,30331331,9,2025-02-25 14:49:39.563658,2025-02-25 14:49:50.562720,10.999062
channel-326,538344,30331324,30331334,10,2025-02-25 14:49:42.005603,2025-02-25 14:49:54.164580,12.158977
channel-6994,1325450,30331326,30331337,11,2025-02-25 14:49:44.692011,2025-02-25 14:49:57.875172,13.183161
channel-0,4039658,30331330,30331354,24,2025-02-25 14:49:49.392794,2025-02-25 14:50:20.381689,30.988895
channel-6994,1325451,30331330,30331346,16,2025-02-25 14:49:49.392794,2025-02-25 14:50:11.066774,21.67398
channel-216,94283,30331330,30331369,39,2025-02-25 14:49:49.392794,2025-02-25 14:50:39.236802,49.844008
channel-874,293371,30331332,30331337,5,2025-02-25 14:49:51.683730,2025-02-25 14:49:57.875172,6.191442
channel-750,683991,30331333,30331343,10,2025-02-25 14:49:53.060650,2025-02-25 14:50:06.974427,13.913777
channel-85077,60789,30331334,30331343,9,2025-02-25 14:49:54.164580,2025-02-25 14:50:06.974427,12.809847
channel-6994,1325452,30331335,30331346,11,2025-02-25 14:49:55.642375,2025-02-25 14:50:11.066774,15.424399
channel-85077,60790,30331340,30331351,11,2025-02-25 14:50:02.315863,2025-02-25 14:50:16.800536,14.484673
channel-6994,1325453,30331341,30331351,10,2025-02-25 14:50:04.562950,2025-02-25 14:50:16.800536,12.237586
channel-782,310261,30331346,30331355,9,2025-02-25 14:50:11.066774,2025-02-25 14:50:21.647568,10.580794
channel-6994,1325454,30331346,30331355,9,2025-02-25 14:50:11.066774,2025-02-25 14:50:21.647568,10.580794
channel-750,683992,30331346,30331351,5,2025-02-25 14:50:11.066774,2025-02-25 14:50:16.800536,5.733762
channel-874,293372,30331350,30331362,12,2025-02-25 14:50:15.682168,2025-02-25 14:50:30.953833,15.271665
channel-75755,5548,30331352,30331369,17,2025-02-25 14:50:18.166345,2025-02-25 14:50:39.236802,21.070457
channel-874,293373,30331355,30331363,8,2025-02-25 14:50:21.647568,2025-02-25 14:50:32.096886,10.449318
channel-874,293374,30331366,30331370,4,2025-02-25 14:50:35.698657,2025-02-25 14:50:41.441295,5.742638
channel-216,94284,30331369,30331406,37,2025-02-25 14:50:39.236802,2025-02-25 14:51:31.091098,51.854296
channel-6994,1325455,30331371,30331381,10,2025-02-25 14:50:42.582234,2025-02-25 14:50:55.830328,13.248094
channel-326,538345,30331372,30331378,6,2025-02-25 14:50:43.796507,2025-02-25 14:50:51.520037,7.72353
channel-1,408583,30331374,30331381,7,2025-02-25 14:50:46.005947,2025-02-25 14:50:55.830328,9.824381
channel-874,293375,30331374,30331380,6,2025-02-25 14:50:46.005947,2025-02-25 14:50:54.571560,8.565613
channel-750,683993,30331375,30331379,4,2025-02-25 14:50:47.098165,2025-02-25 14:50:52.917540,5.819375
channel-2188,43836,30331381,30331384,3,2025-02-25 14:50:55.830328,2025-02-25 14:51:01.966262,6.135934
channel-1,408584,30331383,30331394,11,2025-02-25 14:50:59.239240,2025-02-25 14:51:17.039684,17.800444
channel-326,538346,30331383,30331388,5,2025-02-25 14:50:59.239240,2025-02-25 14:51:06.581623,7.342383
channel-340,3195,30331385,30331390,5,2025-02-25 14:51:03.209759,2025-02-25 14:51:10.964647,7.754888
channel-874,293376,30331387,30331393,6,2025-02-25 14:51:05.425130,2025-02-25 14:51:15.417393,9.992263
channel-6994,1325456,30331388,30331426,38,2025-02-25 14:51:06.581623,2025-02-25 14:51:56.330844,49.749221
channel-75,845259,30331389,30331398,9,2025-02-25 14:51:08.813037,2025-02-25 14:51:21.674112,12.861075
channel-6994,1325457,30331391,30331402,11,2025-02-25 14:51:12.075435,2025-02-25 14:51:26.501045,14.42561
channel-0,4039659,30331393,30331408,15,2025-02-25 14:51:15.417393,2025-02-25 14:51:33.271172,17.853779
channel-874,293377,30331393,30331400,7,2025-02-25 14:51:15.417393,2025-02-25 14:51:24.011226,8.593833
channel-199,132819,30331396,30331407,11,2025-02-25 14:51:19.209148,2025-02-25 14:51:32.152417,12.943269
channel-326,538347,30331397,30331403,6,2025-02-25 14:51:20.565176,2025-02-25 14:51:27.686921,7.121745
channel-874,293378,30331398,30331409,11,2025-02-25 14:51:21.674112,2025-02-25 14:51:34.489232,12.81512
channel-874,293379,30331400,30331409,9,2025-02-25 14:51:24.011226,2025-02-25 14:51:34.489232,10.478006
channel-85077,60791,30331416,30331426,10,2025-02-25 14:51:43.484564,2025-02-25 14:51:56.330844,12.84628
channel-874,293380,30331416,30331424,8,2025-02-25 14:51:43.484564,2025-02-25 14:51:54.032948,10.548384
channel-750,683994,30331416,30331425,9,2025-02-25 14:51:43.484564,2025-02-25 14:51:55.216934,11.73237
channel-326,538348,30331418,30331423,5,2025-02-25 14:51:46.013901,2025-02-25 14:51:52.957467,6.943566
channel-85077,60792,30331419,30331429,10,2025-02-25 14:51:48.121082,2025-02-25 14:51:59.679258,11.558176
channel-6994,1325458,30331428,30331438,10,2025-02-25 14:51:58.592705,2025-02-25 14:52:12.204019,13.611314
channel-874,293381,30331434,30331440,6,2025-02-25 14:52:06.558194,2025-02-25 14:52:14.418131,7.859937
channel-874,293382,30331435,30331441,6,2025-02-25 14:52:07.694969,2025-02-25 14:52:15.480878,7.785909
channel-77,50268,30331439,30331447,8,2025-02-25 14:52:13.314640,2025-02-25 14:52:23.502526,10.187886
channel-0,4039660,30331447,30331459,12,2025-02-25 14:52:23.502526,2025-02-25 14:52:36.833021,13.330495
channel-874,293383,30331447,30331454,7,2025-02-25 14:52:23.502526,2025-02-25 14:52:31.302748,7.800222
channel-6994,1325459,30331453,30331488,35,2025-02-25 14:52:30.189852,2025-02-25 14:53:17.760030,47.570178
channel-122,668242,30331454,30331459,5,2025-02-25 14:52:31.302748,2025-02-25 14:52:36.833021,5.530273
channel-85077,60793,30331456,30331464,8,2025-02-25 14:52:33.551574,2025-02-25 14:52:42.601486,9.049912
channel-0,4039661,30331456,30331465,9,2025-02-25 14:52:33.551574,2025-02-25 14:52:44.654440,11.102866
channel-874,293384,30331456,30331466,10,2025-02-25 14:52:33.551574,2025-02-25 14:52:45.944545,12.392971
channel-750,683995,30331460,30331474,14,2025-02-25 14:52:37.979206,2025-02-25 14:52:59.968825,21.989619
channel-326,538349,30331464,30331469,5,2025-02-25 14:52:42.601486,2025-02-25 14:52:50.897725,8.296239
channel-1424,7356,30331470,30331478,8,2025-02-25 14:52:55.243855,2025-02-25 14:53:05.180989,9.937134
channel-750,683996,30331470,30331475,5,2025-02-25 14:52:55.243855,2025-02-25 14:53:01.089989,5.846134
channel-1,408585,30331471,30331482,11,2025-02-25 14:52:56.303549,2025-02-25 14:53:10.794974,14.491425
channel-874,293385,30331471,30331476,5,2025-02-25 14:52:56.303549,2025-02-25 14:53:02.843495,6.539946
channel-0,4039662,30331472,30331494,22,2025-02-25 14:52:57.627483,2025-02-25 14:53:26.402065,28.774582
channel-750,683997,30331472,30331496,24,2025-02-25 14:52:57.627483,2025-02-25 14:53:28.600699,30.973216
channel-0,4039663,30331475,30331499,24,2025-02-25 14:53:01.089989,2025-02-25 14:53:32.000286,30.910297
channel-874,293386,30331476,30331483,7,2025-02-25 14:53:02.843495,2025-02-25 14:53:11.998872,9.155377
channel-1,408586,30331479,30331492,13,2025-02-25 14:53:06.308564,2025-02-25 14:53:23.029366,16.720802
channel-259,314425,30331484,30331490,6,2025-02-25 14:53:13.136702,2025-02-25 14:53:20.556116,7.419414
channel-0,4039664,30331486,30331494,8,2025-02-25 14:53:15.525749,2025-02-25 14:53:26.402065,10.876316
channel-750,683998,30331493,30331498,5,2025-02-25 14:53:25.247687,2025-02-25 14:53:30.861688,5.614001
channel-874,293387,30331496,30331503,7,2025-02-25 14:53:28.600699,2025-02-25 14:53:37.465057,8.864358
channel-75016,4666,30331498,30331515,17,2025-02-25 14:53:30.861688,2025-02-25 14:53:52.783168,21.92148
channel-208,1490753,30331498,30331506,8,2025-02-25 14:53:30.861688,2025-02-25 14:53:40.806967,9.945279
channel-783,104350,30331498,30331504,6,2025-02-25 14:53:30.861688,2025-02-25 14:53:38.602516,7.740828
channel-874,293388,30331499,30331505,6,2025-02-25 14:53:32.000286,2025-02-25 14:53:39.686368,7.686082
channel-91017,2905,30331504,30331515,11,2025-02-25 14:53:38.602516,2025-02-25 14:53:52.783168,14.180652
channel-122,668243,30331507,30331510,3,2025-02-25 14:53:41.908733,2025-02-25 14:53:46.627984,4.719251
channel-326,538350,30331509,30331524,15,2025-02-25 14:53:44.845855,2025-02-25 14:54:04.817613,19.971758
channel-1424,7357,30331509,30331517,8,2025-02-25 14:53:44.845855,2025-02-25 14:53:56.855713,12.009858
channel-874,293389,30331510,30331515,5,2025-02-25 14:53:46.627984,2025-02-25 14:53:52.783168,6.155184
channel-874,293390,30331511,30331516,5,2025-02-25 14:53:47.933968,2025-02-25 14:53:55.744477,7.810509
channel-122,668244,30331515,30331520,5,2025-02-25 14:53:52.783168,2025-02-25 14:54:00.310634,7.527466
channel-229,55041,30331521,30331530,9,2025-02-25 14:54:01.421934,2025-02-25 14:54:12.758483,11.336549
channel-874,293391,30331521,30331530,9,2025-02-25 14:54:01.421934,2025-02-25 14:54:12.758483,11.336549
channel-85077,60794,30331523,30331532,9,2025-02-25 14:54:03.727552,2025-02-25 14:54:16.349202,12.62165
channel-208,1490754,30331525,30331532,7,2025-02-25 14:54:05.927512,2025-02-25 14:54:16.349202,10.42169
channel-6994,1325460,30331531,30331564,33,2025-02-25 14:54:15.143353,2025-02-25 14:54:58.389566,43.246213
channel-750,683999,30331539,30331546,7,2025-02-25 14:54:24.504734,2025-02-25 14:54:33.632090,9.127356
channel-782,310262,30331545,30331553,8,2025-02-25 14:54:32.500394,2025-02-25 14:54:43.183671,10.683277
channel-85077,60795,30331547,30331556,9,2025-02-25 14:54:34.906948,2025-02-25 14:54:46.793452,11.886504
channel-874,293392,30331547,30331555,8,2025-02-25 14:54:34.906948,2025-02-25 14:54:45.547229,10.640281
channel-874,293393,30331547,30331555,8,2025-02-25 14:54:34.906948,2025-02-25 14:54:45.547229,10.640281
channel-208,1490755,30331556,30331568,12,2025-02-25 14:54:46.793452,2025-02-25 14:55:03.910618,17.117166
channel-642,126534,30331557,30331585,28,2025-02-25 14:54:49.468369,2025-02-25 14:55:26.927808,37.459439
channel-85077,60796,30331559,30331569,10,2025-02-25 14:54:52.769472,2025-02-25 14:55:05.297484,12.528012
channel-874,293394,30331563,30331581,18,2025-02-25 14:54:57.298180,2025-02-25 14:55:22.025083,24.726903
channel-122,668245,30331564,30331568,4,2025-02-25 14:54:58.389566,2025-02-25 14:55:03.910618,5.521052
channel-0,4039665,30331574,30331583,9,2025-02-25 14:55:10.845854,2025-02-25 14:55:24.276210,13.430356
channel-4,167044,30331577,30331588,11,2025-02-25 14:55:15.386234,2025-02-25 14:55:30.304731,14.918497
channel-750,684000,30331578,30331581,3,2025-02-25 14:55:17.197793,2025-02-25 14:55:22.025083,4.82729
channel-642,126535,30331580,30331613,33,2025-02-25 14:55:19.554497,2025-02-25 14:56:02.165023,42.610526
channel-85077,60797,30331581,30331591,10,2025-02-25 14:55:22.025083,2025-02-25 14:55:33.621608,11.596525
channel-6787,166775,30331583,30331588,5,2025-02-25 14:55:24.276210,2025-02-25 14:55:30.304731,6.028521
channel-208,1490756,30331584,30331595,11,2025-02-25 14:55:25.687235,2025-02-25 14:55:39.282305,13.59507
channel-0,4039666,30331592,30331604,12,2025-02-25 14:55:34.806138,2025-02-25 14:55:50.965749,16.159611
channel-874,293395,30331592,30331597,5,2025-02-25 14:55:34.806138,2025-02-25 14:55:41.765975,6.959837
channel-750,684001,30331594,30331605,11,2025-02-25 14:55:37.059819,2025-02-25 14:55:52.194905,15.135086
channel-0,4039667,30331595,30331604,9,2025-02-25 14:55:39.282305,2025-02-25 14:55:50.965749,11.683444
channel-4,167045,30331596,30331607,11,2025-02-25 14:55:40.520251,2025-02-25 14:55:54.653919,14.133668
channel-6994,1325461,30331599,30331612,13,2025-02-25 14:55:45.126040,2025-02-25 14:56:00.950928,15.824888
channel-750,684002,30331599,30331609,10,2025-02-25 14:55:45.126040,2025-02-25 14:55:57.499684,12.373644
channel-6994,1325462,30331600,30331612,12,2025-02-25 14:55:46.285930,2025-02-25 14:56:00.950928,14.664998
channel-750,684003,30331604,30331608,4,2025-02-25 14:55:50.965749,2025-02-25 14:55:55.776787,4.811038
channel-6787,166776,30331607,30331611,4,2025-02-25 14:55:54.653919,2025-02-25 14:55:59.749763,5.095844
channel-85077,60798,30331613,30331621,8,2025-02-25 14:56:02.165023,2025-02-25 14:56:11.588220,9.423197
channel-6787,166777,30331620,30331626,6,2025-02-25 14:56:10.479336,2025-02-25 14:56:17.224995,6.745659
channel-85077,60799,30331623,30331633,10,2025-02-25 14:56:13.853322,2025-02-25 14:56:27.234977,13.381655
channel-874,293396,30331626,30331632,6,2025-02-25 14:56:17.224995,2025-02-25 14:56:26.117563,8.892568
channel-874,293397,30331630,30331636,6,2025-02-25 14:56:23.848513,2025-02-25 14:56:31.043772,7.195259
channel-208,1490757,30331632,30331645,13,2025-02-25 14:56:26.117563,2025-02-25 14:56:41.880782,15.763219
channel-85077,60800,30331634,30331647,13,2025-02-25 14:56:28.295500,2025-02-25 14:56:44.246456,15.950956
channel-750,684004,30331635,30331647,12,2025-02-25 14:56:29.907524,2025-02-25 14:56:44.246456,14.338932
channel-75,845260,30331639,30331645,6,2025-02-25 14:56:34.460033,2025-02-25 14:56:41.880782,7.420749
channel-85077,60801,30331645,30331657,12,2025-02-25 14:56:41.880782,2025-02-25 14:56:57.246638,15.365856
channel-85077,60802,30331648,30331661,13,2025-02-25 14:56:47.084487,2025-02-25 14:57:01.792945,14.708458
channel-0,4039668,30331652,30331668,16,2025-02-25 14:56:51.826019,2025-02-25 14:57:09.874037,18.048018
channel-122,668246,30331661,30331683,22,2025-02-25 14:57:01.792945,2025-02-25 14:57:33.536694,31.743749
channel-874,293398,30331666,30331676,10,2025-02-25 14:57:07.616748,2025-02-25 14:57:19.474081,11.857333
channel-85077,60803,30331667,30331677,10,2025-02-25 14:57:08.675560,2025-02-25 14:57:20.646400,11.97084
channel-89321,19508,30331673,30331679,6,2025-02-25 14:57:15.620186,2025-02-25 14:57:24.131109,8.510923
channel-6787,166778,30331675,30331679,4,2025-02-25 14:57:17.833265,2025-02-25 14:57:24.131109,6.297844
channel-750,684005,30331678,30331682,4,2025-02-25 14:57:21.785605,2025-02-25 14:57:32.424238,10.638633
channel-0,4039669,30331687,30331697,10,2025-02-25 14:57:38.283774,2025-02-25 14:57:52.016183,13.732409
channel-874,293399,30331688,30331692,4,2025-02-25 14:57:39.550368,2025-02-25 14:57:46.207434,6.657066
channel-874,293400,30331699,30331705,6,2025-02-25 14:57:54.646030,2025-02-25 14:58:01.458334,6.812304
channel-782,310263,30331707,30331715,8,2025-02-25 14:58:03.733774,2025-02-25 14:58:14.543456,10.809682
channel-85077,60804,30331711,30331719,8,2025-02-25 14:58:09.142124,2025-02-25 14:58:19.634402,10.492278
channel-782,310264,30331719,30331724,5,2025-02-25 14:58:19.634402,2025-02-25 14:58:25.566429,5.932027
channel-6994,1325463,30331720,30331728,8,2025-02-25 14:58:20.923194,2025-02-25 14:58:33.342755,12.419561
channel-85077,60805,30331724,30331731,7,2025-02-25 14:58:25.566429,2025-02-25 14:58:40.859662,15.293233
channel-874,293401,30331724,30331728,4,2025-02-25 14:58:25.566429,2025-02-25 14:58:33.342755,7.776326
channel-874,293402,30331728,30331734,6,2025-02-25 14:58:33.342755,2025-02-25 14:58:44.358583,11.015828
channel-85077,60806,30331728,30331741,13,2025-02-25 14:58:33.342755,2025-02-25 14:58:52.898098,19.555343
channel-85077,60807,30331728,30331741,13,2025-02-25 14:58:33.342755,2025-02-25 14:58:52.898098,19.555343
channel-85077,60808,30331733,30331760,27,2025-02-25 14:58:43.208855,2025-02-25 14:59:16.660146,33.451291
channel-208,1490758,30331734,30331747,13,2025-02-25 14:58:44.358583,2025-02-25 14:59:00.439223,16.08064
channel-85077,60809,30331737,30331749,12,2025-02-25 14:58:48.264470,2025-02-25 14:59:02.820063,14.555593
channel-85077,60810,30331747,30331757,10,2025-02-25 14:59:00.439223,2025-02-25 14:59:12.974078,12.534855
channel-874,293403,30331750,30331758,8,2025-02-25 14:59:04.028938,2025-02-25 14:59:14.138221,10.109283
channel-750,684006,30331754,30331759,5,2025-02-25 14:59:09.547188,2025-02-25 14:59:15.288377,5.741189
channel-874,293404,30331759,30331765,6,2025-02-25 14:59:15.288377,2025-02-25 14:59:22.483978,7.195601
channel-85077,60811,30331759,30331773,14,2025-02-25 14:59:15.288377,2025-02-25 14:59:33.855556,18.567179
channel-783,104351,30331764,30331771,7,2025-02-25 14:59:21.184229,2025-02-25 14:59:30.321199,9.13697
channel-82,18962,30331765,30331806,41,2025-02-25 14:59:22.483978,2025-02-25 15:00:14.308800,51.824822
channel-6787,166779,30331770,30331774,4,2025-02-25 14:59:29.166653,2025-02-25 14:59:35.538978,6.372325
channel-208,1490759,30331772,30331785,13,2025-02-25 14:59:32.668929,2025-02-25 14:59:48.014032,15.345103
channel-85077,60812,30331781,30331801,20,2025-02-25 14:59:43.298226,2025-02-25 15:00:07.387795,24.089569
channel-208,1490760,30331782,30331794,12,2025-02-25 14:59:44.533161,2025-02-25 14:59:59.194323,14.661162
channel-750,684007,30331783,30331788,5,2025-02-25 14:59:45.594372,2025-02-25 14:59:52.342616,6.748244
channel-642,126536,30331787,30331801,14,2025-02-25 14:59:51.221151,2025-02-25 15:00:07.387795,16.166644
channel-0,4039670,30331789,30331813,24,2025-02-25 14:59:53.483362,2025-02-25 15:00:24.825391,31.342029
channel-85077,60813,30331791,30331810,19,2025-02-25 14:59:55.779912,2025-02-25 15:00:18.892962,23.11305
channel-0,4039671,30331794,30331804,10,2025-02-25 14:59:59.194323,2025-02-25 15:00:11.143436,11.949113
channel-85077,60814,30331810,30331817,7,2025-02-25 15:00:18.892962,2025-02-25 15:00:30.320607,11.427645
channel-208,1490761,30331812,30331820,8,2025-02-25 15:00:22.745984,2025-02-25 15:00:34.710752,11.964768
channel-251,85267,30331828,30331840,12,2025-02-25 15:00:44.959599,2025-02-25 15:00:59.690874,14.731275
channel-208,1490762,30331830,30331843,13,2025-02-25 15:00:47.177722,2025-02-25 15:01:03.713872,16.53615
channel-85077,60815,30331831,30331839,8,2025-02-25 15:00:49.429275,2025-02-25 15:00:58.492924,9.063649
channel-85077,60816,30331833,30331853,20,2025-02-25 15:00:51.672685,2025-02-25 15:01:17.015184,25.342499
channel-208,1490763,30331838,30331847,9,2025-02-25 15:00:57.390960,2025-02-25 15:01:08.942414,11.551454
channel-75,845261,30331841,30331848,7,2025-02-25 15:01:01.384721,2025-02-25 15:01:11.188566,9.803845
channel-208,1490764,30331845,30331857,12,2025-02-25 15:01:06.680352,2025-02-25 15:01:21.717902,15.03755
channel-85077,60817,30331845,30331855,10,2025-02-25 15:01:06.680352,2025-02-25 15:01:19.558285,12.877933
channel-750,684008,30331849,30331854,5,2025-02-25 15:01:12.334408,2025-02-25 15:01:18.327993,5.993585
channel-85077,60818,30331849,30331863,14,2025-02-25 15:01:12.334408,2025-02-25 15:01:28.685970,16.351562
channel-874,293405,30331850,30331856,6,2025-02-25 15:01:13.485134,2025-02-25 15:01:20.635748,7.150614
channel-208,1490765,30331850,30331862,12,2025-02-25 15:01:13.485134,2025-02-25 15:01:27.468293,13.983159
channel-874,293406,30331851,30331858,7,2025-02-25 15:01:14.688698,2025-02-25 15:01:22.918232,8.229534
channel-85077,60819,30331852,30331869,17,2025-02-25 15:01:15.914859,2025-02-25 15:01:37.340839,21.42598
channel-0,4039672,30331855,30331865,10,2025-02-25 15:01:19.558285,2025-02-25 15:01:31.715942,12.157657
channel-6994,1325464,30331859,30331893,34,2025-02-25 15:01:24.068059,2025-02-25 15:02:12.199784,48.131725
channel-85077,60820,30331864,30331881,17,2025-02-25 15:01:30.161347,2025-02-25 15:01:56.369695,26.208348
channel-782,310265,30331867,30331874,7,2025-02-25 15:01:34.029995,2025-02-25 15:01:43.731703,9.701708
channel-85077,60821,30331868,30331881,13,2025-02-25 15:01:35.079400,2025-02-25 15:01:56.369695,21.290295
channel-75,845262,30331888,30331896,8,2025-02-25 15:02:04.568731,2025-02-25 15:02:15.809713,11.240982
channel-6994,1325465,30331896,30331923,27,2025-02-25 15:02:15.809713,2025-02-25 15:02:50.553082,34.743369
channel-6994,1325466,30331899,30331910,11,2025-02-25 15:02:19.080258,2025-02-25 15:02:33.942410,14.862152
channel-122,668247,30331899,30331903,4,2025-02-25 15:02:19.080258,2025-02-25 15:02:25.293126,6.212868
channel-0,4039673,30331900,30331911,11,2025-02-25 15:02:21.828405,2025-02-25 15:02:35.220114,13.391709
channel-79180,3378,30331900,30331915,15,2025-02-25 15:02:21.828405,2025-02-25 15:02:39.769781,17.941376
channel-783,104352,30331905,30331914,9,2025-02-25 15:02:27.567121,2025-02-25 15:02:38.594631,11.02751
channel-0,4039674,30331913,30331925,12,2025-02-25 15:02:37.434823,2025-02-25 15:02:53.909865,16.475042
channel-85077,60822,30331914,30331927,13,2025-02-25 15:02:38.594631,2025-02-25 15:02:56.187890,17.593259
channel-0,4039675,30331922,30331931,9,2025-02-25 15:02:49.459150,2025-02-25 15:03:00.729837,11.270687
channel-782,310266,30331922,30331930,8,2025-02-25 15:02:49.459150,2025-02-25 15:02:59.611836,10.152686
channel-0,4039676,30331924,30331934,10,2025-02-25 15:02:51.766268,2025-02-25 15:03:04.455650,12.689382
channel-6994,1325467,30331934,30331945,11,2025-02-25 15:03:04.455650,2025-02-25 15:03:18.999688,14.544038
channel-6994,1325468,30331935,30331945,10,2025-02-25 15:03:05.573387,2025-02-25 15:03:18.999688,13.426301
channel-0,4039677,30331937,30331948,11,2025-02-25 15:03:08.189006,2025-02-25 15:03:22.345290,14.156284
channel-6994,1325469,30331942,30331976,34,2025-02-25 15:03:15.595216,2025-02-25 15:03:56.804731,41.209515
channel-750,684009,30331943,30331948,5,2025-02-25 15:03:16.783164,2025-02-25 15:03:22.345290,5.562126
channel-85077,60823,30331946,30331957,11,2025-02-25 15:03:20.119337,2025-02-25 15:03:32.819947,12.70061
channel-783,104353,30331957,30331966,9,2025-02-25 15:03:32.819947,2025-02-25 15:03:43.270004,10.450057
channel-750,684010,30331959,30331975,16,2025-02-25 15:03:35.042248,2025-02-25 15:03:55.621971,20.579723
channel-750,684011,30331962,30331975,13,2025-02-25 15:03:38.550170,2025-02-25 15:03:55.621971,17.071801
channel-0,4039678,30331964,30331973,9,2025-02-25 15:03:40.978960,2025-02-25 15:03:53.373296,12.394336
channel-75,845263,30331965,30331972,7,2025-02-25 15:03:42.179975,2025-02-25 15:03:51.577726,9.397751
channel-750,684012,30331965,30331975,10,2025-02-25 15:03:42.179975,2025-02-25 15:03:55.621971,13.441996
channel-6994,1325470,30331966,30331976,10,2025-02-25 15:03:43.270004,2025-02-25 15:03:56.804731,13.534727
channel-208,1490766,30331973,30331986,13,2025-02-25 15:03:53.373296,2025-02-25 15:04:08.349828,14.976532
channel-85791,3777,30331978,30331984,6,2025-02-25 15:03:59.125583,2025-02-25 15:04:05.911923,6.78634
channel-108,39864,30331986,30332033,47,2025-02-25 15:04:08.349828,2025-02-25 15:05:13.581637,65.231809
channel-208,1490767,30331986,30331997,11,2025-02-25 15:04:08.349828,2025-02-25 15:04:27.194156,18.844328
channel-208,1490768,30331988,30331997,9,2025-02-25 15:04:14.791854,2025-02-25 15:04:27.194156,12.402302
channel-750,684013,30331988,30331994,6,2025-02-25 15:04:14.791854,2025-02-25 15:04:21.923391,7.131537
channel-0,4039679,30331990,30332000,10,2025-02-25 15:04:17.051209,2025-02-25 15:04:30.923529,13.87232
channel-750,684014,30331990,30331998,8,2025-02-25 15:04:17.051209,2025-02-25 15:04:28.459867,11.408658
channel-85077,60824,30331999,30332008,9,2025-02-25 15:04:29.782236,2025-02-25 15:04:42.538859,12.756623
channel-208,1490769,30332009,30332019,10,2025-02-25 15:04:43.635819,2025-02-25 15:04:55.984262,12.348443
channel-0,4039680,30332016,30332025,9,2025-02-25 15:04:52.491820,2025-02-25 15:05:04.381932,11.890112
channel-6994,1325471,30332019,30332031,12,2025-02-25 15:04:55.984262,2025-02-25 15:05:11.299137,15.314875
channel-0,4039681,30332019,30332031,12,2025-02-25 15:04:55.984262,2025-02-25 15:05:11.299137,15.314875
channel-89321,19509,30332027,30332043,16,2025-02-25 15:05:06.753810,2025-02-25 15:05:27.039649,20.285839
channel-0,4039682,30332027,30332040,13,2025-02-25 15:05:06.753810,2025-02-25 15:05:23.256201,16.502391
channel-0,4039683,30332030,30332040,10,2025-02-25 15:05:10.050483,2025-02-25 15:05:23.256201,13.205718
channel-19774,346118,30332034,30332044,10,2025-02-25 15:05:14.730052,2025-02-25 15:05:28.308070,13.578018
channel-326,538351,30332035,30332041,6,2025-02-25 15:05:15.824027,2025-02-25 15:05:24.611646,8.787619
channel-0,4039684,30332038,30332048,10,2025-02-25 15:05:20.494996,2025-02-25 15:05:32.895515,12.400519
channel-782,310267,30332038,30332043,5,2025-02-25 15:05:20.494996,2025-02-25 15:05:27.039649,6.544653
channel-0,4039685,30332039,30332048,9,2025-02-25 15:05:21.590892,2025-02-25 15:05:32.895515,11.304623
channel-165,71460,30332046,30332055,9,2025-02-25 15:05:30.647296,2025-02-25 15:05:41.993993,11.346697
channel-0,4039686,30332048,30332058,10,2025-02-25 15:05:32.895515,2025-02-25 15:05:45.386641,12.491126
channel-0,4039687,30332049,30332058,9,2025-02-25 15:05:34.051699,2025-02-25 15:05:45.386641,11.334942
channel-4,167046,30332051,30332061,10,2025-02-25 15:05:37.448362,2025-02-25 15:05:48.785160,11.336798
channel-208,1490770,30332057,30332069,12,2025-02-25 15:05:44.306563,2025-02-25 15:05:59.867072,15.560509
channel-0,4039688,30332064,30332076,12,2025-02-25 15:05:53.250715,2025-02-25 15:06:08.438840,15.188125
channel-0,4039689,30332066,30332076,10,2025-02-25 15:05:56.628088,2025-02-25 15:06:08.438840,11.810752
channel-75755,5549,30332076,30332087,11,2025-02-25 15:06:08.438840,2025-02-25 15:06:26.752403,18.313563
channel-75,845264,30332080,30332086,6,2025-02-25 15:06:17.307418,2025-02-25 15:06:25.603607,8.296189
channel-6994,1325472,30332080,30332091,11,2025-02-25 15:06:17.307418,2025-02-25 15:06:31.502347,14.194929
channel-85077,60825,30332081,30332091,10,2025-02-25 15:06:19.533556,2025-02-25 15:06:31.502347,11.968791
channel-208,1490771,30332090,30332101,11,2025-02-25 15:06:30.257070,2025-02-25 15:06:47.114784,16.857714
channel-208,1490772,30332091,30332101,10,2025-02-25 15:06:31.502347,2025-02-25 15:06:47.114784,15.612437
channel-0,4039690,30332096,30332109,13,2025-02-25 15:06:40.466995,2025-02-25 15:06:56.934269,16.467274
channel-85077,60826,30332097,30332108,11,2025-02-25 15:06:41.639998,2025-02-25 15:06:55.663590,14.023592
channel-38946,124282,30332100,30332114,14,2025-02-25 15:06:45.987489,2025-02-25 15:07:03.650255,17.662766
channel-75755,5550,30332104,30332115,11,2025-02-25 15:06:51.143126,2025-02-25 15:07:04.723538,13.580412
channel-4,167047,30332108,30332120,12,2025-02-25 15:06:55.663590,2025-02-25 15:07:11.487726,15.824136
channel-20082,9893,30332109,30332118,9,2025-02-25 15:06:56.934269,2025-02-25 15:07:09.254997,12.320728
channel-0,4039691,30332112,30332124,12,2025-02-25 15:07:00.373624,2025-02-25 15:07:15.933506,15.559882
channel-0,4039692,30332116,30332129,13,2025-02-25 15:07:05.920219,2025-02-25 15:07:22.666025,16.745806
channel-0,4039693,30332116,30332129,13,2025-02-25 15:07:05.920219,2025-02-25 15:07:22.666025,16.745806
channel-8,43467,30332123,30332143,20,2025-02-25 15:07:14.765603,2025-02-25 15:07:41.359386,26.593783
channel-208,1490773,30332130,30332142,12,2025-02-25 15:07:24.798481,2025-02-25 15:07:40.191910,15.393429
channel-208,1490774,30332132,30332142,10,2025-02-25 15:07:27.448537,2025-02-25 15:07:40.191910,12.743373
channel-75,845265,30332136,30332143,7,2025-02-25 15:07:31.814037,2025-02-25 15:07:41.359386,9.545349
channel-75755,5551,30332137,30332150,13,2025-02-25 15:07:32.995099,2025-02-25 15:07:50.616074,17.620975
channel-0,4039694,30332138,30332150,12,2025-02-25 15:07:34.874254,2025-02-25 15:07:50.616074,15.74182
channel-0,4039695,30332144,30332152,8,2025-02-25 15:07:42.474822,2025-02-25 15:07:53.005442,10.53062
channel-0,4039696,30332144,30332170,26,2025-02-25 15:07:42.474822,2025-02-25 15:08:17.537928,35.063106
channel-0,4039697,30332165,30332175,10,2025-02-25 15:08:11.976314,2025-02-25 15:08:23.779921,11.803607
channel-0,4039698,30332166,30332180,14,2025-02-25 15:08:13.041943,2025-02-25 15:08:29.726224,16.684281
channel-6994,1325473,30332180,30332191,11,2025-02-25 15:08:29.726224,2025-02-25 15:08:43.922171,14.195947
channel-75755,5552,30332182,30332193,11,2025-02-25 15:08:32.013052,2025-02-25 15:08:46.150319,14.137267
channel-89298,18712,30332183,30332194,11,2025-02-25 15:08:33.190747,2025-02-25 15:08:47.355817,14.16507
channel-6994,1325474,30332196,30332206,10,2025-02-25 15:08:49.511309,2025-02-25 15:09:01.919787,12.408478
channel-208,1490775,30332203,30332215,12,2025-02-25 15:08:58.414044,2025-02-25 15:09:13.185729,14.771685
channel-0,4039699,30332203,30332216,13,2025-02-25 15:08:58.414044,2025-02-25 15:09:14.252543,15.838499
channel-0,4039700,30332205,30332216,11,2025-02-25 15:09:00.815182,2025-02-25 15:09:14.252543,13.437361
channel-750,684015,30332207,30332217,10,2025-02-25 15:09:03.019113,2025-02-25 15:09:15.361041,12.341928
channel-750,684016,30332207,30332211,4,2025-02-25 15:09:03.019113,2025-02-25 15:09:08.557065,5.537952
channel-783,104354,30332209,30332215,6,2025-02-25 15:09:05.174630,2025-02-25 15:09:13.185729,8.011099
channel-85077,60827,30332211,30332223,12,2025-02-25 15:09:08.557065,2025-02-25 15:09:22.471525,13.91446
channel-0,4039701,30332214,30332244,30,2025-02-25 15:09:12.063577,2025-02-25 15:09:49.111241,37.047664
channel-75755,5553,30332223,30332238,15,2025-02-25 15:09:22.471525,2025-02-25 15:09:42.146131,19.674606
channel-6994,1325475,30332232,30332244,12,2025-02-25 15:09:34.988014,2025-02-25 15:09:49.111241,14.123227
channel-85077,60828,30332244,30332254,10,2025-02-25 15:09:49.111241,2025-02-25 15:10:07.051538,17.940297
channel-208,1490776,30332244,30332253,9,2025-02-25 15:09:49.111241,2025-02-25 15:10:04.893833,15.782592
channel-0,4039702,30332244,30332255,11,2025-02-25 15:09:49.111241,2025-02-25 15:10:08.153974,19.042733
channel-750,684017,30332246,30332250,4,2025-02-25 15:09:55.581611,2025-02-25 15:10:01.185178,5.603567
channel-85077,60829,30332252,30332264,12,2025-02-25 15:10:03.803216,2025-02-25 15:10:19.866684,16.063468
channel-0,4039703,30332252,30332263,11,2025-02-25 15:10:03.803216,2025-02-25 15:10:18.581773,14.778557
channel-79703,4457,30332261,30332272,11,2025-02-25 15:10:16.372877,2025-02-25 15:10:30.932837,14.55996
channel-6994,1325476,30332264,30332272,8,2025-02-25 15:10:19.866684,2025-02-25 15:10:30.932837,11.066153
channel-75,845266,30332265,30332271,6,2025-02-25 15:10:20.963314,2025-02-25 15:10:28.640914,7.6776
channel-208,1490777,30332266,30332278,12,2025-02-25 15:10:22.138971,2025-02-25 15:10:38.073311,15.93434
channel-85077,60830,30332269,30332277,8,2025-02-25 15:10:26.103772,2025-02-25 15:10:36.957528,10.853756
channel-326,538352,30332287,30332293,6,2025-02-25 15:10:49.018850,2025-02-25 15:10:56.241096,7.222246
channel-6994,1325477,30332290,30332299,9,2025-02-25 15:10:52.514682,2025-02-25 15:11:06.375538,13.860856
channel-750,684018,30332290,30332300,10,2025-02-25 15:10:52.514682,2025-02-25 15:11:07.606156,15.091474
channel-4,167048,30332298,30332308,10,2025-02-25 15:11:01.886428,2025-02-25 15:11:18.592126,16.705698
channel-0,4039704,30332300,30332310,10,2025-02-25 15:11:07.606156,2025-02-25 15:11:20.886590,13.280434
channel-85077,60831,30332303,30332315,12,2025-02-25 15:11:11.551335,2025-02-25 15:11:27.743390,16.192055
channel-85077,60832,30332307,30332342,35,2025-02-25 15:11:17.278499,2025-02-25 15:12:02.840430,45.561931
channel-1279,67137,30332309,30332338,29,2025-02-25 15:11:19.750363,2025-02-25 15:11:57.949089,38.198726
channel-0,4039705,30332316,30332329,13,2025-02-25 15:11:29.883142,2025-02-25 15:11:45.717368,15.834226
channel-122,668248,30332319,30332324,5,2025-02-25 15:11:33.272529,2025-02-25 15:11:39.012814,5.740285
channel-208,1490778,30332326,30332336,10,2025-02-25 15:11:41.145500,2025-02-25 15:11:54.071431,12.925931
channel-0,4039706,30332331,30332342,11,2025-02-25 15:11:48.040293,2025-02-25 15:12:02.840430,14.800137
channel-2494,31974,30332333,30332342,9,2025-02-25 15:11:50.225894,2025-02-25 15:12:02.840430,12.614536
channel-0,4039707,30332335,30332361,26,2025-02-25 15:11:52.364237,2025-02-25 15:12:27.341577,34.97734
channel-251,85268,30332336,30332346,10,2025-02-25 15:11:54.071431,2025-02-25 15:12:07.424775,13.353344
channel-0,4039708,30332343,30332352,9,2025-02-25 15:12:04.041603,2025-02-25 15:12:14.439127,10.397524
channel-0,4039709,30332349,30332356,7,2025-02-25 15:12:10.968182,2025-02-25 15:12:21.420492,10.45231
channel-208,1490779,30332352,30332362,10,2025-02-25 15:12:14.439127,2025-02-25 15:12:28.484404,14.045277
channel-0,4039710,30332360,30332372,12,2025-02-25 15:12:26.037560,2025-02-25 15:12:41.696192,15.658632
channel-85077,60833,30332360,30332368,8,2025-02-25 15:12:26.037560,2025-02-25 15:12:36.983773,10.946213
channel-1,408587,30332362,30332380,18,2025-02-25 15:12:28.484404,2025-02-25 15:12:52.619209,24.134805
channel-89321,19510,30332367,30332396,29,2025-02-25 15:12:35.596962,2025-02-25 15:13:11.487259,35.890297
channel-199,132820,30332371,30332380,9,2025-02-25 15:12:40.437994,2025-02-25 15:12:52.619209,12.181215
channel-0,4039711,30332374,30332384,10,2025-02-25 15:12:44.056184,2025-02-25 15:12:57.606830,13.550646
channel-6994,1325478,30332375,30332386,11,2025-02-25 15:12:45.198403,2025-02-25 15:12:59.938865,14.740462
channel-208,1490780,30332376,30332385,9,2025-02-25 15:12:46.534646,2025-02-25 15:12:58.710991,12.176345
channel-85077,60834,30332377,30332388,11,2025-02-25 15:12:48.660563,2025-02-25 15:13:02.164630,13.504067
channel-0,4039712,30332382,30332394,12,2025-02-25 15:12:55.175373,2025-02-25 15:13:09.179333,14.00396
channel-85077,60835,30332386,30332400,14,2025-02-25 15:12:59.938865,2025-02-25 15:13:16.732663,16.793798
channel-750,684019,30332387,30332396,9,2025-02-25 15:13:01.087464,2025-02-25 15:13:11.487259,10.399795
channel-1,408588,30332399,30332415,16,2025-02-25 15:13:14.851063,2025-02-25 15:13:35.034729,20.183666
channel-0,4039713,30332406,30332416,10,2025-02-25 15:13:24.835204,2025-02-25 15:13:40.422351,15.587147
channel-326,538353,30332406,30332412,6,2025-02-25 15:13:24.835204,2025-02-25 15:13:31.759770,6.924566
channel-208,1490781,30332407,30332416,9,2025-02-25 15:13:25.991504,2025-02-25 15:13:40.422351,14.430847
channel-412,64634,30332410,30332417,7,2025-02-25 15:13:29.379745,2025-02-25 15:13:41.657531,12.277786
channel-75,845267,30332411,30332427,16,2025-02-25 15:13:30.562837,2025-02-25 15:13:52.830246,22.267409
channel-412,64635,30332411,30332417,6,2025-02-25 15:13:30.562837,2025-02-25 15:13:41.657531,11.094694
channel-6994,1325479,30332417,30332427,10,2025-02-25 15:13:41.657531,2025-02-25 15:13:52.830246,11.172715
channel-208,1490782,30332436,30332448,12,2025-02-25 15:14:04.842311,2025-02-25 15:14:19.979356,15.137045
channel-75,845268,30332440,30332448,8,2025-02-25 15:14:10.379164,2025-02-25 15:14:19.979356,9.600192
channel-199,132821,30332440,30332454,14,2025-02-25 15:14:10.379164,2025-02-25 15:14:27.980504,17.60134
channel-750,684020,30332441,30332455,14,2025-02-25 15:14:11.647457,2025-02-25 15:14:32.369291,20.721834
channel-122,668249,30332449,30332453,4,2025-02-25 15:14:21.254425,2025-02-25 15:14:26.856247,5.601822
channel-0,4039714,30332454,30332463,9,2025-02-25 15:14:27.980504,2025-02-25 15:14:42.537919,14.557415
channel-85077,60836,30332455,30332463,8,2025-02-25 15:14:32.369291,2025-02-25 15:14:42.537919,10.168628
channel-208,1490783,30332457,30332468,11,2025-02-25 15:14:34.435395,2025-02-25 15:14:49.653414,15.218019
channel-85077,60837,30332464,30332481,17,2025-02-25 15:14:43.669594,2025-02-25 15:15:05.840935,22.171341
channel-412,64636,30332467,30332478,11,2025-02-25 15:14:48.018131,2025-02-25 15:15:02.218704,14.200573
channel-750,684021,30332468,30332483,15,2025-02-25 15:14:49.653414,2025-02-25 15:15:09.448918,19.795504
channel-122,668250,30332480,30332485,5,2025-02-25 15:15:04.573257,2025-02-25 15:15:11.919124,7.345867
channel-85077,60838,30332481,30332491,10,2025-02-25 15:15:05.840935,2025-02-25 15:15:18.828268,12.987333
channel-0,4039715,30332492,30332510,18,2025-02-25 15:15:19.962707,2025-02-25 15:15:44.516685,24.553978
channel-85077,60839,30332497,30332505,8,2025-02-25 15:15:25.454103,2025-02-25 15:15:37.369105,11.915002
channel-6994,1325480,30332510,30332521,11,2025-02-25 15:15:44.516685,2025-02-25 15:16:02.497140,17.980455
channel-75,845269,30332515,30332524,9,2025-02-25 15:15:51.797646,2025-02-25 15:16:05.837740,14.040094
channel-208,1490784,30332515,30332525,10,2025-02-25 15:15:51.797646,2025-02-25 15:16:07.052872,15.255226
channel-208,1490785,30332524,30332535,11,2025-02-25 15:16:05.837740,2025-02-25 15:16:18.987345,13.149605
channel-6994,1325481,30332524,30332535,11,2025-02-25 15:16:05.837740,2025-02-25 15:16:18.987345,13.149605
channel-122,668251,30332528,30332533,5,2025-02-25 15:16:10.562613,2025-02-25 15:16:16.234259,5.671646
channel-0,4039716,30332537,30332547,10,2025-02-25 15:16:24.413278,2025-02-25 15:16:36.386725,11.973447
channel-0,4039717,30332539,30332547,8,2025-02-25 15:16:26.721690,2025-02-25 15:16:36.386725,9.665035
channel-89321,19511,30332543,30332550,7,2025-02-25 15:16:31.782255,2025-02-25 15:16:41.991184,10.208929
channel-320,119262,30332546,30332570,24,2025-02-25 15:16:35.285275,2025-02-25 15:17:08.161566,32.876291
channel-88,467180,30332565,30332578,13,2025-02-25 15:17:00.895596,2025-02-25 15:17:18.561844,17.666248
channel-2188,43837,30332567,30332571,4,2025-02-25 15:17:04.798756,2025-02-25 15:17:09.351030,4.552274
channel-412,64637,30332576,30332587,11,2025-02-25 15:17:16.226360,2025-02-25 15:17:28.972234,12.745874
channel-73755,5847,30332592,30332598,6,2025-02-25 15:17:34.512930,2025-02-25 15:17:44.273634,9.760704
channel-6994,1325482,30332597,30332609,12,2025-02-25 15:17:43.030255,2025-02-25 15:17:57.169839,14.139584
channel-6994,1325483,30332601,30332614,13,2025-02-25 15:17:48.106090,2025-02-25 15:18:03.377202,15.271112
channel-2,130676,30332605,30332614,9,2025-02-25 15:17:52.777564,2025-02-25 15:18:03.377202,10.599638
channel-0,4039718,30332609,30332618,9,2025-02-25 15:17:57.169839,2025-02-25 15:18:09.195893,12.026054
channel-4,167049,30332611,30332625,14,2025-02-25 15:17:59.850763,2025-02-25 15:18:17.318814,17.468051
channel-642,126537,30332614,30332628,14,2025-02-25 15:18:03.377202,2025-02-25 15:18:20.686214,17.309012
channel-122,668252,30332619,30332623,4,2025-02-25 15:18:10.506125,2025-02-25 15:18:15.159491,4.653366
channel-208,1490786,30332620,30332629,9,2025-02-25 15:18:11.834844,2025-02-25 15:18:22.810639,10.975795
channel-85077,60840,30332630,30332641,11,2025-02-25 15:18:23.934265,2025-02-25 15:18:37.279277,13.345012
channel-208,1490787,30332633,30332643,10,2025-02-25 15:18:28.019391,2025-02-25 15:18:39.648430,11.629039
channel-42,1490073,30332644,30332657,13,2025-02-25 15:18:41.844885,2025-02-25 15:18:59.542489,17.697604
channel-85077,60841,30332645,30332653,8,2025-02-25 15:18:44.118804,2025-02-25 15:18:54.986903,10.868099
channel-326,538354,30332647,30332652,5,2025-02-25 15:18:46.794059,2025-02-25 15:18:53.857812,7.063753
channel-85077,60842,30332650,30332663,13,2025-02-25 15:18:51.528726,2025-02-25 15:19:06.366191,14.837465
channel-85077,60843,30332652,30332663,11,2025-02-25 15:18:53.857812,2025-02-25 15:19:06.366191,12.508379
channel-2,130677,30332655,30332667,12,2025-02-25 15:18:57.173645,2025-02-25 15:19:11.567551,14.393906
channel-208,1490788,30332656,30332667,11,2025-02-25 15:18:58.346923,2025-02-25 15:19:11.567551,13.220628
channel-85077,60844,30332666,30332675,9,2025-02-25 15:19:10.414400,2025-02-25 15:19:20.740057,10.325657
channel-208,1490789,30332678,30332690,12,2025-02-25 15:19:24.393778,2025-02-25 15:19:40.690899,16.297121
channel-782,310268,30332683,30332691,8,2025-02-25 15:19:31.033675,2025-02-25 15:19:41.807415,10.77374
channel-85077,60845,30332689,30332697,8,2025-02-25 15:19:39.570580,2025-02-25 15:19:50.516493,10.945913
channel-2,130678,30332689,30332697,8,2025-02-25 15:19:39.570580,2025-02-25 15:19:50.516493,10.945913
channel-2,130679,30332699,30332714,15,2025-02-25 15:19:57.107820,2025-02-25 15:20:14.263375,17.155555
channel-0,4039719,30332699,30332705,6,2025-02-25 15:19:57.107820,2025-02-25 15:20:03.785372,6.677552
channel-85077,60846,30332701,30332744,43,2025-02-25 15:19:59.420977,2025-02-25 15:20:56.573082,57.152105
channel-782,310269,30332711,30332718,7,2025-02-25 15:20:10.728877,2025-02-25 15:20:18.826094,8.097217
channel-85077,60847,30332711,30332729,18,2025-02-25 15:20:10.728877,2025-02-25 15:20:36.728522,25.999645
channel-750,684022,30332712,30332719,7,2025-02-25 15:20:12.109554,2025-02-25 15:20:19.968926,7.859372
channel-782,310270,30332715,30332719,4,2025-02-25 15:20:15.450181,2025-02-25 15:20:19.968926,4.518745
channel-412,64638,30332719,30332728,9,2025-02-25 15:20:19.968926,2025-02-25 15:20:35.512683,15.543757
channel-6994,1325484,30332719,30332730,11,2025-02-25 15:20:19.968926,2025-02-25 15:20:38.374448,18.405522
channel-6994,1325485,30332722,30332730,8,2025-02-25 15:20:26.846789,2025-02-25 15:20:38.374448,11.527659
channel-750,684023,30332723,30332727,4,2025-02-25 15:20:28.681221,2025-02-25 15:20:34.362659,5.681438
channel-85077,60848,30332726,30332736,10,2025-02-25 15:20:33.063564,2025-02-25 15:20:45.701021,12.637457
channel-6994,1325486,30332727,30332740,13,2025-02-25 15:20:34.362659,2025-02-25 15:20:50.548230,16.185571
channel-6994,1325487,30332727,30332740,13,2025-02-25 15:20:34.362659,2025-02-25 15:20:50.548230,16.185571
channel-85077,60849,30332728,30332741,13,2025-02-25 15:20:35.512683,2025-02-25 15:20:51.756409,16.243726
channel-88,467181,30332733,30332755,22,2025-02-25 15:20:42.112200,2025-02-25 15:21:10.467781,28.355581
channel-91017,2906,30332735,30332755,20,2025-02-25 15:20:44.626569,2025-02-25 15:21:10.467781,25.841212
channel-6994,1325488,30332735,30332743,8,2025-02-25 15:20:44.626569,2025-02-25 15:20:55.388898,10.762329
channel-6787,166780,30332736,30332740,4,2025-02-25 15:20:45.701021,2025-02-25 15:20:50.548230,4.847209
channel-320,119263,30332737,30332762,25,2025-02-25 15:20:46.847809,2025-02-25 15:21:19.690707,32.842898
channel-143,128434,30332740,30332769,29,2025-02-25 15:20:50.548230,2025-02-25 15:21:30.791345,40.243115
channel-19774,346119,30332744,30332755,11,2025-02-25 15:20:56.573082,2025-02-25 15:21:10.467781,13.894699
channel-412,64639,30332747,30332759,12,2025-02-25 15:20:59.861918,2025-02-25 15:21:16.025002,16.163084
channel-750,684024,30332750,30332761,11,2025-02-25 15:21:03.474713,2025-02-25 15:21:18.316219,14.841506
channel-0,4039720,30332752,30332765,13,2025-02-25 15:21:05.833647,2025-02-25 15:21:23.632295,17.798648
channel-2494,31975,30332755,30332766,11,2025-02-25 15:21:10.467781,2025-02-25 15:21:24.734750,14.266969
channel-0,4039721,30332764,30332773,9,2025-02-25 15:21:22.486215,2025-02-25 15:21:35.545124,13.058909
channel-6994,1325489,30332764,30332772,8,2025-02-25 15:21:22.486215,2025-02-25 15:21:34.383211,11.896996
channel-122,668253,30332768,30332773,5,2025-02-25 15:21:28.513806,2025-02-25 15:21:35.545124,7.031318
channel-122,668254,30332768,30332773,5,2025-02-25 15:21:28.513806,2025-02-25 15:21:35.545124,7.031318
channel-750,684025,30332773,30332787,14,2025-02-25 15:21:35.545124,2025-02-25 15:21:51.689190,16.144066
channel-750,684026,30332774,30332790,16,2025-02-25 15:21:36.733603,2025-02-25 15:21:56.271757,19.538154
channel-412,64640,30332776,30332788,12,2025-02-25 15:21:39.074880,2025-02-25 15:21:52.788379,13.713499
channel-208,1490790,30332777,30332789,12,2025-02-25 15:21:40.172522,2025-02-25 15:21:53.976191,13.803669
channel-2188,43838,30332781,30332786,5,2025-02-25 15:21:44.754496,2025-02-25 15:21:50.618245,5.863749
channel-0,4039722,30332786,30332797,11,2025-02-25 15:21:50.618245,2025-02-25 15:22:05.758534,15.140289
channel-208,1490791,30332790,30332802,12,2025-02-25 15:21:56.271757,2025-02-25 15:22:11.605445,15.333688
channel-85077,60850,30332795,30332810,15,2025-02-25 15:22:02.865702,2025-02-25 15:22:21.022979,18.157277
channel-750,684027,30332796,30332809,13,2025-02-25 15:22:04.019472,2025-02-25 15:22:19.944774,15.925302
channel-73755,5848,30332799,30332808,9,2025-02-25 15:22:08.086311,2025-02-25 15:22:18.742184,10.655873
channel-85077,60851,30332801,30332820,19,2025-02-25 15:22:10.374975,2025-02-25 15:22:34.949015,24.57404
channel-85077,60852,30332801,30332820,19,2025-02-25 15:22:10.374975,2025-02-25 15:22:34.949015,24.57404
channel-750,684028,30332802,30332812,10,2025-02-25 15:22:11.605445,2025-02-25 15:22:24.555031,12.949586
channel-208,1490792,30332805,30332815,10,2025-02-25 15:22:15.189844,2025-02-25 15:22:28.050996,12.861152
channel-750,684029,30332815,30332830,15,2025-02-25 15:22:28.050996,2025-02-25 15:22:47.122890,19.071894
channel-750,684030,30332827,30332831,4,2025-02-25 15:22:43.602499,2025-02-25 15:22:48.787247,5.184748
channel-85077,60853,30332828,30332837,9,2025-02-25 15:22:44.830225,2025-02-25 15:22:55.424255,10.59403
channel-6994,1325490,30332829,30332837,8,2025-02-25 15:22:45.968493,2025-02-25 15:22:55.424255,9.455762
channel-0,4039723,30332831,30332844,13,2025-02-25 15:22:48.787247,2025-02-25 15:23:04.668345,15.881098
channel-85077,60854,30332844,30332853,9,2025-02-25 15:23:04.668345,2025-02-25 15:23:15.262196,10.593851
channel-88,467182,30332846,30332871,25,2025-02-25 15:23:06.871448,2025-02-25 15:23:42.781948,35.9105
channel-88,467183,30332847,30332871,24,2025-02-25 15:23:08.025490,2025-02-25 15:23:42.781948,34.756458
channel-750,684031,30332848,30332862,14,2025-02-25 15:23:09.234128,2025-02-25 15:23:30.923286,21.689158
channel-2494,31976,30332849,30332859,10,2025-02-25 15:23:10.380272,2025-02-25 15:23:23.898506,13.518234
channel-6994,1325491,30332855,30332863,8,2025-02-25 15:23:17.716976,2025-02-25 15:23:32.065339,14.348363
channel-6994,1325492,30332858,30332867,9,2025-02-25 15:23:22.706926,2025-02-25 15:23:37.413060,14.706134
channel-88,467184,30332863,30332883,20,2025-02-25 15:23:32.065339,2025-02-25 15:23:57.927498,25.862159
channel-750,684032,30332867,30332878,11,2025-02-25 15:23:37.413060,2025-02-25 15:23:51.060096,13.647036
channel-326,538355,30332871,30332888,17,2025-02-25 15:23:42.781948,2025-02-25 15:24:04.866740,22.084792
channel-165,71461,30332872,30332881,9,2025-02-25 15:23:43.965594,2025-02-25 15:23:55.643153,11.677559
channel-73755,5849,30332874,30332882,8,2025-02-25 15:23:46.511564,2025-02-25 15:23:56.787906,10.276342
channel-750,684033,30332876,30332887,11,2025-02-25 15:23:48.641610,2025-02-25 15:24:03.639091,14.997481
channel-0,4039724,30332879,30332891,12,2025-02-25 15:23:53.212006,2025-02-25 15:24:08.127454,14.915448
channel-6994,1325493,30332881,30332892,11,2025-02-25 15:23:55.643153,2025-02-25 15:24:09.354515,13.711362
channel-85077,60855,30332885,30332896,11,2025-02-25 15:24:00.229089,2025-02-25 15:24:14.791072,14.561983
channel-122,668255,30332886,30332891,5,2025-02-25 15:24:02.484907,2025-02-25 15:24:08.127454,5.642547
channel-750,684034,30332888,30332906,18,2025-02-25 15:24:04.866740,2025-02-25 15:24:27.326930,22.46019
channel-750,684035,30332889,30332903,14,2025-02-25 15:24:05.962912,2025-02-25 15:24:23.781077,17.818165
channel-143,128435,30332892,30332906,14,2025-02-25 15:24:09.354515,2025-02-25 15:24:27.326930,17.972415
channel-0,4039725,30332895,30332906,11,2025-02-25 15:24:13.641504,2025-02-25 15:24:27.326930,13.685426
channel-6994,1325494,30332896,30332910,14,2025-02-25 15:24:14.791072,2025-02-25 15:24:31.760596,16.969524
channel-6994,1325495,30332896,30332910,14,2025-02-25 15:24:14.791072,2025-02-25 15:24:31.760596,16.969524
channel-750,684036,30332902,30332912,10,2025-02-25 15:24:22.626961,2025-02-25 15:24:35.242728,12.615767
channel-6994,1325496,30332905,30332915,10,2025-02-25 15:24:26.107513,2025-02-25 15:24:38.721207,12.613694
channel-750,684037,30332907,30332920,13,2025-02-25 15:24:28.457314,2025-02-25 15:24:44.281908,15.824594
channel-89298,18713,30332917,30332925,8,2025-02-25 15:24:40.954310,2025-02-25 15:24:53.651544,12.697234
channel-122,668256,30332926,30332930,4,2025-02-25 15:24:54.788175,2025-02-25 15:25:01.084529,6.296354
channel-750,684038,30332935,30332940,5,2025-02-25 15:25:06.750169,2025-02-25 15:25:14.087240,7.337071
channel-85077,60856,30332937,30332945,8,2025-02-25 15:25:10.166962,2025-02-25 15:25:22.227976,12.061014
channel-122,668257,30332939,30332943,4,2025-02-25 15:25:12.914823,2025-02-25 15:25:19.042954,6.128131
channel-4,167050,30332940,30332948,8,2025-02-25 15:25:14.087240,2025-02-25 15:25:25.786635,11.699395
channel-0,4039726,30332943,30332971,28,2025-02-25 15:25:19.042954,2025-02-25 15:25:55.140636,36.097682
channel-750,684039,30332945,30332950,5,2025-02-25 15:25:22.227976,2025-02-25 15:25:28.273494,6.045518
channel-782,310271,30332945,30332952,7,2025-02-25 15:25:22.227976,2025-02-25 15:25:30.432149,8.204173
channel-6994,1325497,30332947,30332956,9,2025-02-25 15:25:24.565669,2025-02-25 15:25:36.028615,11.462946
channel-412,64641,30332964,30332973,9,2025-02-25 15:25:46.219977,2025-02-25 15:25:57.766467,11.54649
channel-88,467185,30332970,30332982,12,2025-02-25 15:25:53.936502,2025-02-25 15:26:07.871968,13.935466
channel-4,167051,30332971,30332981,10,2025-02-25 15:25:55.140636,2025-02-25 15:26:06.766312,11.625676
channel-0,4039727,30332982,30332992,10,2025-02-25 15:26:07.871968,2025-02-25 15:26:20.977632,13.105664
channel-259,314426,30332986,30332993,7,2025-02-25 15:26:13.826519,2025-02-25 15:26:22.170642,8.344123
channel-750,684040,30332988,30333007,19,2025-02-25 15:26:16.329172,2025-02-25 15:26:40.515564,24.186392
channel-0,4039728,30332988,30333002,14,2025-02-25 15:26:16.329172,2025-02-25 15:26:32.931728,16.602556
channel-259,314427,30332988,30332995,7,2025-02-25 15:26:16.329172,2025-02-25 15:26:24.570951,8.241779
channel-85077,60857,30332989,30332997,8,2025-02-25 15:26:17.397617,2025-02-25 15:26:27.409766,10.012149
channel-750,684041,30332993,30333007,14,2025-02-25 15:26:22.170642,2025-02-25 15:26:40.515564,18.344922
channel-6994,1325498,30332995,30333007,12,2025-02-25 15:26:24.570951,2025-02-25 15:26:40.515564,15.944613
channel-6994,1325499,30333006,30333016,10,2025-02-25 15:26:38.342520,2025-02-25 15:26:52.629868,14.287348
channel-0,4039729,30333010,30333021,11,2025-02-25 15:26:44.361169,2025-02-25 15:26:58.452098,14.090929
channel-72,516463,30333012,30333043,31,2025-02-25 15:26:46.606571,2025-02-25 15:27:30.534798,43.928227
channel-85077,60858,30333014,30333024,10,2025-02-25 15:26:50.335503,2025-02-25 15:27:01.832758,11.497255
channel-874,293407,30333020,30333026,6,2025-02-25 15:26:57.335972,2025-02-25 15:27:07.325593,9.989621
channel-143,128436,30333027,30333060,33,2025-02-25 15:27:08.459779,2025-02-25 15:27:50.370577,41.910798
channel-0,4039730,30333030,30333040,10,2025-02-25 15:27:14.097104,2025-02-25 15:27:27.024474,12.92737
channel-0,4039731,30333032,30333058,26,2025-02-25 15:27:16.306309,2025-02-25 15:27:48.121172,31.814863
channel-199,132822,30333032,30333045,13,2025-02-25 15:27:16.306309,2025-02-25 15:27:32.849469,16.54316
channel-750,684042,30333034,30333051,17,2025-02-25 15:27:20.092458,2025-02-25 15:27:40.032323,19.939865
channel-0,4039732,30333041,30333050,9,2025-02-25 15:27:28.170915,2025-02-25 15:27:38.665347,10.494432
channel-85077,60859,30333050,30333060,10,2025-02-25 15:27:38.665347,2025-02-25 15:27:50.370577,11.70523
channel-143,128437,30333054,30333065,11,2025-02-25 15:27:43.556766,2025-02-25 15:27:56.934237,13.377471
channel-750,684043,30333054,30333067,13,2025-02-25 15:27:43.556766,2025-02-25 15:27:59.214188,15.657422
channel-0,4039733,30333060,30333074,14,2025-02-25 15:27:50.370577,2025-02-25 15:28:07.894010,17.523433
channel-1,408589,30333064,30333076,12,2025-02-25 15:27:55.800944,2025-02-25 15:28:10.152526,14.351582
channel-0,4039734,30333071,30333081,10,2025-02-25 15:28:04.691112,2025-02-25 15:28:19.473912,14.7828
channel-0,4039735,30333076,30333088,12,2025-02-25 15:28:10.152526,2025-02-25 15:28:27.560223,17.407697
channel-1424,7358,30333077,30333089,12,2025-02-25 15:28:11.361178,2025-02-25 15:28:28.725615,17.364437
channel-750,684044,30333078,30333092,14,2025-02-25 15:28:13.528553,2025-02-25 15:28:32.358401,18.829848
channel-89298,18714,30333078,30333087,9,2025-02-25 15:28:13.528553,2025-02-25 15:28:26.335077,12.806524
channel-113,301358,30333079,30333122,43,2025-02-25 15:28:15.875946,2025-02-25 15:29:10.082976,54.20703
channel-122,668258,30333079,30333083,4,2025-02-25 15:28:15.875946,2025-02-25 15:28:21.786238,5.910292
channel-89321,19512,30333080,30333122,42,2025-02-25 15:28:18.114228,2025-02-25 15:29:10.082976,51.968748
channel-1,408590,30333083,30333093,10,2025-02-25 15:28:21.786238,2025-02-25 15:28:33.648156,11.861918
channel-0,4039736,30333100,30333112,12,2025-02-25 15:28:41.979405,2025-02-25 15:28:57.090430,15.111025
channel-750,684045,30333100,30333110,10,2025-02-25 15:28:41.979405,2025-02-25 15:28:53.785252,11.805847
channel-259,314428,30333100,30333107,7,2025-02-25 15:28:41.979405,2025-02-25 15:28:50.279524,8.300119
channel-341,3394,30333101,30333110,9,2025-02-25 15:28:43.246221,2025-02-25 15:28:53.785252,10.539031
channel-208,1490793,30333110,30333120,10,2025-02-25 15:28:53.785252,2025-02-25 15:29:07.774722,13.98947
channel-0,4039737,30333112,30333122,10,2025-02-25 15:28:57.090430,2025-02-25 15:29:10.082976,12.992546
channel-85077,60860,30333118,30333128,10,2025-02-25 15:29:05.389508,2025-02-25 15:29:17.448601,12.059093
channel-85077,60861,30333127,30333133,6,2025-02-25 15:29:15.790731,2025-02-25 15:29:28.970028,13.179297
channel-642,126538,30333129,30333144,15,2025-02-25 15:29:18.563458,2025-02-25 15:29:42.699869,24.136411
channel-6994,1325500,30333129,30333137,8,2025-02-25 15:29:18.563458,2025-02-25 15:29:33.972038,15.40858
channel-0,4039738,30333130,30333137,7,2025-02-25 15:29:20.862508,2025-02-25 15:29:33.972038,13.10953
channel-6994,1325501,30333130,30333137,7,2025-02-25 15:29:20.862508,2025-02-25 15:29:33.972038,13.10953
channel-0,4039739,30333134,30333145,11,2025-02-25 15:29:30.460023,2025-02-25 15:29:43.906124,13.446101
channel-750,684046,30333137,30333143,6,2025-02-25 15:29:33.972038,2025-02-25 15:29:41.318216,7.346178
channel-750,684047,30333139,30333153,14,2025-02-25 15:29:36.665394,2025-02-25 15:29:53.164443,16.499049
channel-6787,166781,30333147,30333153,6,2025-02-25 15:29:46.198024,2025-02-25 15:29:53.164443,6.966419
channel-750,684048,30333150,30333155,5,2025-02-25 15:29:49.602313,2025-02-25 15:29:55.762817,6.160504
channel-0,4039740,30333164,30333176,12,2025-02-25 15:30:06.662563,2025-02-25 15:30:21.612747,14.950184
channel-6994,1325502,30333166,30333177,11,2025-02-25 15:30:08.963183,2025-02-25 15:30:23.857291,14.894108
channel-6897,5648,30333182,30333189,7,2025-02-25 15:30:31.621382,2025-02-25 15:30:40.818236,9.196854
channel-0,4039741,30333195,30333203,8,2025-02-25 15:30:52.762196,2025-02-25 15:31:03.542639,10.780443
channel-216,94285,30333199,30333261,62,2025-02-25 15:30:57.243557,2025-02-25 15:32:17.109665,79.866108
channel-0,4039742,30333209,30333218,9,2025-02-25 15:31:10.553920,2025-02-25 15:31:22.617555,12.063635
channel-6994,1325503,30333211,30333232,21,2025-02-25 15:31:13.575192,2025-02-25 15:31:40.426629,26.851437
channel-0,4039743,30333215,30333247,32,2025-02-25 15:31:18.172752,2025-02-25 15:31:58.975583,40.802831
channel-1,408591,30333220,30333230,10,2025-02-25 15:31:24.833856,2025-02-25 15:31:38.043772,13.209916
channel-0,4039744,30333227,30333237,10,2025-02-25 15:31:34.487236,2025-02-25 15:31:46.093718,11.606482
channel-0,4039745,30333236,30333265,29,2025-02-25 15:31:45.116758,2025-02-25 15:32:21.914835,36.798077
channel-750,684049,30333238,30333253,15,2025-02-25 15:31:47.310585,2025-02-25 15:32:05.986579,18.675994
channel-750,684050,30333243,30333257,14,2025-02-25 15:31:54.330012,2025-02-25 15:32:11.549362,17.21935
channel-0,4039746,30333246,30333256,10,2025-02-25 15:31:57.837776,2025-02-25 15:32:09.442213,11.604437
channel-208,1490794,30333247,30333258,11,2025-02-25 15:31:58.975583,2025-02-25 15:32:12.662513,13.68693
channel-0,4039747,30333247,30333270,23,2025-02-25 15:31:58.975583,2025-02-25 15:32:27.669772,28.694189
channel-750,684051,30333250,30333254,4,2025-02-25 15:32:02.491633,2025-02-25 15:32:07.195027,4.703394
channel-208,1490795,30333258,30333268,10,2025-02-25 15:32:12.662513,2025-02-25 15:32:25.213038,12.550525
channel-85077,60862,30333259,30333278,19,2025-02-25 15:32:14.580763,2025-02-25 15:32:37.961742,23.380979
channel-122,668259,30333268,30333272,4,2025-02-25 15:32:25.213038,2025-02-25 15:32:30.028432,4.815394
channel-165,71462,30333273,30333283,10,2025-02-25 15:32:32.390531,2025-02-25 15:32:43.837425,11.446894
channel-0,4039748,30333277,30333286,9,2025-02-25 15:32:36.895677,2025-02-25 15:32:47.258779,10.363102
channel-874,293408,30333279,30333291,12,2025-02-25 15:32:39.088984,2025-02-25 15:32:54.708957,15.619973
channel-6994,1325504,30333279,30333290,11,2025-02-25 15:32:39.088984,2025-02-25 15:32:51.941564,12.85258
channel-208,1490796,30333279,30333290,11,2025-02-25 15:32:39.088984,2025-02-25 15:32:51.941564,12.85258
channel-750,684052,30333288,30333293,5,2025-02-25 15:32:49.514103,2025-02-25 15:32:57.476478,7.962375
channel-6994,1325505,30333290,30333298,8,2025-02-25 15:32:51.941564,2025-02-25 15:33:04.139073,12.197509
channel-1,408592,30333290,30333300,10,2025-02-25 15:32:51.941564,2025-02-25 15:33:07.469075,15.527511
channel-75,845270,30333294,30333304,10,2025-02-25 15:32:58.700159,2025-02-25 15:33:12.247562,13.547403
channel-122,668260,30333294,30333298,4,2025-02-25 15:32:58.700159,2025-02-25 15:33:04.139073,5.438914
channel-85077,60863,30333304,30333313,9,2025-02-25 15:33:12.247562,2025-02-25 15:33:22.761822,10.51426
channel-94814,3789,30333306,30333315,9,2025-02-25 15:33:14.662114,2025-02-25 15:33:24.939194,10.27708
channel-4,167052,30333312,30333321,9,2025-02-25 15:33:21.635102,2025-02-25 15:33:33.922401,12.287299
channel-6994,1325506,30333313,30333325,12,2025-02-25 15:33:22.761822,2025-02-25 15:33:38.929181,16.167359
channel-208,1490797,30333324,30333335,11,2025-02-25 15:33:37.266856,2025-02-25 15:33:51.550197,14.283341
channel-208,1490798,30333329,30333339,10,2025-02-25 15:33:43.670499,2025-02-25 15:33:56.398548,12.728049
channel-750,684053,30333331,30333348,17,2025-02-25 15:33:46.069844,2025-02-25 15:34:10.328410,24.258566
channel-6994,1325507,30333346,30333357,11,2025-02-25 15:34:07.807501,2025-02-25 15:34:24.376547,16.569046
channel-0,4039749,30333347,30333356,9,2025-02-25 15:34:09.073609,2025-02-25 15:34:19.517657,10.444048
channel-750,684054,30333354,30333356,2,2025-02-25 15:34:17.223891,2025-02-25 15:34:19.517657,2.293766
channel-19774,346120,30333355,30333362,7,2025-02-25 15:34:18.360749,2025-02-25 15:34:30.310230,11.949481
channel-38946,124283,30333358,30333374,16,2025-02-25 15:34:25.976072,2025-02-25 15:34:46.792003,20.815931
channel-122,668261,30333365,30333370,5,2025-02-25 15:34:33.636009,2025-02-25 15:34:40.545973,6.909964
channel-0,4039750,30333369,30333377,8,2025-02-25 15:34:39.229250,2025-02-25 15:34:51.451231,12.221981
channel-6994,1325508,30333375,30333389,14,2025-02-25 15:34:47.982627,2025-02-25 15:35:05.228603,17.245976
channel-750,684055,30333381,30333397,16,2025-02-25 15:34:56.036936,2025-02-25 15:35:17.388103,21.351167
channel-750,684056,30333384,30333395,11,2025-02-25 15:34:59.426665,2025-02-25 15:35:14.971960,15.545295
channel-85077,60864,30333390,30333401,11,2025-02-25 15:35:07.557648,2025-02-25 15:35:22.245926,14.688278
channel-85077,60865,30333390,30333401,11,2025-02-25 15:35:07.557648,2025-02-25 15:35:22.245926,14.688278
channel-85077,60866,30333396,30333406,10,2025-02-25 15:35:16.178367,2025-02-25 15:35:29.463722,13.285355
channel-85077,60867,30333397,30333409,12,2025-02-25 15:35:17.388103,2025-02-25 15:35:33.039473,15.65137
channel-6994,1325509,30333397,30333406,9,2025-02-25 15:35:17.388103,2025-02-25 15:35:29.463722,12.075619
channel-232,49220,30333399,30333410,11,2025-02-25 15:35:19.617692,2025-02-25 15:35:34.229620,14.611928
channel-85077,60868,30333400,30333409,9,2025-02-25 15:35:21.207881,2025-02-25 15:35:33.039473,11.831592
channel-750,684057,30333401,30333415,14,2025-02-25 15:35:22.245926,2025-02-25 15:35:40.919174,18.673248
channel-85077,60869,30333402,30333419,17,2025-02-25 15:35:23.344504,2025-02-25 15:35:46.445505,23.101001
channel-259,314429,30333407,30333417,10,2025-02-25 15:35:30.693571,2025-02-25 15:35:43.111982,12.418411
channel-0,4039751,30333414,30333425,11,2025-02-25 15:35:39.655931,2025-02-25 15:35:53.879084,14.223153
channel-750,684058,30333427,30333451,24,2025-02-25 15:35:56.227891,2025-02-25 15:36:27.205888,30.977997
channel-750,684059,30333430,30333448,18,2025-02-25 15:35:59.618269,2025-02-25 15:36:22.783444,23.165175
channel-6994,1325510,30333432,30333443,11,2025-02-25 15:36:02.465655,2025-02-25 15:36:15.887478,13.421823
channel-38946,124284,30333435,30333451,16,2025-02-25 15:36:06.064574,2025-02-25 15:36:27.205888,21.141314
channel-6994,1325511,30333439,30333448,9,2025-02-25 15:36:10.583231,2025-02-25 15:36:22.783444,12.200213
channel-0,4039752,30333442,30333450,8,2025-02-25 15:36:14.834269,2025-02-25 15:36:25.831703,10.997434
channel-6994,1325512,30333443,30333451,8,2025-02-25 15:36:15.887478,2025-02-25 15:36:27.205888,11.31841
channel-750,684060,30333444,30333449,5,2025-02-25 15:36:17.995833,2025-02-25 15:36:23.966935,5.971102
channel-6994,1325513,30333447,30333455,8,2025-02-25 15:36:21.456405,2025-02-25 15:36:32.935242,11.478837
channel-208,1490799,30333448,30333456,8,2025-02-25 15:36:22.783444,2025-02-25 15:36:33.999645,11.216201
channel-750,684061,30333449,30333464,15,2025-02-25 15:36:23.966935,2025-02-25 15:36:44.139360,20.172425
channel-208,1490800,30333450,30333461,11,2025-02-25 15:36:25.831703,2025-02-25 15:36:40.715384,14.883681
channel-0,4039753,30333456,30333467,11,2025-02-25 15:36:33.999645,2025-02-25 15:36:47.478241,13.478596
channel-750,684062,30333459,30333467,8,2025-02-25 15:36:38.293891,2025-02-25 15:36:47.478241,9.18435
channel-85077,60870,30333459,30333467,8,2025-02-25 15:36:38.293891,2025-02-25 15:36:47.478241,9.18435
channel-750,684063,30333461,30333466,5,2025-02-25 15:36:40.715384,2025-02-25 15:36:46.393688,5.678304
channel-0,4039754,30333466,30333474,8,2025-02-25 15:36:46.393688,2025-02-25 15:37:00.978363,14.584675
channel-89298,18715,30333466,30333476,10,2025-02-25 15:36:46.393688,2025-02-25 15:37:03.287919,16.894231
channel-750,684064,30333469,30333475,6,2025-02-25 15:36:54.219024,2025-02-25 15:37:02.116230,7.897206
channel-750,684065,30333479,30333512,33,2025-02-25 15:37:06.933920,2025-02-25 15:37:49.991658,43.057738
channel-750,684066,30333482,30333494,12,2025-02-25 15:37:10.448626,2025-02-25 15:37:25.761628,15.313002
channel-259,314430,30333487,30333495,8,2025-02-25 15:37:16.823030,2025-02-25 15:37:26.879630,10.0566
channel-750,684067,30333488,30333504,16,2025-02-25 15:37:17.973337,2025-02-25 15:37:38.668448,20.695111
channel-750,684068,30333490,30333508,18,2025-02-25 15:37:21.059955,2025-02-25 15:37:45.233558,24.173603
channel-750,684069,30333490,30333495,5,2025-02-25 15:37:21.059955,2025-02-25 15:37:26.879630,5.819675
channel-750,684070,30333491,30333502,11,2025-02-25 15:37:22.143171,2025-02-25 15:37:36.346272,14.203101
channel-750,684071,30333492,30333517,25,2025-02-25 15:37:23.532284,2025-02-25 15:37:56.814708,33.282424
channel-85077,60871,30333494,30333504,10,2025-02-25 15:37:25.761628,2025-02-25 15:37:38.668448,12.90682
channel-750,684072,30333495,30333549,54,2025-02-25 15:37:26.879630,2025-02-25 15:38:39.275107,72.395477
channel-750,684073,30333496,30333508,12,2025-02-25 15:37:29.507413,2025-02-25 15:37:45.233558,15.726145
channel-6994,1325514,30333504,30333513,9,2025-02-25 15:37:38.668448,2025-02-25 15:37:51.179979,12.511531
channel-6994,1325515,30333505,30333517,12,2025-02-25 15:37:40.858002,2025-02-25 15:37:56.814708,15.956706
channel-750,684074,30333506,30333549,43,2025-02-25 15:37:43.090440,2025-02-25 15:38:39.275107,56.184667
channel-85077,60872,30333508,30333515,7,2025-02-25 15:37:45.233558,2025-02-25 15:37:54.520205,9.286647
channel-750,684075,30333513,30333524,11,2025-02-25 15:37:51.179979,2025-02-25 15:38:05.731716,14.551737
channel-85077,60873,30333513,30333522,9,2025-02-25 15:37:51.179979,2025-02-25 15:38:02.739991,11.560012
channel-258,17756,30333523,30333537,14,2025-02-25 15:38:03.880441,2025-02-25 15:38:24.556330,20.675889
channel-750,684076,30333525,30333541,16,2025-02-25 15:38:10.215208,2025-02-25 15:38:29.322614,19.107406
channel-750,684077,30333526,30333546,20,2025-02-25 15:38:11.613440,2025-02-25 15:38:35.810976,24.197536
channel-750,684078,30333529,30333542,13,2025-02-25 15:38:15.210195,2025-02-25 15:38:30.426652,15.216457
channel-6994,1325516,30333529,30333542,13,2025-02-25 15:38:15.210195,2025-02-25 15:38:30.426652,15.216457
channel-6994,1325517,30333530,30333547,17,2025-02-25 15:38:16.344742,2025-02-25 15:38:36.984332,20.63959
channel-85077,60874,30333532,30333543,11,2025-02-25 15:38:18.563006,2025-02-25 15:38:32.546307,13.983301
channel-75,845271,30333534,30333542,8,2025-02-25 15:38:20.754051,2025-02-25 15:38:30.426652,9.672601
channel-6994,1325518,30333540,30333550,10,2025-02-25 15:38:28.165449,2025-02-25 15:38:41.423578,13.258129
channel-91017,2907,30333541,30333563,22,2025-02-25 15:38:29.322614,2025-02-25 15:39:02.967722,33.645108
channel-750,684079,30333541,30333551,10,2025-02-25 15:38:29.322614,2025-02-25 15:38:44.071364,14.74875
channel-208,1490801,30333546,30333552,6,2025-02-25 15:38:35.810976,2025-02-25 15:38:48.564051,12.753075
channel-750,684080,30333546,30333550,4,2025-02-25 15:38:35.810976,2025-02-25 15:38:41.423578,5.612602
channel-412,64642,30333550,30333566,16,2025-02-25 15:38:41.423578,2025-02-25 15:39:07.822368,26.39879
channel-0,4039755,30333551,30333559,8,2025-02-25 15:38:44.071364,2025-02-25 15:38:58.512144,14.44078
channel-1,408593,30333553,30333564,11,2025-02-25 15:38:50.903322,2025-02-25 15:39:04.367727,13.464405
channel-750,684081,30333556,30333585,29,2025-02-25 15:38:54.413058,2025-02-25 15:39:31.433221,37.020163
channel-750,684082,30333562,30333573,11,2025-02-25 15:39:01.851061,2025-02-25 15:39:16.420366,14.569305
channel-750,684083,30333562,30333570,8,2025-02-25 15:39:01.851061,2025-02-25 15:39:12.861346,11.010285
channel-750,684084,30333563,30333576,13,2025-02-25 15:39:02.967722,2025-02-25 15:39:20.852700,17.884978
channel-38946,124285,30333564,30333572,8,2025-02-25 15:39:04.367727,2025-02-25 15:39:15.257235,10.889508
channel-750,684085,30333565,30333577,12,2025-02-25 15:39:06.657044,2025-02-25 15:39:22.019211,15.362167
channel-88,467186,30333569,30333664,95,2025-02-25 15:39:11.507237,2025-02-25 15:41:17.348491,125.841254
channel-750,684086,30333578,30333591,13,2025-02-25 15:39:23.258400,2025-02-25 15:39:38.736098,15.477698
channel-783,104355,30333585,30333593,8,2025-02-25 15:39:31.433221,2025-02-25 15:39:41.188844,9.755623
channel-6994,1325519,30333586,30333597,11,2025-02-25 15:39:32.512408,2025-02-25 15:39:47.263259,14.750851
channel-2,130680,30333586,30333595,9,2025-02-25 15:39:32.512408,2025-02-25 15:39:43.648699,11.136291
channel-6,66640,30333591,30333610,19,2025-02-25 15:39:38.736098,2025-02-25 15:40:02.598550,23.862452
channel-89298,18716,30333591,30333600,9,2025-02-25 15:39:38.736098,2025-02-25 15:39:50.737481,12.001383
channel-750,684087,30333593,30333605,12,2025-02-25 15:39:41.188844,2025-02-25 15:39:56.554330,15.365486
channel-85077,60875,30333595,30333605,10,2025-02-25 15:39:43.648699,2025-02-25 15:39:56.554330,12.905631
channel-750,684088,30333609,30333614,5,2025-02-25 15:40:01.451510,2025-02-25 15:40:08.307884,6.856374
channel-750,684089,30333622,30333642,20,2025-02-25 15:40:19.796742,2025-02-25 15:40:48.462175,28.665433
channel-750,684090,30333623,30333633,10,2025-02-25 15:40:20.854553,2025-02-25 15:40:34.057886,13.203333
channel-6994,1325520,30333625,30333634,9,2025-02-25 15:40:23.129332,2025-02-25 15:40:39.373420,16.244088
channel-85077,60876,30333626,30333633,7,2025-02-25 15:40:25.333262,2025-02-25 15:40:34.057886,8.724624
channel-750,684091,30333632,30333652,20,2025-02-25 15:40:32.953436,2025-02-25 15:41:00.164978,27.211542
channel-6994,1325521,30333633,30333643,10,2025-02-25 15:40:34.057886,2025-02-25 15:40:49.795402,15.737516
channel-85077,60877,30333633,30333645,12,2025-02-25 15:40:34.057886,2025-02-25 15:40:52.208473,18.150587
channel-85077,60878,30333639,30333650,11,2025-02-25 15:40:45.013009,2025-02-25 15:40:57.968013,12.955004
channel-258,17757,30333641,30333651,10,2025-02-25 15:40:47.239866,2025-02-25 15:40:59.050224,11.810358
channel-85077,60879,30333648,30333658,10,2025-02-25 15:40:55.696116,2025-02-25 15:41:08.006781,12.310665
channel-6994,1325522,30333653,30333662,9,2025-02-25 15:41:01.279775,2025-02-25 15:41:13.476468,12.196693
channel-874,293409,30333664,30333670,6,2025-02-25 15:41:17.348491,2025-02-25 15:41:24.400059,7.051568
channel-750,684092,30333664,30333679,15,2025-02-25 15:41:17.348491,2025-02-25 15:41:34.627463,17.278972
channel-750,684093,30333665,30333670,5,2025-02-25 15:41:18.670758,2025-02-25 15:41:24.400059,5.729301
channel-750,684094,30333669,30333674,5,2025-02-25 15:41:23.314508,2025-02-25 15:41:28.805299,5.490791
channel-750,684095,30333676,30333698,22,2025-02-25 15:41:31.267618,2025-02-25 15:42:00.996736,29.729118
channel-6994,1325523,30333677,30333686,9,2025-02-25 15:41:32.333879,2025-02-25 15:41:43.130127,10.796248
channel-208,1490802,30333678,30333686,8,2025-02-25 15:41:33.462421,2025-02-25 15:41:43.130127,9.667706
channel-208,1490803,30333686,30333692,6,2025-02-25 15:41:43.130127,2025-02-25 15:41:54.150310,11.020183
channel-0,4039756,30333694,30333714,20,2025-02-25 15:41:56.504113,2025-02-25 15:42:22.667061,26.162948
channel-340,3196,30333695,30333705,10,2025-02-25 15:41:57.687002,2025-02-25 15:42:11.160036,13.473034
channel-750,684096,30333697,30333702,5,2025-02-25 15:41:59.932730,2025-02-25 15:42:06.555287,6.622557
channel-750,684097,30333701,30333719,18,2025-02-25 15:42:05.214631,2025-02-25 15:42:28.103648,22.889017
channel-750,684098,30333704,30333708,4,2025-02-25 15:42:08.885765,2025-02-25 15:42:14.504928,5.619163
channel-1,408594,30333705,30333737,32,2025-02-25 15:42:11.160036,2025-02-25 15:42:53.680604,42.520568
channel-750,684099,30333709,30333719,10,2025-02-25 15:42:16.817085,2025-02-25 15:42:28.103648,11.286563
channel-85077,60880,30333715,30333728,13,2025-02-25 15:42:23.736357,2025-02-25 15:42:40.959139,17.222782
channel-5485,1717,30333717,30333726,9,2025-02-25 15:42:25.862479,2025-02-25 15:42:36.999740,11.137261
channel-85077,60881,30333719,30333738,19,2025-02-25 15:42:28.103648,2025-02-25 15:42:54.831167,26.727519
channel-476,11801,30333721,30333731,10,2025-02-25 15:42:30.405237,2025-02-25 15:42:45.520013,15.114776
channel-750,684100,30333729,30333736,7,2025-02-25 15:42:42.329994,2025-02-25 15:42:52.180001,9.850007
channel-750,684101,30333730,30333747,17,2025-02-25 15:42:44.394735,2025-02-25 15:43:05.503816,21.109081
channel-750,684102,30333730,30333758,28,2025-02-25 15:42:44.394735,2025-02-25 15:43:24.223438,39.828703
channel-208,1490804,30333738,30333751,13,2025-02-25 15:42:54.831167,2025-02-25 15:43:09.939247,15.10808
channel-85077,60882,30333745,30333755,10,2025-02-25 15:43:03.174761,2025-02-25 15:43:18.492900,15.318139
channel-750,684103,30333747,30333757,10,2025-02-25 15:43:05.503816,2025-02-25 15:43:22.053174,16.549358
channel-258,17758,30333751,30333758,7,2025-02-25 15:43:09.939247,2025-02-25 15:43:24.223438,14.284191
channel-122,668262,30333754,30333757,3,2025-02-25 15:43:17.315258,2025-02-25 15:43:22.053174,4.737916
channel-874,293410,30333764,30333770,6,2025-02-25 15:43:32.085453,2025-02-25 15:43:39.269076,7.183623
channel-2188,43839,30333767,30333773,6,2025-02-25 15:43:35.654610,2025-02-25 15:43:42.621776,6.967166
channel-6994,1325524,30333772,30333783,11,2025-02-25 15:43:41.502205,2025-02-25 15:43:54.415738,12.913533
channel-0,4039757,30333777,30333787,10,2025-02-25 15:43:47.288033,2025-02-25 15:43:59.937119,12.649086
channel-0,4039758,30333780,30333791,11,2025-02-25 15:43:50.810818,2025-02-25 15:44:04.798090,13.987272
channel-42,1490074,30333787,30333801,14,2025-02-25 15:43:59.937119,2025-02-25 15:44:16.435818,16.498699
channel-750,684104,30333789,30333820,31,2025-02-25 15:44:02.534932,2025-02-25 15:44:43.758892,41.22396
channel-122,668263,30333798,30333802,4,2025-02-25 15:44:12.987470,2025-02-25 15:44:17.766490,4.77902
channel-0,4039759,30333798,30333809,11,2025-02-25 15:44:12.987470,2025-02-25 15:44:26.841134,13.853664
channel-6994,1325525,30333806,30333816,10,2025-02-25 15:44:22.228980,2025-02-25 15:44:35.044359,12.815379
channel-199,132823,30333809,30333817,8,2025-02-25 15:44:26.841134,2025-02-25 15:44:40.348712,13.507578
channel-89298,18717,30333810,30333819,9,2025-02-25 15:44:28.133519,2025-02-25 15:44:42.557639,14.42412
channel-85077,60883,30333814,30333819,5,2025-02-25 15:44:32.548626,2025-02-25 15:44:42.557639,10.009013
channel-326,538356,30333828,30333882,54,2025-02-25 15:44:54.686923,2025-02-25 15:46:11.619502,76.932579
channel-326,538357,30333828,30333882,54,2025-02-25 15:44:54.686923,2025-02-25 15:46:11.619502,76.932579
channel-326,538358,30333828,30333882,54,2025-02-25 15:44:54.686923,2025-02-25 15:46:11.619502,76.932579
channel-326,538359,30333828,30333882,54,2025-02-25 15:44:54.686923,2025-02-25 15:46:11.619502,76.932579
channel-326,538360,30333828,30333882,54,2025-02-25 15:44:54.686923,2025-02-25 15:46:11.619502,76.932579
channel-326,538361,30333828,30333882,54,2025-02-25 15:44:54.686923,2025-02-25 15:46:11.619502,76.932579
channel-208,1490805,30333837,30333849,12,2025-02-25 15:45:05.918066,2025-02-25 15:45:20.885781,14.967715
channel-750,684105,30333847,30333865,18,2025-02-25 15:45:18.580230,2025-02-25 15:45:48.566095,29.985865
channel-6994,1325526,30333849,30333860,11,2025-02-25 15:45:20.885781,2025-02-25 15:45:39.528996,18.643215
channel-750,684106,30333851,30333865,14,2025-02-25 15:45:26.611133,2025-02-25 15:45:48.566095,21.954962
channel-750,684107,30333852,30333857,5,2025-02-25 15:45:27.764312,2025-02-25 15:45:35.783138,8.018826
channel-1,408595,30333852,30333863,11,2025-02-25 15:45:27.764312,2025-02-25 15:45:46.225069,18.460757
channel-782,310272,30333855,30333867,12,2025-02-25 15:45:33.448412,2025-02-25 15:45:50.828492,17.38008
channel-0,4039760,30333856,30333868,12,2025-02-25 15:45:34.619126,2025-02-25 15:45:51.955061,17.335935
channel-75,845272,30333860,30333864,4,2025-02-25 15:45:39.528996,2025-02-25 15:45:47.428775,7.899779
channel-750,684108,30333862,30333877,15,2025-02-25 15:45:41.790414,2025-02-25 15:46:04.477321,22.686907
channel-85791,3778,30333862,30333902,40,2025-02-25 15:45:41.790414,2025-02-25 15:46:37.614108,55.823694
channel-75,845273,30333864,30333870,6,2025-02-25 15:45:47.428775,2025-02-25 15:45:55.216083,7.787308
channel-0,4039761,30333865,30333875,10,2025-02-25 15:45:48.566095,2025-02-25 15:46:02.259752,13.693657
channel-750,684109,30333868,30333878,10,2025-02-25 15:45:51.955061,2025-02-25 15:46:05.891543,13.936482
channel-184,137449,30333868,30333879,11,2025-02-25 15:45:51.955061,2025-02-25 15:46:07.115367,15.160306
channel-750,684110,30333868,30333874,6,2025-02-25 15:45:51.955061,2025-02-25 15:46:00.120941,8.16588
channel-0,4039762,30333870,30333880,10,2025-02-25 15:45:55.216083,2025-02-25 15:46:08.285415,13.069332
channel-6994,1325527,30333874,30333885,11,2025-02-25 15:46:00.120941,2025-02-25 15:46:15.034086,14.913145
channel-6994,1325528,30333874,30333885,11,2025-02-25 15:46:00.120941,2025-02-25 15:46:15.034086,14.913145
channel-6994,1325529,30333877,30333889,12,2025-02-25 15:46:04.477321,2025-02-25 15:46:20.956396,16.479075
channel-750,684111,30333877,30333899,22,2025-02-25 15:46:04.477321,2025-02-25 15:46:34.022324,29.545003
channel-750,684112,30333878,30333883,5,2025-02-25 15:46:05.891543,2025-02-25 15:46:12.674037,6.782494
channel-208,1490806,30333879,30333891,12,2025-02-25 15:46:07.115367,2025-02-25 15:46:23.318904,16.203537
channel-750,684113,30333880,30333889,9,2025-02-25 15:46:08.285415,2025-02-25 15:46:20.956396,12.670981
channel-750,684114,30333884,30333888,4,2025-02-25 15:46:13.845856,2025-02-25 15:46:19.747809,5.901953
channel-750,684115,30333887,30333892,5,2025-02-25 15:46:18.320814,2025-02-25 15:46:24.479171,6.158357
channel-750,684116,30333893,30333903,10,2025-02-25 15:46:25.567640,2025-02-25 15:46:40.149347,14.581707
channel-216,94286,30333894,30333961,67,2025-02-25 15:46:26.727060,2025-02-25 15:47:53.255833,86.528773
channel-750,684117,30333894,30333908,14,2025-02-25 15:46:26.727060,2025-02-25 15:46:45.965944,19.238884
channel-1,408596,30333896,30333911,15,2025-02-25 15:46:30.702268,2025-02-25 15:46:49.863541,19.161273
channel-750,684118,30333897,30333902,5,2025-02-25 15:46:31.850664,2025-02-25 15:46:37.614108,5.763444
channel-750,684119,30333899,30333918,19,2025-02-25 15:46:34.022324,2025-02-25 15:46:57.774627,23.752303
channel-750,684120,30333902,30333914,12,2025-02-25 15:46:37.614108,2025-02-25 15:46:53.139287,15.525179
channel-750,684121,30333903,30333939,36,2025-02-25 15:46:40.149347,2025-02-25 15:47:23.885117,43.73577
channel-750,684122,30333904,30333919,15,2025-02-25 15:46:41.165076,2025-02-25 15:46:59.792367,18.627291
channel-19774,346121,30333909,30333919,10,2025-02-25 15:46:47.638701,2025-02-25 15:46:59.792367,12.153666
channel-72,516464,30333912,30333963,51,2025-02-25 15:46:51.022770,2025-02-25 15:47:58.903705,67.880935
channel-750,684123,30333913,30333929,16,2025-02-25 15:46:52.007720,2025-02-25 15:47:11.441024,19.433304
channel-750,684124,30333914,30333919,5,2025-02-25 15:46:53.139287,2025-02-25 15:46:59.792367,6.65308
channel-85077,60884,30333914,30333923,9,2025-02-25 15:46:53.139287,2025-02-25 15:47:04.427931,11.288644
channel-122,668264,30333916,30333919,3,2025-02-25 15:46:55.385067,2025-02-25 15:46:59.792367,4.4073
channel-750,684125,30333917,30333931,14,2025-02-25 15:46:56.502105,2025-02-25 15:47:13.713601,17.211496
channel-89321,19513,30333918,30333954,36,2025-02-25 15:46:57.774627,2025-02-25 15:47:45.198812,47.424185
channel-1,408597,30333920,30333940,20,2025-02-25 15:47:00.920308,2025-02-25 15:47:25.997267,25.076959
channel-216,94287,30333921,30333991,70,2025-02-25 15:47:02.055853,2025-02-25 15:48:36.962847,94.906994
channel-19774,346122,30333923,30333934,11,2025-02-25 15:47:04.427931,2025-02-25 15:47:17.612196,13.184265
channel-75,845274,30333923,30333931,8,2025-02-25 15:47:04.427931,2025-02-25 15:47:13.713601,9.28567
channel-0,4039763,30333924,30333935,11,2025-02-25 15:47:05.680801,2025-02-25 15:47:18.824387,13.143586
channel-0,4039764,30333928,30333939,11,2025-02-25 15:47:10.350889,2025-02-25 15:47:23.885117,13.534228
channel-750,684126,30333937,30333951,14,2025-02-25 15:47:21.705283,2025-02-25 15:47:40.047886,18.342603
channel-85077,60885,30333938,30333946,8,2025-02-25 15:47:22.779593,2025-02-25 15:47:34.346040,11.566447
channel-750,684127,30333945,30333962,17,2025-02-25 15:47:33.002242,2025-02-25 15:47:54.514211,21.511969
channel-1,408598,30333949,30333962,13,2025-02-25 15:47:37.915784,2025-02-25 15:47:54.514211,16.598427
channel-208,1490807,30333950,30333959,9,2025-02-25 15:47:38.883880,2025-02-25 15:47:51.014327,12.130447
channel-6994,1325530,30333952,30333974,22,2025-02-25 15:47:41.265675,2025-02-25 15:48:15.220821,33.955146
channel-6994,1325531,30333956,30333962,6,2025-02-25 15:47:47.629928,2025-02-25 15:47:54.514211,6.884283
channel-208,1490808,30333959,30333966,7,2025-02-25 15:47:51.014327,2025-02-25 15:48:02.333786,11.319459
channel-72,516465,30333960,30334008,48,2025-02-25 15:47:52.188265,2025-02-25 15:48:58.664845,66.47658
channel-750,684128,30333960,30333968,8,2025-02-25 15:47:52.188265,2025-02-25 15:48:04.846665,12.6584
channel-1,408599,30333962,30333973,11,2025-02-25 15:47:54.514211,2025-02-25 15:48:14.072449,19.558238
channel-75,845275,30333969,30333974,5,2025-02-25 15:48:06.964383,2025-02-25 15:48:15.220821,8.256438
channel-750,684129,30333971,30333994,23,2025-02-25 15:48:10.367226,2025-02-25 15:48:40.404354,30.037128
channel-76971,12251,30333982,30334006,24,2025-02-25 15:48:25.934818,2025-02-25 15:48:56.208088,30.27327
channel-216,94288,30333983,30334054,71,2025-02-25 15:48:27.752996,2025-02-25 15:50:00.029297,92.276301
channel-750,684130,30333988,30333993,5,2025-02-25 15:48:33.441524,2025-02-25 15:48:39.235962,5.794438
channel-750,684131,30333998,30334003,5,2025-02-25 15:48:46.113075,2025-02-25 15:48:51.852628,5.739553
channel-72,516466,30333999,30334031,32,2025-02-25 15:48:47.254470,2025-02-25 15:49:30.315811,43.061341
channel-75,845276,30334002,30334009,7,2025-02-25 15:48:50.661115,2025-02-25 15:48:59.748674,9.087559
channel-0,4039765,30334013,30334022,9,2025-02-25 15:49:05.810400,2025-02-25 15:49:20.246036,14.435636
channel-208,1490809,30334018,30334030,12,2025-02-25 15:49:12.437889,2025-02-25 15:49:29.203103,16.765214
channel-0,4039766,30334018,30334027,9,2025-02-25 15:49:12.437889,2025-02-25 15:49:25.799851,13.361962
channel-340,3197,30334035,30334045,10,2025-02-25 15:49:35.300600,2025-02-25 15:49:46.849041,11.548441
channel-750,684132,30334036,30334070,34,2025-02-25 15:49:36.629316,2025-02-25 15:50:19.016949,42.387633
channel-0,4039767,30334036,30334047,11,2025-02-25 15:49:36.629316,2025-02-25 15:49:49.080102,12.450786
channel-208,1490810,30334042,30334053,11,2025-02-25 15:49:43.230756,2025-02-25 15:49:58.830356,15.5996
channel-0,4039768,30334053,30334067,14,2025-02-25 15:49:58.830356,2025-02-25 15:50:15.642926,16.81257
channel-122,668265,30334055,30334060,5,2025-02-25 15:50:01.219242,2025-02-25 15:50:07.314398,6.095156
channel-6994,1325532,30334057,30334069,12,2025-02-25 15:50:03.634491,2025-02-25 15:50:17.879360,14.244869
channel-72,516467,30334058,30334104,46,2025-02-25 15:50:04.810162,2025-02-25 15:51:05.655961,60.845799
channel-750,684133,30334061,30334075,14,2025-02-25 15:50:08.671937,2025-02-25 15:50:27.035342,18.363405
channel-75,845277,30334062,30334069,7,2025-02-25 15:50:09.829697,2025-02-25 15:50:17.879360,8.049663
channel-0,4039769,30334067,30334076,9,2025-02-25 15:50:15.642926,2025-02-25 15:50:28.151532,12.508606
channel-75,845278,30334085,30334091,6,2025-02-25 15:50:39.397373,2025-02-25 15:50:47.891075,8.493702
channel-750,684134,30334092,30334108,16,2025-02-25 15:50:49.176856,2025-02-25 15:51:10.232294,21.055438
channel-0,4039770,30334096,30334108,12,2025-02-25 15:50:55.172989,2025-02-25 15:51:10.232294,15.059305
channel-72,516468,30334100,30334149,49,2025-02-25 15:51:00.874474,2025-02-25 15:52:00.510312,59.635838
channel-85077,60886,30334100,30334112,12,2025-02-25 15:51:00.874474,2025-02-25 15:51:14.690842,13.816368
channel-783,104356,30334108,30334115,7,2025-02-25 15:51:10.232294,2025-02-25 15:51:18.067047,7.834753
channel-72,516469,30334117,30334170,53,2025-02-25 15:51:21.053793,2025-02-25 15:52:28.888051,67.834258
channel-1,408600,30334125,30334146,21,2025-02-25 15:51:30.699689,2025-02-25 15:51:56.831399,26.13171
channel-750,684135,30334127,30334149,22,2025-02-25 15:51:32.984797,2025-02-25 15:52:00.510312,27.525515
channel-0,4039771,30334129,30334142,13,2025-02-25 15:51:35.415237,2025-02-25 15:51:51.198866,15.783629
channel-6994,1325533,30334129,30334138,9,2025-02-25 15:51:35.415237,2025-02-25 15:51:46.773207,11.35797
channel-750,684136,30334138,30334150,12,2025-02-25 15:51:46.773207,2025-02-25 15:52:02.262503,15.489296
channel-208,1490811,30334142,30334150,8,2025-02-25 15:51:51.198866,2025-02-25 15:52:02.262503,11.063637
channel-208,1490812,30334145,30334153,8,2025-02-25 15:51:54.586830,2025-02-25 15:52:05.918080,11.33125
channel-165,71463,30334148,30334187,39,2025-02-25 15:51:59.301510,2025-02-25 15:52:53.526130,54.22462
channel-6994,1325534,30334151,30334160,9,2025-02-25 15:52:03.476542,2025-02-25 15:52:15.737325,12.260783
channel-208,1490813,30334158,30334171,13,2025-02-25 15:52:11.860390,2025-02-25 15:52:30.373401,18.513011
channel-19774,346123,30334160,30334170,10,2025-02-25 15:52:15.737325,2025-02-25 15:52:28.888051,13.150726
channel-750,684137,30334161,30334175,14,2025-02-25 15:52:17.833255,2025-02-25 15:52:35.870592,18.037337
channel-1,408601,30334161,30334187,26,2025-02-25 15:52:17.833255,2025-02-25 15:52:53.526130,35.692875
channel-750,684138,30334166,30334181,15,2025-02-25 15:52:23.753491,2025-02-25 15:52:45.841076,22.087585
channel-85077,60887,30334168,30334181,13,2025-02-25 15:52:26.091036,2025-02-25 15:52:45.841076,19.75004
channel-750,684139,30334168,30334181,13,2025-02-25 15:52:26.091036,2025-02-25 15:52:45.841076,19.75004
channel-750,684140,30334169,30334178,9,2025-02-25 15:52:27.279647,2025-02-25 15:52:39.209909,11.930262
channel-0,4039772,30334170,30334179,9,2025-02-25 15:52:28.888051,2025-02-25 15:52:40.282759,11.394708
channel-6994,1325535,30334174,30334185,11,2025-02-25 15:52:34.809272,2025-02-25 15:52:51.076988,16.267716
channel-122,668266,30334175,30334181,6,2025-02-25 15:52:35.870592,2025-02-25 15:52:45.841076,9.970484
channel-0,4039773,30334175,30334183,8,2025-02-25 15:52:35.870592,2025-02-25 15:52:48.053196,12.182604
channel-750,684141,30334175,30334185,10,2025-02-25 15:52:35.870592,2025-02-25 15:52:51.076988,15.206396
channel-750,684142,30334176,30334185,9,2025-02-25 15:52:37.060655,2025-02-25 15:52:51.076988,14.016333
channel-750,684143,30334177,30334185,8,2025-02-25 15:52:38.178453,2025-02-25 15:52:51.076988,12.898535
channel-750,684144,30334179,30334194,15,2025-02-25 15:52:40.282759,2025-02-25 15:53:02.904210,22.621451
channel-88,467187,30334181,30334195,14,2025-02-25 15:52:45.841076,2025-02-25 15:53:05.217795,19.376719
channel-79703,4458,30334184,30334197,13,2025-02-25 15:52:49.927310,2025-02-25 15:53:10.837561,20.910251
channel-208,1490814,30334185,30334195,10,2025-02-25 15:52:51.076988,2025-02-25 15:53:05.217795,14.140807
channel-750,684145,30334186,30334195,9,2025-02-25 15:52:52.305937,2025-02-25 15:53:05.217795,12.911858
channel-750,684146,30334194,30334203,9,2025-02-25 15:53:02.904210,2025-02-25 15:53:19.618053,16.713843
channel-750,684147,30334194,30334232,38,2025-02-25 15:53:02.904210,2025-02-25 15:53:58.842474,55.938264
channel-6994,1325536,30334195,30334205,10,2025-02-25 15:53:05.217795,2025-02-25 15:53:21.825133,16.607338
channel-6994,1325537,30334195,30334205,10,2025-02-25 15:53:05.217795,2025-02-25 15:53:21.825133,16.607338
channel-208,1490815,30334195,30334206,11,2025-02-25 15:53:05.217795,2025-02-25 15:53:22.927985,17.71019
channel-75,845279,30334195,30334202,7,2025-02-25 15:53:05.217795,2025-02-25 15:53:18.414921,13.197126
channel-208,1490816,30334195,30334206,11,2025-02-25 15:53:05.217795,2025-02-25 15:53:22.927985,17.71019
channel-750,684148,30334197,30334216,19,2025-02-25 15:53:10.837561,2025-02-25 15:53:35.052936,24.215375
channel-750,684149,30334198,30334214,16,2025-02-25 15:53:12.978531,2025-02-25 15:53:32.793930,19.815399
channel-88,467188,30334198,30334225,27,2025-02-25 15:53:12.978531,2025-02-25 15:53:46.324627,33.346096
channel-750,684150,30334205,30334232,27,2025-02-25 15:53:21.825133,2025-02-25 15:53:58.842474,37.017341
channel-208,1490817,30334206,30334215,9,2025-02-25 15:53:22.927985,2025-02-25 15:53:34.001602,11.073617
channel-750,684151,30334206,30334217,11,2025-02-25 15:53:22.927985,2025-02-25 15:53:36.375657,13.447672
channel-208,1490818,30334208,30334220,12,2025-02-25 15:53:25.484961,2025-02-25 15:53:40.308517,14.823556
channel-750,684152,30334208,30334225,17,2025-02-25 15:53:25.484961,2025-02-25 15:53:46.324627,20.839666
channel-165,71464,30334210,30334218,8,2025-02-25 15:53:28.141169,2025-02-25 15:53:38.101348,9.960179
channel-85077,60888,30334210,30334219,9,2025-02-25 15:53:28.141169,2025-02-25 15:53:39.198017,11.056848
channel-750,684153,30334212,30334225,13,2025-02-25 15:53:30.359786,2025-02-25 15:53:46.324627,15.964841
channel-750,684154,30334213,30334238,25,2025-02-25 15:53:31.564464,2025-02-25 15:54:05.980479,34.416015
channel-750,684155,30334217,30334229,12,2025-02-25 15:53:36.375657,2025-02-25 15:53:55.300235,18.924578
channel-750,684156,30334218,30334225,7,2025-02-25 15:53:38.101348,2025-02-25 15:53:46.324627,8.223279
channel-0,4039774,30334218,30334227,9,2025-02-25 15:53:38.101348,2025-02-25 15:53:52.856227,14.754879
channel-88,467189,30334219,30334237,18,2025-02-25 15:53:39.198017,2025-02-25 15:54:04.805329,25.607312
channel-750,684157,30334221,30334231,10,2025-02-25 15:53:41.429716,2025-02-25 15:53:57.722115,16.292399
channel-6994,1325538,30334223,30334230,7,2025-02-25 15:53:43.957922,2025-02-25 15:53:56.490808,12.532886
channel-208,1490819,30334226,30334235,9,2025-02-25 15:53:50.741620,2025-02-25 15:54:02.348873,11.607253
channel-216,94289,30334227,30334299,72,2025-02-25 15:53:52.856227,2025-02-25 15:55:25.333250,92.477023
channel-750,684158,30334229,30334235,6,2025-02-25 15:53:55.300235,2025-02-25 15:54:02.348873,7.048638
channel-6994,1325539,30334230,30334248,18,2025-02-25 15:53:56.490808,2025-02-25 15:54:20.085136,23.594328
channel-320,119264,30334231,30334287,56,2025-02-25 15:53:57.722115,2025-02-25 15:55:09.922532,72.200417
channel-165,71465,30334233,30334242,9,2025-02-25 15:54:00.112293,2025-02-25 15:54:13.226790,13.114497
channel-0,4039775,30334236,30334244,8,2025-02-25 15:54:03.557387,2025-02-25 15:54:15.440271,11.882884
channel-750,684159,30334238,30334256,18,2025-02-25 15:54:05.980479,2025-02-25 15:54:30.111169,24.13069
channel-122,668267,30334238,30334242,4,2025-02-25 15:54:05.980479,2025-02-25 15:54:13.226790,7.246311
channel-38946,124286,30334238,30334247,9,2025-02-25 15:54:05.980479,2025-02-25 15:54:18.899192,12.918713
channel-750,684160,30334239,30334244,5,2025-02-25 15:54:07.097008,2025-02-25 15:54:15.440271,8.343263
channel-0,4039776,30334240,30334249,9,2025-02-25 15:54:09.359818,2025-02-25 15:54:21.851695,12.491877
channel-750,684161,30334240,30334245,5,2025-02-25 15:54:09.359818,2025-02-25 15:54:16.605067,7.245249
channel-208,1490820,30334242,30334252,10,2025-02-25 15:54:13.226790,2025-02-25 15:54:25.406350,12.17956
channel-750,684162,30334248,30334259,11,2025-02-25 15:54:20.085136,2025-02-25 15:54:33.525634,13.440498
channel-750,684163,30334249,30334259,10,2025-02-25 15:54:21.851695,2025-02-25 15:54:33.525634,11.673939
channel-750,684164,30334249,30334264,15,2025-02-25 15:54:21.851695,2025-02-25 15:54:40.290370,18.438675
channel-750,684165,30334250,30334317,67,2025-02-25 15:54:23.084890,2025-02-25 15:55:50.236422,87.151532
channel-750,684166,30334254,30334259,5,2025-02-25 15:54:27.599395,2025-02-25 15:54:33.525634,5.926239
channel-750,684167,30334254,30334259,5,2025-02-25 15:54:27.599395,2025-02-25 15:54:33.525634,5.926239
channel-750,684168,30334254,30334266,12,2025-02-25 15:54:27.599395,2025-02-25 15:54:43.544053,15.944658
channel-6994,1325540,30334254,30334267,13,2025-02-25 15:54:27.599395,2025-02-25 15:54:44.661884,17.062489
channel-0,4039777,30334263,30334271,8,2025-02-25 15:54:39.083805,2025-02-25 15:54:49.418302,10.334497
channel-750,684169,30334269,30334284,15,2025-02-25 15:54:46.990906,2025-02-25 15:55:06.488101,19.497195
channel-750,684170,30334271,30334275,4,2025-02-25 15:54:49.418302,2025-02-25 15:54:55.035289,5.616987
channel-1,408602,30334271,30334284,13,2025-02-25 15:54:49.418302,2025-02-25 15:55:06.488101,17.069799
channel-165,71466,30334273,30334281,8,2025-02-25 15:54:51.783158,2025-02-25 15:55:02.146869,10.363711
channel-6994,1325541,30334273,30334283,10,2025-02-25 15:54:51.783158,2025-02-25 15:55:05.335876,13.552718
channel-750,684171,30334276,30334289,13,2025-02-25 15:54:56.393016,2025-02-25 15:55:12.913261,16.520245
channel-143,128438,30334276,30334288,12,2025-02-25 15:54:56.393016,2025-02-25 15:55:11.087569,14.694553
channel-750,684172,30334277,30334293,16,2025-02-25 15:54:57.508946,2025-02-25 15:55:18.583024,21.074078
channel-259,314431,30334277,30334283,6,2025-02-25 15:54:57.508946,2025-02-25 15:55:05.335876,7.82693
channel-750,684173,30334278,30334288,10,2025-02-25 15:54:58.569494,2025-02-25 15:55:11.087569,12.518075
channel-750,684174,30334278,30334292,14,2025-02-25 15:54:58.569494,2025-02-25 15:55:17.490421,18.920927
channel-19774,346124,30334287,30334296,9,2025-02-25 15:55:09.922532,2025-02-25 15:55:21.943210,12.020678
channel-122,668268,30334288,30334292,4,2025-02-25 15:55:11.087569,2025-02-25 15:55:17.490421,6.402852
channel-89298,18718,30334289,30334300,11,2025-02-25 15:55:12.913261,2025-02-25 15:55:26.533952,13.620691
channel-0,4039778,30334290,30334301,11,2025-02-25 15:55:15.134244,2025-02-25 15:55:27.698608,12.564364
channel-208,1490821,30334291,30334303,12,2025-02-25 15:55:16.334345,2025-02-25 15:55:30.172717,13.838372
channel-6994,1325542,30334296,30334308,12,2025-02-25 15:55:21.943210,2025-02-25 15:55:36.801248,14.858038
channel-76971,12252,30334299,30334323,24,2025-02-25 15:55:25.333250,2025-02-25 15:55:58.433891,33.100641
channel-0,4039779,30334299,30334311,12,2025-02-25 15:55:25.333250,2025-02-25 15:55:41.397728,16.064478
channel-0,4039780,30334301,30334311,10,2025-02-25 15:55:27.698608,2025-02-25 15:55:41.397728,13.69912
channel-750,684175,30334307,30334373,66,2025-02-25 15:55:35.779481,2025-02-25 15:57:05.946634,90.167153
channel-750,684176,30334309,30334314,5,2025-02-25 15:55:37.915248,2025-02-25 15:55:46.004406,8.089158
channel-750,684177,30334314,30334334,20,2025-02-25 15:55:46.004406,2025-02-25 15:56:14.072346,28.06794
channel-0,4039781,30334318,30334327,9,2025-02-25 15:55:51.401685,2025-02-25 15:56:04.179983,12.778298
channel-326,538362,30334323,30334331,8,2025-02-25 15:55:58.433891,2025-02-25 15:56:10.324295,11.890404
channel-6994,1325543,30334327,30334340,13,2025-02-25 15:56:04.179983,2025-02-25 15:56:22.027584,17.847601
channel-122,668269,30334329,30334333,4,2025-02-25 15:56:08.121712,2025-02-25 15:56:12.947433,4.825721
channel-85077,60889,30334333,30334349,16,2025-02-25 15:56:12.947433,2025-02-25 15:56:33.253206,20.305773
channel-165,71467,30334337,30334348,11,2025-02-25 15:56:18.540502,2025-02-25 15:56:32.039353,13.498851
channel-75,845280,30334340,30334349,9,2025-02-25 15:56:22.027584,2025-02-25 15:56:33.253206,11.225622
channel-0,4039782,30334348,30334357,9,2025-02-25 15:56:32.039353,2025-02-25 15:56:45.789097,13.749744
channel-6994,1325544,30334348,30334358,10,2025-02-25 15:56:32.039353,2025-02-25 15:56:46.917696,14.878343
channel-0,4039783,30334349,30334362,13,2025-02-25 15:56:33.253206,2025-02-25 15:56:51.741672,18.488466
channel-750,684178,30334349,30334367,18,2025-02-25 15:56:33.253206,2025-02-25 15:56:57.974731,24.721525
channel-750,684179,30334350,30334356,6,2025-02-25 15:56:34.399988,2025-02-25 15:56:44.700535,10.300547
channel-1,408603,30334351,30334388,37,2025-02-25 15:56:38.994363,2025-02-25 15:57:29.556502,50.562139
channel-75,845281,30334354,30334363,9,2025-02-25 15:56:42.484760,2025-02-25 15:56:52.990650,10.50589
channel-750,684180,30334355,30334366,11,2025-02-25 15:56:43.579381,2025-02-25 15:56:56.585545,13.006164
channel-750,684181,30334356,30334373,17,2025-02-25 15:56:44.700535,2025-02-25 15:57:05.946634,21.246099
channel-1429,140776,30334361,30334373,12,2025-02-25 15:56:50.649126,2025-02-25 15:57:05.946634,15.297508
channel-750,684182,30334361,30334423,62,2025-02-25 15:56:50.649126,2025-02-25 15:58:17.051740,86.402614
channel-750,684183,30334361,30334374,13,2025-02-25 15:56:50.649126,2025-02-25 15:57:10.385774,19.736648
channel-208,1490822,30334365,30334373,8,2025-02-25 15:56:55.463280,2025-02-25 15:57:05.946634,10.483354
channel-1429,140777,30334366,30334375,9,2025-02-25 15:56:56.585545,2025-02-25 15:57:11.585552,15.000007
channel-89321,19514,30334369,30334375,6,2025-02-25 15:57:01.257983,2025-02-25 15:57:11.585552,10.327569
channel-750,684184,30334373,30334378,5,2025-02-25 15:57:05.946634,2025-02-25 15:57:15.001884,9.05525
channel-750,684185,30334373,30334378,5,2025-02-25 15:57:05.946634,2025-02-25 15:57:15.001884,9.05525
channel-165,71468,30334373,30334383,10,2025-02-25 15:57:05.946634,2025-02-25 15:57:22.632221,16.685587
channel-0,4039784,30334373,30334382,9,2025-02-25 15:57:05.946634,2025-02-25 15:57:21.247598,15.300964
channel-88,467190,30334377,30334397,20,2025-02-25 15:57:13.876639,2025-02-25 15:57:40.167147,26.290508
channel-0,4039785,30334384,30334397,13,2025-02-25 15:57:23.777081,2025-02-25 15:57:40.167147,16.390066
channel-1429,140778,30334385,30334398,13,2025-02-25 15:57:24.920398,2025-02-25 15:57:41.438207,16.517809
channel-782,310273,30334385,30334391,6,2025-02-25 15:57:24.920398,2025-02-25 15:57:33.500539,8.580141
channel-85077,60890,30334394,30334406,12,2025-02-25 15:57:36.771726,2025-02-25 15:57:51.192214,14.420488
channel-0,4039786,30334398,30334407,9,2025-02-25 15:57:41.438207,2025-02-25 15:57:52.347326,10.909119
channel-0,4039787,30334400,30334408,8,2025-02-25 15:57:43.760869,2025-02-25 15:57:53.421846,9.660977
channel-2694,3323,30334405,30334428,23,2025-02-25 15:57:50.054715,2025-02-25 15:58:22.842432,32.787717
channel-0,4039788,30334414,30334425,11,2025-02-25 15:58:02.148965,2025-02-25 15:58:19.428813,17.279848
channel-169,117529,30334424,30334431,7,2025-02-25 15:58:18.295758,2025-02-25 15:58:26.400117,8.104359
channel-6994,1325545,30334429,30334439,10,2025-02-25 15:58:24.093989,2025-02-25 15:58:36.787656,12.693667
channel-783,104357,30334429,30334437,8,2025-02-25 15:58:24.093989,2025-02-25 15:58:34.652395,10.558406
channel-85077,60891,30334441,30334449,8,2025-02-25 15:58:38.958625,2025-02-25 15:58:49.828230,10.869605
channel-76971,12253,30334444,30334467,23,2025-02-25 15:58:43.476071,2025-02-25 15:59:10.339824,26.863753
channel-1,408604,30334451,30334463,12,2025-02-25 15:58:52.063718,2025-02-25 15:59:05.620568,13.55685
channel-0,4039789,30334452,30334464,12,2025-02-25 15:58:53.192442,2025-02-25 15:59:06.796442,13.604
channel-0,4039790,30334454,30334464,10,2025-02-25 15:58:55.434165,2025-02-25 15:59:06.796442,11.362277
channel-6994,1325546,30334469,30334481,12,2025-02-25 15:59:12.589679,2025-02-25 15:59:28.304872,15.715193
channel-0,4039791,30334480,30334491,11,2025-02-25 15:59:27.054234,2025-02-25 15:59:42.876264,15.82203
channel-750,684186,30334486,30334495,9,2025-02-25 15:59:36.137541,2025-02-25 15:59:47.463887,11.326346
channel-19774,346125,30334489,30334498,9,2025-02-25 15:59:39.466457,2025-02-25 15:59:50.795778,11.329321
channel-5,184340,30334492,30334505,13,2025-02-25 15:59:43.910914,2025-02-25 16:00:00.528268,16.617354
channel-208,1490823,30334496,30334508,12,2025-02-25 15:59:48.588130,2025-02-25 16:00:04.111220,15.52309
channel-0,4039792,30334508,30334516,8,2025-02-25 16:00:04.111220,2025-02-25 16:00:15.296054,11.184834
channel-6994,1325547,30334509,30334519,10,2025-02-25 16:00:05.234097,2025-02-25 16:00:18.726623,13.492526
channel-750,684187,30334515,30334520,5,2025-02-25 16:00:14.190270,2025-02-25 16:00:19.883669,5.693399
channel-750,684188,30334519,30334523,4,2025-02-25 16:00:18.726623,2025-02-25 16:00:23.563640,4.837017
channel-0,4039793,30334522,30334533,11,2025-02-25 16:00:22.270775,2025-02-25 16:00:39.534820,17.264045
channel-76971,12254,30334523,30334543,20,2025-02-25 16:00:23.563640,2025-02-25 16:00:52.443870,28.88023
channel-1,408605,30334523,30334545,22,2025-02-25 16:00:23.563640,2025-02-25 16:00:56.179178,32.615538
channel-88,467191,30334528,30334541,13,2025-02-25 16:00:30.328312,2025-02-25 16:00:50.097140,19.768828
channel-19774,346126,30334530,30334538,8,2025-02-25 16:00:35.885881,2025-02-25 16:00:46.057825,10.171944
channel-5,184341,30334533,30334543,10,2025-02-25 16:00:39.534820,2025-02-25 16:00:52.443870,12.90905
channel-208,1490824,30334537,30334545,8,2025-02-25 16:00:44.960090,2025-02-25 16:00:56.179178,11.219088
channel-0,4039794,30334542,30334580,38,2025-02-25 16:00:51.297398,2025-02-25 16:01:41.981991,50.684593
channel-6994,1325548,30334543,30334552,9,2025-02-25 16:00:52.443870,2025-02-25 16:01:05.805822,13.361952
channel-85077,60892,30334547,30334557,10,2025-02-25 16:00:58.538323,2025-02-25 16:01:11.630227,13.091904
channel-19774,346127,30334548,30334557,9,2025-02-25 16:01:00.218969,2025-02-25 16:01:11.630227,11.411258
channel-85077,60893,30334549,30334561,12,2025-02-25 16:01:01.309201,2025-02-25 16:01:17.313908,16.004707
channel-73755,5850,30334559,30334567,8,2025-02-25 16:01:14.018109,2025-02-25 16:01:24.412260,10.394151
channel-750,684189,30334565,30334585,20,2025-02-25 16:01:21.941625,2025-02-25 16:01:47.477468,25.535843
channel-88,467192,30334571,30334579,8,2025-02-25 16:01:29.025302,2025-02-25 16:01:39.722022,10.69672
channel-412,64643,30334572,30334587,15,2025-02-25 16:01:30.110832,2025-02-25 16:01:50.761813,20.650981
channel-208,1490825,30334573,30334581,8,2025-02-25 16:01:31.360795,2025-02-25 16:01:43.129966,11.769171
channel-1,408606,30334573,30334583,10,2025-02-25 16:01:31.360795,2025-02-25 16:01:45.277530,13.916735
channel-208,1490826,30334573,30334581,8,2025-02-25 16:01:31.360795,2025-02-25 16:01:43.129966,11.769171
channel-6994,1325549,30334587,30334596,9,2025-02-25 16:01:50.761813,2025-02-25 16:02:06.434753,15.67294
channel-750,684190,30334600,30334617,17,2025-02-25 16:02:12.025816,2025-02-25 16:02:32.312721,20.286905
channel-0,4039795,30334606,30334615,9,2025-02-25 16:02:18.877039,2025-02-25 16:02:29.644994,10.767955
channel-88,467193,30334606,30334631,25,2025-02-25 16:02:18.877039,2025-02-25 16:02:51.027542,32.150503
channel-0,4039796,30334608,30334637,29,2025-02-25 16:02:21.104912,2025-02-25 16:02:58.992533,37.887621
channel-750,684191,30334610,30334615,5,2025-02-25 16:02:23.299758,2025-02-25 16:02:29.644994,6.345236
channel-6994,1325550,30334610,30334619,9,2025-02-25 16:02:23.299758,2025-02-25 16:02:34.844455,11.544697
channel-208,1490827,30334615,30334624,9,2025-02-25 16:02:29.644994,2025-02-25 16:02:40.899065,11.254071
channel-208,1490828,30334617,30334628,11,2025-02-25 16:02:32.312721,2025-02-25 16:02:47.612052,15.299331
channel-85077,60894,30334619,30334635,16,2025-02-25 16:02:34.844455,2025-02-25 16:02:56.720474,21.876019
channel-19774,346128,30334620,30334627,7,2025-02-25 16:02:36.187569,2025-02-25 16:02:45.290688,9.103119
channel-208,1490829,30334638,30334652,14,2025-02-25 16:03:00.045163,2025-02-25 16:03:17.855428,17.810265
channel-85077,60895,30334638,30334647,9,2025-02-25 16:03:00.045163,2025-02-25 16:03:12.206095,12.160932
channel-6994,1325551,30334639,30334650,11,2025-02-25 16:03:01.237893,2025-02-25 16:03:15.743638,14.505745
channel-75,845282,30334642,30334652,10,2025-02-25 16:03:05.815084,2025-02-25 16:03:17.855428,12.040344
channel-199,132824,30334642,30334653,11,2025-02-25 16:03:05.815084,2025-02-25 16:03:19.023131,13.208047
channel-88,467194,30334644,30334674,30,2025-02-25 16:03:08.051238,2025-02-25 16:03:45.614123,37.562885
channel-208,1490830,30334646,30334656,10,2025-02-25 16:03:10.983281,2025-02-25 16:03:22.827496,11.844215
channel-326,538363,30334658,30334677,19,2025-02-25 16:03:25.110915,2025-02-25 16:03:50.350003,25.239088
channel-750,684192,30334666,30334670,4,2025-02-25 16:03:34.578343,2025-02-25 16:03:39.237030,4.658687
channel-208,1490831,30334671,30334683,12,2025-02-25 16:03:40.321089,2025-02-25 16:03:57.824215,17.503126
channel-208,1490832,30334673,30334683,10,2025-02-25 16:03:44.408745,2025-02-25 16:03:57.824215,13.41547
channel-750,684193,30334674,30334678,4,2025-02-25 16:03:45.614123,2025-02-25 16:03:52.217249,6.603126
channel-208,1490833,30334678,30334685,7,2025-02-25 16:03:52.217249,2025-02-25 16:04:00.136509,7.91926
channel-750,684194,30334679,30334695,16,2025-02-25 16:03:53.294519,2025-02-25 16:04:16.759917,23.465398
channel-85077,60896,30334681,30334689,8,2025-02-25 16:03:55.579385,2025-02-25 16:04:08.787362,13.207977
channel-6994,1325552,30334683,30334690,7,2025-02-25 16:03:57.824215,2025-02-25 16:04:09.916904,12.092689
channel-0,4039797,30334685,30334695,10,2025-02-25 16:04:00.136509,2025-02-25 16:04:16.759917,16.623408
channel-326,538364,30334689,30334722,33,2025-02-25 16:04:08.787362,2025-02-25 16:04:48.926932,40.13957
channel-6994,1325553,30334707,30334719,12,2025-02-25 16:04:31.553962,2025-02-25 16:04:45.462528,13.908566
channel-122,668270,30334708,30334711,3,2025-02-25 16:04:32.604096,2025-02-25 16:04:36.467411,3.863315
channel-750,684195,30334709,30334714,5,2025-02-25 16:04:33.699741,2025-02-25 16:04:39.874646,6.174905
channel-19774,346129,30334711,30334721,10,2025-02-25 16:04:36.467411,2025-02-25 16:04:47.813965,11.346554
channel-6994,1325554,30334730,30334742,12,2025-02-25 16:04:59.684680,2025-02-25 16:05:14.407905,14.723225
channel-0,4039798,30334740,30334753,13,2025-02-25 16:05:12.162451,2025-02-25 16:05:27.757756,15.595305
channel-0,4039799,30334747,30334756,9,2025-02-25 16:05:20.760528,2025-02-25 16:05:31.391527,10.630999
channel-6994,1325555,30334756,30334765,9,2025-02-25 16:05:31.391527,2025-02-25 16:05:48.128376,16.736849
channel-750,684196,30334760,30334762,2,2025-02-25 16:05:36.108684,2025-02-25 16:05:39.339779,3.231095
channel-85077,60897,30334764,30334775,11,2025-02-25 16:05:46.844136,2025-02-25 16:06:00.642368,13.798232
channel-6994,1325556,30334764,30334774,10,2025-02-25 16:05:46.844136,2025-02-25 16:05:59.568359,12.724223
channel-6994,1325557,30334767,30334778,11,2025-02-25 16:05:50.394013,2025-02-25 16:06:04.547981,14.153968
channel-89298,18719,30334767,30334776,9,2025-02-25 16:05:50.394013,2025-02-25 16:06:01.716160,11.322147
channel-1424,7359,30334768,30334777,9,2025-02-25 16:05:51.549832,2025-02-25 16:06:03.465707,11.915875
channel-88,467195,30334786,30334802,16,2025-02-25 16:06:13.908251,2025-02-25 16:06:36.525701,22.61745
channel-6994,1325558,30334794,30334804,10,2025-02-25 16:06:24.188918,2025-02-25 16:06:39.855462,15.666544
channel-199,132825,30334794,30334803,9,2025-02-25 16:06:24.188918,2025-02-25 16:06:37.675018,13.4861
channel-122,668271,30334801,30334804,3,2025-02-25 16:06:35.440442,2025-02-25 16:06:39.855462,4.41502
channel-2694,3324,30334806,30334818,12,2025-02-25 16:06:42.156114,2025-02-25 16:06:57.511109,15.354995
channel-0,4039800,30334815,30334825,10,2025-02-25 16:06:54.071114,2025-02-25 16:07:07.747101,13.675987
channel-85077,60898,30334816,30334824,8,2025-02-25 16:06:55.141978,2025-02-25 16:07:06.610286,11.468308
channel-6787,166782,30334817,30334820,3,2025-02-25 16:06:56.442940,2025-02-25 16:07:01.093582,4.650642
channel-874,293411,30334823,30334840,17,2025-02-25 16:07:05.442171,2025-02-25 16:07:25.320430,19.878259
channel-122,668272,30334825,30334831,6,2025-02-25 16:07:07.747101,2025-02-25 16:07:14.700328,6.953227
channel-85077,60899,30334831,30334840,9,2025-02-25 16:07:14.700328,2025-02-25 16:07:25.320430,10.620102
channel-0,4039801,30334831,30334841,10,2025-02-25 16:07:14.700328,2025-02-25 16:07:26.583755,11.883427
channel-750,684197,30334843,30334848,5,2025-02-25 16:07:29.510818,2025-02-25 16:07:36.192059,6.681241
channel-208,1490834,30334843,30334850,7,2025-02-25 16:07:29.510818,2025-02-25 16:07:39.995487,10.484669
channel-750,684198,30334843,30334850,7,2025-02-25 16:07:29.510818,2025-02-25 16:07:39.995487,10.484669
channel-326,538365,30334846,30334850,4,2025-02-25 16:07:33.932158,2025-02-25 16:07:39.995487,6.063329
channel-85077,60900,30334848,30334874,26,2025-02-25 16:07:36.192059,2025-02-25 16:08:12.334881,36.142822
channel-85077,60901,30334851,30334861,10,2025-02-25 16:07:44.427853,2025-02-25 16:07:56.228147,11.800294
channel-2694,3325,30334866,30334886,20,2025-02-25 16:08:01.867900,2025-02-25 16:08:27.788513,25.920613
channel-19774,346130,30334867,30334876,9,2025-02-25 16:08:03.042607,2025-02-25 16:08:15.371178,12.328571
channel-6994,1325559,30334870,30334880,10,2025-02-25 16:08:07.829255,2025-02-25 16:08:19.888598,12.059343
channel-750,684199,30334875,30334880,5,2025-02-25 16:08:14.119794,2025-02-25 16:08:19.888598,5.768804
channel-89321,19515,30334892,30334904,12,2025-02-25 16:08:34.842340,2025-02-25 16:08:49.379226,14.536886
channel-1575,15200,30334894,30334901,7,2025-02-25 16:08:37.384468,2025-02-25 16:08:46.103108,8.71864
channel-0,4039802,30334896,30334908,12,2025-02-25 16:08:39.503016,2025-02-25 16:08:53.967231,14.464215
channel-0,4039803,30334900,30334913,13,2025-02-25 16:08:44.261636,2025-02-25 16:09:00.384995,16.123359
channel-2694,3326,30334903,30334918,15,2025-02-25 16:08:48.254919,2025-02-25 16:09:07.035103,18.780184
channel-750,684200,30334904,30334909,5,2025-02-25 16:08:49.379226,2025-02-25 16:08:55.089422,5.710196
channel-259,314432,30334908,30334913,5,2025-02-25 16:08:53.967231,2025-02-25 16:09:00.384995,6.417764
channel-85077,60902,30334918,30334927,9,2025-02-25 16:09:07.035103,2025-02-25 16:09:19.101636,12.066533
channel-0,4039804,30334921,30334931,10,2025-02-25 16:09:11.577081,2025-02-25 16:09:24.554531,12.97745
channel-85077,60903,30334930,30334938,8,2025-02-25 16:09:23.005790,2025-02-25 16:09:34.063405,11.057615
channel-6994,1325560,30334943,30334967,24,2025-02-25 16:09:41.588427,2025-02-25 16:10:12.871794,31.283367
channel-750,684201,30334943,30334953,10,2025-02-25 16:09:41.588427,2025-02-25 16:09:55.166711,13.578284
channel-6994,1325561,30334946,30334953,7,2025-02-25 16:09:46.128258,2025-02-25 16:09:55.166711,9.038453
channel-326,538366,30334958,30334963,5,2025-02-25 16:10:02.235616,2025-02-25 16:10:07.985428,5.749812
channel-1,408607,30334959,30334969,10,2025-02-25 16:10:03.418330,2025-02-25 16:10:16.385474,12.967144
channel-1,408608,30334960,30334969,9,2025-02-25 16:10:04.501841,2025-02-25 16:10:16.385474,11.883633
channel-208,1490835,30334967,30334977,10,2025-02-25 16:10:12.871794,2025-02-25 16:10:26.226918,13.355124
channel-0,4039805,30335003,30335011,8,2025-02-25 16:11:02.665453,2025-02-25 16:11:12.357428,9.691975
channel-122,668273,30335009,30335012,3,2025-02-25 16:11:09.979061,2025-02-25 16:11:14.406869,4.427808
channel-216,94290,30335013,30335085,72,2025-02-25 16:11:15.453672,2025-02-25 16:12:51.423718,95.970046
channel-216,94291,30335017,30335085,68,2025-02-25 16:11:21.019143,2025-02-25 16:12:51.423718,90.404575
channel-143,128439,30335020,30335033,13,2025-02-25 16:11:24.396702,2025-02-25 16:11:44.993089,20.596387
channel-642,126539,30335021,30335032,11,2025-02-25 16:11:26.535092,2025-02-25 16:11:43.747058,17.211966
channel-199,132826,30335027,30335044,17,2025-02-25 16:11:38.120481,2025-02-25 16:11:58.458887,20.338406
channel-85077,60904,30335027,30335039,12,2025-02-25 16:11:38.120481,2025-02-25 16:11:51.988761,13.86828
channel-89321,19516,30335031,30335050,19,2025-02-25 16:11:42.600491,2025-02-25 16:12:05.332784,22.732293
channel-0,4039806,30335033,30335043,10,2025-02-25 16:11:44.993089,2025-02-25 16:11:57.239234,12.246145
channel-208,1490836,30335035,30335046,11,2025-02-25 16:11:47.319357,2025-02-25 16:12:00.691790,13.372433
channel-4,167053,30335042,30335053,11,2025-02-25 16:11:56.064606,2025-02-25 16:12:08.904791,12.840185
channel-2188,43840,30335056,30335060,4,2025-02-25 16:12:12.366339,2025-02-25 16:12:16.753745,4.387406
channel-6994,1325562,30335056,30335066,10,2025-02-25 16:12:12.366339,2025-02-25 16:12:26.738237,14.371898
channel-85077,60905,30335058,30335067,9,2025-02-25 16:12:14.595810,2025-02-25 16:12:27.975869,13.380059
channel-750,684202,30335063,30335067,4,2025-02-25 16:12:20.097369,2025-02-25 16:12:27.975869,7.8785
channel-1,408609,30335066,30335082,16,2025-02-25 16:12:26.738237,2025-02-25 16:12:46.986652,20.248415
channel-0,4039807,30335067,30335077,10,2025-02-25 16:12:27.975869,2025-02-25 16:12:41.249661,13.273792
channel-42,1490075,30335070,30335078,8,2025-02-25 16:12:31.616673,2025-02-25 16:12:42.489391,10.872718
channel-1,408610,30335075,30335090,15,2025-02-25 16:12:38.739246,2025-02-25 16:12:57.686840,18.947594
channel-208,1490837,30335083,30335095,12,2025-02-25 16:12:48.149791,2025-02-25 16:13:03.487988,15.338197
channel-0,4039808,30335093,30335101,8,2025-02-25 16:13:01.055108,2025-02-25 16:13:10.418802,9.363694
channel-6994,1325563,30335095,30335103,8,2025-02-25 16:13:03.487988,2025-02-25 16:13:13.821688,10.3337
channel-6994,1325564,30335105,30335114,9,2025-02-25 16:13:16.035361,2025-02-25 16:13:29.968745,13.933384
channel-208,1490838,30335119,30335129,10,2025-02-25 16:13:36.637230,2025-02-25 16:13:49.309613,12.672383
channel-88,467196,30335120,30335142,22,2025-02-25 16:13:37.774364,2025-02-25 16:14:06.157573,28.383209
channel-208,1490839,30335121,30335134,13,2025-02-25 16:13:38.999694,2025-02-25 16:13:55.067840,16.068146
channel-258,17759,30335126,30335140,14,2025-02-25 16:13:44.872247,2025-02-25 16:14:03.420657,18.54841
channel-1,408611,30335126,30335144,18,2025-02-25 16:13:44.872247,2025-02-25 16:14:08.754722,23.882475
channel-208,1490840,30335127,30335138,11,2025-02-25 16:13:46.009981,2025-02-25 16:13:59.957892,13.947911
channel-6994,1325565,30335135,30335147,12,2025-02-25 16:13:56.184061,2025-02-25 16:14:12.240023,16.055962
channel-88,467197,30335140,30335152,12,2025-02-25 16:14:03.420657,2025-02-25 16:14:17.734516,14.313859
channel-6994,1325566,30335147,30335157,10,2025-02-25 16:14:12.240023,2025-02-25 16:14:23.801923,11.5619
channel-143,128440,30335158,30335175,17,2025-02-25 16:14:25.134788,2025-02-25 16:14:47.565925,22.431137
channel-0,4039809,30335159,30335171,12,2025-02-25 16:14:27.548406,2025-02-25 16:14:42.237570,14.689164
channel-19774,346131,30335162,30335179,17,2025-02-25 16:14:31.006581,2025-02-25 16:14:52.204220,21.197639
channel-8,43468,30335165,30335184,19,2025-02-25 16:14:35.620323,2025-02-25 16:14:58.325550,22.705227
channel-89321,19517,30335168,30335178,10,2025-02-25 16:14:38.951282,2025-02-25 16:14:50.962006,12.010724
channel-6994,1325567,30335178,30335187,9,2025-02-25 16:14:50.962006,2025-02-25 16:15:05.161775,14.199769
channel-208,1490841,30335180,30335187,7,2025-02-25 16:14:53.330295,2025-02-25 16:15:05.161775,11.83148
channel-750,684203,30335184,30335195,11,2025-02-25 16:14:58.325550,2025-02-25 16:15:14.478995,16.153445
channel-0,4039810,30335187,30335197,10,2025-02-25 16:15:05.161775,2025-02-25 16:15:18.240791,13.079016
channel-229,55042,30335192,30335199,7,2025-02-25 16:15:11.219002,2025-02-25 16:15:21.732693,10.513691
channel-6994,1325568,30335198,30335208,10,2025-02-25 16:15:19.575039,2025-02-25 16:15:32.476475,12.901436
channel-4,167054,30335198,30335213,15,2025-02-25 16:15:19.575039,2025-02-25 16:15:39.142746,19.567707
channel-0,4039811,30335213,30335221,8,2025-02-25 16:15:39.142746,2025-02-25 16:15:52.116192,12.973446
channel-2694,3327,30335223,30335240,17,2025-02-25 16:15:54.870834,2025-02-25 16:16:17.240818,22.369984
channel-208,1490842,30335229,30335238,9,2025-02-25 16:16:02.724583,2025-02-25 16:16:14.268903,11.54432
channel-6994,1325569,30335232,30335245,13,2025-02-25 16:16:06.248923,2025-02-25 16:16:23.020606,16.771683
channel-85077,60906,30335235,30335245,10,2025-02-25 16:16:10.875786,2025-02-25 16:16:23.020606,12.14482
channel-6787,166783,30335240,30335244,4,2025-02-25 16:16:17.240818,2025-02-25 16:16:21.881610,4.640792
channel-6994,1325570,30335247,30335257,10,2025-02-25 16:16:25.383624,2025-02-25 16:16:37.941640,12.558016
channel-0,4039812,30335263,30335274,11,2025-02-25 16:16:47.220101,2025-02-25 16:17:01.148944,13.928843
channel-326,538367,30335267,30335285,18,2025-02-25 16:16:51.699862,2025-02-25 16:17:15.518965,23.819103
channel-85077,60907,30335269,30335279,10,2025-02-25 16:16:53.908501,2025-02-25 16:17:06.878959,12.970458
channel-6994,1325571,30335270,30335282,12,2025-02-25 16:16:56.046269,2025-02-25 16:17:11.896384,15.850115
channel-750,684204,30335272,30335279,7,2025-02-25 16:16:58.830100,2025-02-25 16:17:06.878959,8.048859
channel-6994,1325572,30335286,30335297,11,2025-02-25 16:17:16.812976,2025-02-25 16:17:30.463466,13.65049
channel-199,132827,30335288,30335301,13,2025-02-25 16:17:20.139639,2025-02-25 16:17:35.186201,15.046562
channel-6994,1325573,30335306,30335315,9,2025-02-25 16:17:42.485998,2025-02-25 16:17:53.078883,10.592885
channel-143,128441,30335322,30335339,17,2025-02-25 16:18:01.502834,2025-02-25 16:18:22.448729,20.945895
channel-89321,19518,30335344,30335353,9,2025-02-25 16:18:29.892799,2025-02-25 16:18:43.395248,13.502449
channel-750,684205,30335346,30335350,4,2025-02-25 16:18:32.123791,2025-02-25 16:18:36.688419,4.564628
channel-6994,1325574,30335347,30335355,8,2025-02-25 16:18:33.261622,2025-02-25 16:18:45.670479,12.408857
channel-143,128442,30335348,30335355,7,2025-02-25 16:18:34.425479,2025-02-25 16:18:45.670479,11.245
channel-750,684206,30335360,30335364,4,2025-02-25 16:18:53.469840,2025-02-25 16:18:58.341119,4.871279
channel-6994,1325575,30335361,30335372,11,2025-02-25 16:18:54.751281,2025-02-25 16:19:09.821301,15.07002
channel-208,1490843,30335370,30335380,10,2025-02-25 16:19:06.455967,2025-02-25 16:19:19.597875,13.141908
channel-143,128443,30335372,30335382,10,2025-02-25 16:19:09.821301,2025-02-25 16:19:22.920708,13.099407
channel-208,1490844,30335388,30335399,11,2025-02-25 16:19:29.970716,2025-02-25 16:19:43.904140,13.933424
channel-750,684207,30335391,30335405,14,2025-02-25 16:19:34.322647,2025-02-25 16:19:50.605125,16.282478
channel-75,845283,30335392,30335401,9,2025-02-25 16:19:35.417082,2025-02-25 16:19:46.125312,10.70823
channel-750,684208,30335402,30335413,11,2025-02-25 16:19:47.215844,2025-02-25 16:20:01.582596,14.366752
channel-750,684209,30335422,30335427,5,2025-02-25 16:20:13.184029,2025-02-25 16:20:22.406257,9.222228
channel-6994,1325576,30335433,30335442,9,2025-02-25 16:20:29.379000,2025-02-25 16:20:41.359822,11.980822
channel-122,668274,30335439,30335443,4,2025-02-25 16:20:37.926266,2025-02-25 16:20:42.699127,4.772861
channel-0,4039813,30335439,30335449,10,2025-02-25 16:20:37.926266,2025-02-25 16:20:51.471920,13.545654
channel-750,684210,30335440,30335450,10,2025-02-25 16:20:39.132242,2025-02-25 16:20:53.776692,14.64445
channel-89321,19519,30335443,30335450,7,2025-02-25 16:20:42.699127,2025-02-25 16:20:53.776692,11.077565
channel-6787,166784,30335445,30335449,4,2025-02-25 16:20:44.955514,2025-02-25 16:20:51.471920,6.516406
channel-6994,1325577,30335445,30335454,9,2025-02-25 16:20:44.955514,2025-02-25 16:20:58.493889,13.538375
channel-783,104358,30335467,30335477,10,2025-02-25 16:21:14.633122,2025-02-25 16:21:27.137958,12.504836
channel-6994,1325578,30335476,30335486,10,2025-02-25 16:21:25.992440,2025-02-25 16:21:37.321853,11.329413
channel-259,314433,30335477,30335483,6,2025-02-25 16:21:27.137958,2025-02-25 16:21:34.008418,6.87046
channel-6994,1325579,30335478,30335505,27,2025-02-25 16:21:28.327392,2025-02-25 16:22:03.921939,35.594547
channel-783,104359,30335480,30335489,9,2025-02-25 16:21:30.636725,2025-02-25 16:21:42.395110,11.758385
channel-75,845284,30335499,30335505,6,2025-02-25 16:21:56.564526,2025-02-25 16:22:03.921939,7.357413
channel-122,668275,30335509,30335512,3,2025-02-25 16:22:08.435373,2025-02-25 16:22:12.635312,4.199939
channel-85077,60908,30335509,30335517,8,2025-02-25 16:22:08.435373,2025-02-25 16:22:18.465591,10.030218
channel-85077,60909,30335512,30335520,8,2025-02-25 16:22:12.635312,2025-02-25 16:22:22.046588,9.411276
channel-85791,3779,30335513,30335519,6,2025-02-25 16:22:13.766293,2025-02-25 16:22:20.861616,7.095323
channel-6994,1325580,30335514,30335521,7,2025-02-25 16:22:14.903492,2025-02-25 16:22:26.566507,11.663015
channel-6994,1325581,30335515,30335527,12,2025-02-25 16:22:15.997843,2025-02-25 16:22:33.473870,17.476027
channel-122,668276,30335519,30335524,5,2025-02-25 16:22:20.861616,2025-02-25 16:22:30.053240,9.191624
channel-122,668277,30335520,30335524,4,2025-02-25 16:22:22.046588,2025-02-25 16:22:30.053240,8.006652
channel-6994,1325582,30335527,30335537,10,2025-02-25 16:22:33.473870,2025-02-25 16:22:45.645367,12.171497
channel-326,538368,30335536,30335542,6,2025-02-25 16:22:44.526402,2025-02-25 16:22:51.503863,6.977461
channel-208,1490845,30335537,30335545,8,2025-02-25 16:22:45.645367,2025-02-25 16:22:56.739106,11.093739
channel-6994,1325583,30335545,30335555,10,2025-02-25 16:22:56.739106,2025-02-25 16:23:09.304405,12.565299
channel-6994,1325584,30335548,30335559,11,2025-02-25 16:23:01.415349,2025-02-25 16:23:14.871238,13.455889
channel-5,184342,30335549,30335560,11,2025-02-25 16:23:02.544114,2025-02-25 16:23:16.035580,13.491466
channel-89321,19520,30335550,30335581,31,2025-02-25 16:23:03.706257,2025-02-25 16:23:43.140620,39.434363
channel-0,4039814,30335550,30335560,10,2025-02-25 16:23:03.706257,2025-02-25 16:23:16.035580,12.329323
channel-208,1490846,30335557,30335569,12,2025-02-25 16:23:11.667207,2025-02-25 16:23:26.713569,15.046362
channel-1,408612,30335562,30335577,15,2025-02-25 16:23:18.257541,2025-02-25 16:23:38.611118,20.353577
channel-6994,1325585,30335563,30335573,10,2025-02-25 16:23:19.390675,2025-02-25 16:23:33.072837,13.682162
channel-6994,1325586,30335566,30335576,10,2025-02-25 16:23:23.121051,2025-02-25 16:23:37.379477,14.258426
channel-208,1490847,30335568,30335576,8,2025-02-25 16:23:25.419689,2025-02-25 16:23:37.379477,11.959788
channel-85077,60910,30335572,30335581,9,2025-02-25 16:23:31.911644,2025-02-25 16:23:43.140620,11.228976
channel-5,184343,30335572,30335578,6,2025-02-25 16:23:31.911644,2025-02-25 16:23:39.850319,7.938675
channel-113,301359,30335578,30335613,35,2025-02-25 16:23:39.850319,2025-02-25 16:24:23.169371,43.319052
channel-0,4039815,30335583,30335596,13,2025-02-25 16:23:45.471613,2025-02-25 16:24:01.975065,16.503452
channel-19774,346132,30335596,30335605,9,2025-02-25 16:24:01.975065,2025-02-25 16:24:13.867930,11.892865
channel-91017,2908,30335596,30335610,14,2025-02-25 16:24:01.975065,2025-02-25 16:24:19.773722,17.798657
channel-208,1490848,30335597,30335608,11,2025-02-25 16:24:03.231860,2025-02-25 16:24:17.429746,14.197886
channel-148,16094,30335604,30335614,10,2025-02-25 16:24:12.675846,2025-02-25 16:24:24.715390,12.039544
channel-2188,43841,30335607,30335611,4,2025-02-25 16:24:16.182148,2025-02-25 16:24:20.863479,4.681331
channel-5,184344,30335610,30335617,7,2025-02-25 16:24:19.773722,2025-02-25 16:24:29.168618,9.394896
channel-326,538369,30335614,30335619,5,2025-02-25 16:24:24.715390,2025-02-25 16:24:31.618860,6.90347
channel-19774,346133,30335620,30335627,7,2025-02-25 16:24:32.759321,2025-02-25 16:24:44.092548,11.333227
channel-208,1490849,30335622,30335630,8,2025-02-25 16:24:38.221166,2025-02-25 16:24:52.023557,13.802391
channel-4,167055,30335629,30335639,10,2025-02-25 16:24:50.885243,2025-02-25 16:25:04.375104,13.489861
channel-5,184345,30335630,30335639,9,2025-02-25 16:24:52.023557,2025-02-25 16:25:04.375104,12.351547
channel-75,845285,30335631,30335636,5,2025-02-25 16:24:53.213997,2025-02-25 16:25:00.812800,7.598803
channel-122,668278,30335643,30335649,6,2025-02-25 16:25:09.676205,2025-02-25 16:25:17.609290,7.933085
channel-0,4039816,30335644,30335655,11,2025-02-25 16:25:12.116719,2025-02-25 16:25:24.805445,12.688726
channel-750,684211,30335651,30335660,9,2025-02-25 16:25:20.002462,2025-02-25 16:25:31.641581,11.639119
channel-0,4039817,30335651,30335667,16,2025-02-25 16:25:20.002462,2025-02-25 16:25:40.860471,20.858009
channel-0,4039818,30335652,30335667,15,2025-02-25 16:25:21.242611,2025-02-25 16:25:40.860471,19.61786
channel-5,184346,30335657,30335668,11,2025-02-25 16:25:27.135116,2025-02-25 16:25:42.613119,15.478003
channel-874,293412,30335659,30335664,5,2025-02-25 16:25:30.403451,2025-02-25 16:25:37.257699,6.854248
channel-85077,60911,30335664,30335673,9,2025-02-25 16:25:37.257699,2025-02-25 16:25:48.418394,11.160695
channel-750,684212,30335666,30335671,5,2025-02-25 16:25:39.723472,2025-02-25 16:25:46.259935,6.536463
channel-6994,1325587,30335673,30335684,11,2025-02-25 16:25:48.418394,2025-02-25 16:26:00.773463,12.355069
channel-2188,43842,30335674,30335678,4,2025-02-25 16:25:49.695563,2025-02-25 16:25:54.154036,4.458473
channel-5,184347,30335689,30335699,10,2025-02-25 16:26:06.472006,2025-02-25 16:26:22.671606,16.1996
channel-38946,124287,30335694,30335712,18,2025-02-25 16:26:15.158590,2025-02-25 16:26:40.233045,25.074455
channel-2188,43843,30335696,30335701,5,2025-02-25 16:26:18.614431,2025-02-25 16:26:24.917885,6.303454
channel-6994,1325588,30335697,30335707,10,2025-02-25 16:26:19.849151,2025-02-25 16:26:33.451206,13.602055
channel-19774,346134,30335702,30335712,10,2025-02-25 16:26:26.066005,2025-02-25 16:26:40.233045,14.16704
channel-0,4039819,30335704,30335716,12,2025-02-25 16:26:29.889153,2025-02-25 16:26:44.949191,15.060038
channel-208,1490850,30335710,30335719,9,2025-02-25 16:26:37.867134,2025-02-25 16:26:48.523868,10.656734
channel-75030,1174,30335711,30335721,10,2025-02-25 16:26:39.072148,2025-02-25 16:26:52.303329,13.231181
channel-4,167056,30335712,30335724,12,2025-02-25 16:26:40.233045,2025-02-25 16:26:55.641670,15.408625
channel-0,4039820,30335713,30335726,13,2025-02-25 16:26:41.592448,2025-02-25 16:26:59.024480,17.432032
channel-94814,3790,30335715,30335725,10,2025-02-25 16:26:43.888091,2025-02-25 16:26:57.926363,14.038272
channel-6994,1325589,30335719,30335728,9,2025-02-25 16:26:48.523868,2025-02-25 16:27:01.154736,12.630868
channel-91017,2909,30335723,30335734,11,2025-02-25 16:26:54.543901,2025-02-25 16:27:08.990997,14.447096
channel-0,4039821,30335729,30335740,11,2025-02-25 16:27:02.289091,2025-02-25 16:27:16.271320,13.982229
channel-2188,43844,30335743,30335748,5,2025-02-25 16:27:19.782940,2025-02-25 16:27:26.590650,6.80771
channel-750,684213,30335755,30335760,5,2025-02-25 16:27:34.719717,2025-02-25 16:27:40.280728,5.561011
channel-0,4039822,30335756,30335768,12,2025-02-25 16:27:35.784512,2025-02-25 16:27:50.966622,15.18211
channel-874,293413,30335760,30335766,6,2025-02-25 16:27:40.280728,2025-02-25 16:27:48.774735,8.494007
channel-122,668279,30335766,30335771,5,2025-02-25 16:27:48.774735,2025-02-25 16:27:54.401599,5.626864
channel-0,4039823,30335769,30335778,9,2025-02-25 16:27:52.085764,2025-02-25 16:28:03.378930,11.293166
channel-0,4039824,30335780,30335793,13,2025-02-25 16:28:05.513802,2025-02-25 16:28:22.386675,16.872873
channel-0,4039825,30335793,30335803,10,2025-02-25 16:28:22.386675,2025-02-25 16:28:34.986601,12.599926
channel-5,184348,30335800,30335808,8,2025-02-25 16:28:30.956083,2025-02-25 16:28:42.738324,11.782241
channel-85077,60912,30335816,30335826,10,2025-02-25 16:28:51.814153,2025-02-25 16:29:05.465124,13.650971
channel-5,184349,30335816,30335824,8,2025-02-25 16:28:51.814153,2025-02-25 16:29:02.161244,10.347091
channel-6994,1325590,30335817,30335828,11,2025-02-25 16:28:52.910181,2025-02-25 16:29:07.815799,14.905618
channel-6994,1325591,30335824,30335837,13,2025-02-25 16:29:02.161244,2025-02-25 16:29:18.647605,16.486361
channel-208,1490851,30335825,30335840,15,2025-02-25 16:29:03.293027,2025-02-25 16:29:26.454998,23.161971
channel-75,845286,30335833,30335837,4,2025-02-25 16:29:14.258351,2025-02-25 16:29:18.647605,4.389254
channel-89321,19521,30335843,30335852,9,2025-02-25 16:29:29.948431,2025-02-25 16:29:43.744938,13.796507
channel-208,1490852,30335870,30335880,10,2025-02-25 16:30:05.621949,2025-02-25 16:30:18.189162,12.567213
channel-320,119265,30335887,30335897,10,2025-02-25 16:30:28.570744,2025-02-25 16:30:44.789842,16.219098
channel-750,684214,30335895,30335905,10,2025-02-25 16:30:41.333464,2025-02-25 16:30:54.433012,13.099548
channel-0,4039826,30335899,30335914,15,2025-02-25 16:30:47.074795,2025-02-25 16:31:04.425738,17.350943
channel-6994,1325592,30335910,30335921,11,2025-02-25 16:30:59.951780,2025-02-25 16:31:12.546773,12.594993
channel-89321,19522,30335922,30335945,23,2025-02-25 16:31:13.886419,2025-02-25 16:31:43.492998,29.606579
channel-0,4039827,30335925,30335934,9,2025-02-25 16:31:17.232101,2025-02-25 16:31:29.146354,11.914253
channel-6994,1325593,30335932,30335943,11,2025-02-25 16:31:26.230800,2025-02-25 16:31:41.281216,15.050416
channel-75,845287,30335941,30335947,6,2025-02-25 16:31:38.899260,2025-02-25 16:31:45.898108,6.998848
channel-38946,124288,30335942,30335951,9,2025-02-25 16:31:40.058126,2025-02-25 16:31:50.377336,10.31921
channel-326,538370,30335945,30335954,9,2025-02-25 16:31:43.492998,2025-02-25 16:31:54.710924,11.217926
channel-750,684215,30335945,30335956,11,2025-02-25 16:31:43.492998,2025-02-25 16:31:57.241397,13.748399
channel-750,684216,30335952,30335958,6,2025-02-25 16:31:51.458135,2025-02-25 16:31:59.530102,8.071967
channel-6994,1325594,30335954,30335963,9,2025-02-25 16:31:54.710924,2025-02-25 16:32:05.281262,10.570338
channel-0,4039828,30335954,30335963,9,2025-02-25 16:31:54.710924,2025-02-25 16:32:05.281262,10.570338
channel-208,1490853,30335954,30335965,11,2025-02-25 16:31:54.710924,2025-02-25 16:32:08.312184,13.60126
channel-208,1490854,30335954,30335965,11,2025-02-25 16:31:54.710924,2025-02-25 16:32:08.312184,13.60126
channel-750,684217,30335957,30335961,4,2025-02-25 16:31:58.407176,2025-02-25 16:32:02.969408,4.562232
channel-0,4039829,30335959,30335968,9,2025-02-25 16:32:00.674224,2025-02-25 16:32:11.580789,10.906565
channel-6994,1325595,30335974,30335983,9,2025-02-25 16:32:18.446823,2025-02-25 16:32:32.749802,14.302979
channel-85077,60913,30335974,30335982,8,2025-02-25 16:32:18.446823,2025-02-25 16:32:31.502870,13.056047
channel-0,4039830,30335976,30335984,8,2025-02-25 16:32:22.196727,2025-02-25 16:32:33.799453,11.602726
channel-750,684218,30335976,30335985,9,2025-02-25 16:32:22.196727,2025-02-25 16:32:34.934816,12.738089
channel-199,132828,30335977,30335987,10,2025-02-25 16:32:23.447325,2025-02-25 16:32:37.147339,13.700014
channel-782,310274,30335980,30335985,5,2025-02-25 16:32:27.014504,2025-02-25 16:32:34.934816,7.920312
channel-251,85269,30335987,30335996,9,2025-02-25 16:32:37.147339,2025-02-25 16:32:50.359248,13.211909
channel-783,104360,30335987,30335993,6,2025-02-25 16:32:37.147339,2025-02-25 16:32:45.972346,8.825007
channel-6994,1325596,30335992,30336009,17,2025-02-25 16:32:44.763120,2025-02-25 16:33:05.915517,21.152397
channel-750,684219,30335993,30336003,10,2025-02-25 16:32:45.972346,2025-02-25 16:32:59.071770,13.099424
channel-204,670850,30335998,30336098,100,2025-02-25 16:32:53.188615,2025-02-25 16:35:06.271687,133.083072
channel-6994,1325597,30336010,30336018,8,2025-02-25 16:33:07.168110,2025-02-25 16:33:20.776342,13.608232
channel-19774,346135,30336015,30336023,8,2025-02-25 16:33:13.892573,2025-02-25 16:33:27.591619,13.699046
channel-199,132829,30336017,30336035,18,2025-02-25 16:33:19.620789,2025-02-25 16:33:44.463429,24.84264
channel-208,1490855,30336018,30336029,11,2025-02-25 16:33:20.776342,2025-02-25 16:33:35.784663,15.008321
channel-6994,1325598,30336020,30336031,11,2025-02-25 16:33:23.076505,2025-02-25 16:33:38.608843,15.532338
channel-750,684220,30336021,30336038,17,2025-02-25 16:33:24.210488,2025-02-25 16:33:47.869534,23.659046
channel-0,4039831,30336021,30336031,10,2025-02-25 16:33:24.210488,2025-02-25 16:33:38.608843,14.398355
channel-2188,43845,30336027,30336031,4,2025-02-25 16:33:33.262168,2025-02-25 16:33:38.608843,5.346675
channel-750,684221,30336028,30336038,10,2025-02-25 16:33:34.446904,2025-02-25 16:33:47.869534,13.42263
channel-0,4039832,30336032,30336042,10,2025-02-25 16:33:40.922789,2025-02-25 16:33:55.635829,14.71304
channel-1,408613,30336034,30336045,11,2025-02-25 16:33:43.317004,2025-02-25 16:33:59.213768,15.896764
channel-750,684222,30336035,30336046,11,2025-02-25 16:33:44.463429,2025-02-25 16:34:00.456854,15.993425
channel-750,684223,30336038,30336043,5,2025-02-25 16:33:47.869534,2025-02-25 16:33:57.003636,9.134102
channel-6897,5649,30336039,30336048,9,2025-02-25 16:33:52.295436,2025-02-25 16:34:02.623511,10.328075
channel-20082,9894,30336046,30336059,13,2025-02-25 16:34:00.456854,2025-02-25 16:34:15.234811,14.777957
channel-199,132830,30336052,30336064,12,2025-02-25 16:34:07.300875,2025-02-25 16:34:21.329005,14.02813
channel-326,538371,30336054,30336062,8,2025-02-25 16:34:09.545614,2025-02-25 16:34:18.572093,9.026479
channel-326,538372,30336059,30336067,8,2025-02-25 16:34:15.234811,2025-02-25 16:34:26.373514,11.138703
channel-122,668280,30336059,30336064,5,2025-02-25 16:34:15.234811,2025-02-25 16:34:21.329005,6.094194
channel-251,85270,30336064,30336075,11,2025-02-25 16:34:21.329005,2025-02-25 16:34:35.672698,14.343693
channel-6994,1325599,30336077,30336088,11,2025-02-25 16:34:38.996494,2025-02-25 16:34:53.292886,14.296392
channel-6994,1325600,30336081,30336093,12,2025-02-25 16:34:44.834970,2025-02-25 16:34:58.887102,14.052132
channel-6994,1325601,30336086,30336097,11,2025-02-25 16:34:50.952166,2025-02-25 16:35:04.175237,13.223071
channel-88,467198,30336090,30336107,17,2025-02-25 16:34:55.546094,2025-02-25 16:35:17.033169,21.487075
channel-6994,1325602,30336091,30336102,11,2025-02-25 16:34:56.717257,2025-02-25 16:35:11.199575,14.482318
channel-88,467199,30336101,30336123,22,2025-02-25 16:35:10.087883,2025-02-25 16:35:35.445505,25.357622
channel-259,314434,30336114,30336120,6,2025-02-25 16:35:25.030484,2025-02-25 16:35:32.137567,7.107083
channel-208,1490856,30336125,30336137,12,2025-02-25 16:35:38.763046,2025-02-25 16:35:54.127462,15.364416
channel-326,538373,30336126,30336157,31,2025-02-25 16:35:39.864766,2025-02-25 16:36:20.719318,40.854552
channel-0,4039833,30336130,30336140,10,2025-02-25 16:35:45.398452,2025-02-25 16:35:57.590619,12.192167
channel-208,1490857,30336137,30336146,9,2025-02-25 16:35:54.127462,2025-02-25 16:36:06.267714,12.140252
channel-0,4039834,30336138,30336150,12,2025-02-25 16:35:55.266351,2025-02-25 16:36:12.289368,17.023017
channel-0,4039835,30336138,30336150,12,2025-02-25 16:35:55.266351,2025-02-25 16:36:12.289368,17.023017
channel-750,684224,30336143,30336148,5,2025-02-25 16:36:02.859732,2025-02-25 16:36:08.432498,5.572766
channel-0,4039836,30336144,30336168,24,2025-02-25 16:36:04.002638,2025-02-25 16:36:33.929386,29.926748
channel-6994,1325603,30336151,30336163,12,2025-02-25 16:36:13.692111,2025-02-25 16:36:27.623137,13.931026
channel-208,1490858,30336159,30336168,9,2025-02-25 16:36:23.057818,2025-02-25 16:36:33.929386,10.871568
channel-6994,1325604,30336161,30336172,11,2025-02-25 16:36:25.432235,2025-02-25 16:36:39.490047,14.057812
channel-208,1490859,30336161,30336174,13,2025-02-25 16:36:25.432235,2025-02-25 16:36:41.920425,16.48819
channel-122,668281,30336166,30336176,10,2025-02-25 16:36:31.648443,2025-02-25 16:36:44.109521,12.461078
channel-0,4039837,30336173,30336180,7,2025-02-25 16:36:40.599407,2025-02-25 16:36:53.203754,12.604347
channel-0,4039838,30336173,30336194,21,2025-02-25 16:36:40.599407,2025-02-25 16:37:11.327723,30.728316
channel-259,314435,30336176,30336183,7,2025-02-25 16:36:44.109521,2025-02-25 16:36:56.632023,12.522502
channel-750,684225,30336179,30336204,25,2025-02-25 16:36:48.819881,2025-02-25 16:37:25.294834,36.474953
channel-6994,1325605,30336179,30336188,9,2025-02-25 16:36:48.819881,2025-02-25 16:37:03.310781,14.4909
channel-750,684226,30336189,30336204,15,2025-02-25 16:37:04.479179,2025-02-25 16:37:25.294834,20.815655
channel-6994,1325606,30336189,30336202,13,2025-02-25 16:37:04.479179,2025-02-25 16:37:22.052100,17.572921
channel-2188,43846,30336203,30336208,5,2025-02-25 16:37:23.179929,2025-02-25 16:37:29.904176,6.724247
channel-6994,1325607,30336207,30336220,13,2025-02-25 16:37:28.810235,2025-02-25 16:37:43.540749,14.730514
channel-208,1490860,30336208,30336221,13,2025-02-25 16:37:29.904176,2025-02-25 16:37:44.655005,14.750829
channel-2186,40801,30336208,30336223,15,2025-02-25 16:37:29.904176,2025-02-25 16:37:47.007924,17.103748
channel-0,4039839,30336218,30336227,9,2025-02-25 16:37:41.189286,2025-02-25 16:37:51.708972,10.519686
channel-208,1490861,30336219,30336231,12,2025-02-25 16:37:42.307415,2025-02-25 16:37:57.594063,15.286648
channel-89298,18720,30336224,30336234,10,2025-02-25 16:37:48.053399,2025-02-25 16:38:01.477984,13.424585
channel-85077,60914,30336233,30336281,48,2025-02-25 16:38:00.373079,2025-02-25 16:39:05.557160,65.184081
channel-1,408614,30336236,30336247,11,2025-02-25 16:38:03.956549,2025-02-25 16:38:18.001758,14.045209
channel-6994,1325608,30336237,30336246,9,2025-02-25 16:38:05.168908,2025-02-25 16:38:16.809301,11.640393
channel-6994,1325609,30336242,30336253,11,2025-02-25 16:38:10.807658,2025-02-25 16:38:29.693812,18.886154
channel-750,684227,30336243,30336265,22,2025-02-25 16:38:13.458136,2025-02-25 16:38:44.342648,30.884512
channel-6994,1325610,30336249,30336258,9,2025-02-25 16:38:21.312875,2025-02-25 16:38:35.689192,14.376317
channel-208,1490862,30336251,30336260,9,2025-02-25 16:38:23.753006,2025-02-25 16:38:38.034348,14.281342
channel-38946,124289,30336253,30336277,24,2025-02-25 16:38:29.693812,2025-02-25 16:39:00.634166,30.940354
channel-259,314436,30336255,30336263,8,2025-02-25 16:38:31.906276,2025-02-25 16:38:41.456688,9.550412
channel-750,684228,30336256,30336268,12,2025-02-25 16:38:33.092168,2025-02-25 16:38:48.679287,15.587119
channel-750,684229,30336258,30336271,13,2025-02-25 16:38:35.689192,2025-02-25 16:38:52.197450,16.508258
channel-750,684230,30336258,30336269,11,2025-02-25 16:38:35.689192,2025-02-25 16:38:49.903186,14.213994
channel-122,668282,30336259,30336263,4,2025-02-25 16:38:36.741097,2025-02-25 16:38:41.456688,4.715591
channel-6994,1325611,30336259,30336271,12,2025-02-25 16:38:36.741097,2025-02-25 16:38:52.197450,15.456353
channel-259,314437,30336260,30336265,5,2025-02-25 16:38:38.034348,2025-02-25 16:38:44.342648,6.3083
channel-0,4039840,30336263,30336272,9,2025-02-25 16:38:41.456688,2025-02-25 16:38:53.484658,12.02797
channel-750,684231,30336266,30336277,11,2025-02-25 16:38:46.442818,2025-02-25 16:39:00.634166,14.191348
channel-6994,1325612,30336267,30336295,28,2025-02-25 16:38:47.570255,2025-02-25 16:39:22.482099,34.911844
channel-750,684232,30336272,30336282,10,2025-02-25 16:38:53.484658,2025-02-25 16:39:06.636895,13.152237
channel-6994,1325613,30336273,30336285,12,2025-02-25 16:38:54.596642,2025-02-25 16:39:09.939660,15.343018
channel-6994,1325614,30336275,30336285,10,2025-02-25 16:38:57.119976,2025-02-25 16:39:09.939660,12.819684
channel-89321,19523,30336276,30336305,29,2025-02-25 16:38:59.377762,2025-02-25 16:39:35.716199,36.338437
channel-750,684233,30336282,30336287,5,2025-02-25 16:39:06.636895,2025-02-25 16:39:12.046616,5.409721
channel-750,684234,30336282,30336296,14,2025-02-25 16:39:06.636895,2025-02-25 16:39:23.664213,17.027318
channel-750,684235,30336301,30336317,16,2025-02-25 16:39:29.959950,2025-02-25 16:39:49.909687,19.949737
channel-750,684236,30336302,30336324,22,2025-02-25 16:39:31.314512,2025-02-25 16:40:03.499984,32.185472
channel-88,467200,30336302,30336323,21,2025-02-25 16:39:31.314512,2025-02-25 16:40:02.300129,30.985617
channel-199,132831,30336308,30336318,10,2025-02-25 16:39:39.187896,2025-02-25 16:39:50.971075,11.783179
channel-750,684237,30336309,30336322,13,2025-02-25 16:39:40.359474,2025-02-25 16:39:56.684933,16.325459
channel-750,684238,30336310,30336322,12,2025-02-25 16:39:41.479577,2025-02-25 16:39:56.684933,15.205356
channel-6994,1325615,30336311,30336322,11,2025-02-25 16:39:42.994102,2025-02-25 16:39:56.684933,13.690831
channel-75,845288,30336318,30336322,4,2025-02-25 16:39:50.971075,2025-02-25 16:39:56.684933,5.713858
channel-320,119266,30336322,30336348,26,2025-02-25 16:39:56.684933,2025-02-25 16:40:39.505269,42.820336
channel-75,845289,30336324,30336331,7,2025-02-25 16:40:03.499984,2025-02-25 16:40:13.600236,10.100252
channel-783,104361,30336324,30336329,5,2025-02-25 16:40:03.499984,2025-02-25 16:40:11.486310,7.986326
channel-750,684239,30336325,30336329,4,2025-02-25 16:40:05.592541,2025-02-25 16:40:11.486310,5.893769
channel-0,4039841,30336328,30336339,11,2025-02-25 16:40:09.579460,2025-02-25 16:40:25.966405,16.386945
channel-750,684240,30336332,30336342,10,2025-02-25 16:40:15.761046,2025-02-25 16:40:29.304878,13.543832
channel-750,684241,30336335,30336349,14,2025-02-25 16:40:19.145757,2025-02-25 16:40:40.689646,21.543889
channel-0,4039842,30336335,30336361,26,2025-02-25 16:40:19.145757,2025-02-25 16:40:56.704422,37.558665
channel-1429,140779,30336338,30336349,11,2025-02-25 16:40:24.776910,2025-02-25 16:40:40.689646,15.912736
channel-6994,1325616,30336340,30336349,9,2025-02-25 16:40:27.108167,2025-02-25 16:40:40.689646,13.581479
channel-326,538374,30336342,30336985,643,2025-02-25 16:40:29.304878,2025-02-25 16:54:40.781663,851.476785
channel-326,538375,30336342,30336985,643,2025-02-25 16:40:29.304878,2025-02-25 16:54:40.781663,851.476785
channel-326,538376,30336342,30336985,643,2025-02-25 16:40:29.304878,2025-02-25 16:54:40.781663,851.476785
channel-326,538377,30336342,30336985,643,2025-02-25 16:40:29.304878,2025-02-25 16:54:40.781663,851.476785
channel-326,538378,30336342,30336985,643,2025-02-25 16:40:29.304878,2025-02-25 16:54:40.781663,851.476785
channel-326,538379,30336342,30336985,643,2025-02-25 16:40:29.304878,2025-02-25 16:54:40.781663,851.476785
channel-208,1490863,30336346,30336356,10,2025-02-25 16:40:37.226671,2025-02-25 16:40:50.137214,12.910543
channel-0,4039843,30336351,30336381,30,2025-02-25 16:40:43.104261,2025-02-25 16:41:20.551773,37.447512
channel-85077,60915,30336351,30336371,20,2025-02-25 16:40:43.104261,2025-02-25 16:41:09.013552,25.909291
channel-122,668283,30336352,30336356,4,2025-02-25 16:40:45.307669,2025-02-25 16:40:50.137214,4.829545
channel-750,684242,30336352,30336379,27,2025-02-25 16:40:45.307669,2025-02-25 16:41:18.105841,32.798172
channel-6994,1325617,30336356,30336366,10,2025-02-25 16:40:50.137214,2025-02-25 16:41:02.319101,12.181887
channel-750,684243,30336357,30336369,12,2025-02-25 16:40:51.492832,2025-02-25 16:41:05.565300,14.072468
channel-113,301360,30336357,30336402,45,2025-02-25 16:40:51.492832,2025-02-25 16:41:46.994237,55.501405
channel-750,684244,30336357,30336388,31,2025-02-25 16:40:51.492832,2025-02-25 16:41:30.465827,38.972995
channel-326,538380,30336358,30336382,24,2025-02-25 16:40:52.714582,2025-02-25 16:41:21.712024,28.997442
channel-88,467201,30336358,30336382,24,2025-02-25 16:40:52.714582,2025-02-25 16:41:21.712024,28.997442
channel-750,684245,30336359,30336371,12,2025-02-25 16:40:53.875898,2025-02-25 16:41:09.013552,15.137654
channel-4,167057,30336361,30336371,10,2025-02-25 16:40:56.704422,2025-02-25 16:41:09.013552,12.30913
channel-85077,60916,30336362,30336374,12,2025-02-25 16:40:57.845331,2025-02-25 16:41:12.518434,14.673103
channel-750,684246,30336364,30336376,12,2025-02-25 16:41:00.052693,2025-02-25 16:41:14.707624,14.654931
channel-750,684247,30336366,30336375,9,2025-02-25 16:41:02.319101,2025-02-25 16:41:13.603592,11.284491
channel-750,684248,30336366,30336379,13,2025-02-25 16:41:02.319101,2025-02-25 16:41:18.105841,15.78674
channel-750,684249,30336367,30336380,13,2025-02-25 16:41:03.443259,2025-02-25 16:41:19.319619,15.87636
channel-259,314438,30336368,30336373,5,2025-02-25 16:41:04.486681,2025-02-25 16:41:11.356129,6.869448
channel-750,684250,30336372,30336386,14,2025-02-25 16:41:10.238042,2025-02-25 16:41:26.925005,16.686963
channel-208,1490864,30336374,30336384,10,2025-02-25 16:41:12.518434,2025-02-25 16:41:24.370791,11.852357
channel-750,684251,30336375,30336389,14,2025-02-25 16:41:13.603592,2025-02-25 16:41:31.558534,17.954942
channel-6994,1325618,30336379,30336389,10,2025-02-25 16:41:18.105841,2025-02-25 16:41:31.558534,13.452693
channel-94814,3791,30336385,30336408,23,2025-02-25 16:41:25.565349,2025-02-25 16:41:55.501824,29.936475
channel-6994,1325619,30336385,30336394,9,2025-02-25 16:41:25.565349,2025-02-25 16:41:37.968200,12.402851
channel-208,1490865,30336392,30336403,11,2025-02-25 16:41:35.045269,2025-02-25 16:41:48.245092,13.199823
channel-208,1490866,30336401,30336411,10,2025-02-25 16:41:45.898269,2025-02-25 16:41:59.177085,13.278816
channel-750,684252,30336402,30336406,4,2025-02-25 16:41:46.994237,2025-02-25 16:41:51.640897,4.64666
channel-6994,1325620,30336406,30336415,9,2025-02-25 16:41:51.640897,2025-02-25 16:42:04.724797,13.0839
channel-20082,9895,30336408,30336513,105,2025-02-25 16:41:55.501824,2025-02-25 16:44:14.607011,139.105187
channel-750,684253,30336412,30336452,40,2025-02-25 16:42:00.328136,2025-02-25 16:42:52.264031,51.935895
channel-6994,1325621,30336418,30336432,14,2025-02-25 16:42:09.323209,2025-02-25 16:42:26.349172,17.025963
channel-75,845290,30336422,30336429,7,2025-02-25 16:42:13.956563,2025-02-25 16:42:22.771022,8.814459
channel-750,684254,30336423,30336437,14,2025-02-25 16:42:15.117422,2025-02-25 16:42:33.165933,18.048511
channel-75,845291,30336424,30336432,8,2025-02-25 16:42:16.297094,2025-02-25 16:42:26.349172,10.052078
channel-6994,1325622,30336426,30336435,9,2025-02-25 16:42:18.775039,2025-02-25 16:42:31.085528,12.310489
channel-89298,18721,30336427,30336436,9,2025-02-25 16:42:20.380532,2025-02-25 16:42:32.143023,11.762491
channel-85077,60917,30336428,30336443,15,2025-02-25 16:42:21.530284,2025-02-25 16:42:40.924464,19.39418
channel-208,1490867,30336429,30336439,10,2025-02-25 16:42:22.771022,2025-02-25 16:42:35.440918,12.669896
channel-122,668284,30336430,30336434,4,2025-02-25 16:42:23.895449,2025-02-25 16:42:28.874995,4.979546
channel-208,1490868,30336433,30336443,10,2025-02-25 16:42:27.503825,2025-02-25 16:42:40.924464,13.420639
channel-0,4039844,30336433,30336442,9,2025-02-25 16:42:27.503825,2025-02-25 16:42:39.779205,12.27538
channel-6994,1325623,30336433,30336444,11,2025-02-25 16:42:27.503825,2025-02-25 16:42:42.055638,14.551813
channel-1429,140780,30336435,30336443,8,2025-02-25 16:42:31.085528,2025-02-25 16:42:40.924464,9.838936
channel-6994,1325624,30336435,30336449,14,2025-02-25 16:42:31.085528,2025-02-25 16:42:47.922170,16.836642
channel-208,1490869,30336435,30336448,13,2025-02-25 16:42:31.085528,2025-02-25 16:42:46.722169,15.636641
channel-6994,1325625,30336435,30336449,14,2025-02-25 16:42:31.085528,2025-02-25 16:42:47.922170,16.836642
channel-6994,1325626,30336437,30336460,23,2025-02-25 16:42:33.165933,2025-02-25 16:43:05.405902,32.239969
channel-259,314439,30336438,30336448,10,2025-02-25 16:42:34.355349,2025-02-25 16:42:46.722169,12.36682
channel-0,4039845,30336443,30336451,8,2025-02-25 16:42:40.924464,2025-02-25 16:42:51.151813,10.227349
channel-0,4039846,30336444,30336464,20,2025-02-25 16:42:42.055638,2025-02-25 16:43:09.876673,27.821035
channel-750,684255,30336444,30336456,12,2025-02-25 16:42:42.055638,2025-02-25 16:42:56.846998,14.79136
channel-208,1490870,30336448,30336457,9,2025-02-25 16:42:46.722169,2025-02-25 16:42:57.993313,11.271144
channel-750,684256,30336450,30336458,8,2025-02-25 16:42:49.060291,2025-02-25 16:43:02.441295,13.381004
channel-0,4039847,30336455,30336464,9,2025-02-25 16:42:55.661830,2025-02-25 16:43:09.876673,14.214843
channel-750,684257,30336456,30336471,15,2025-02-25 16:42:56.846998,2025-02-25 16:43:18.991803,22.144805
channel-208,1490871,30336459,30336468,9,2025-02-25 16:43:03.628097,2025-02-25 16:43:15.587800,11.959703
channel-6994,1325627,30336464,30336473,9,2025-02-25 16:43:09.876673,2025-02-25 16:43:22.766540,12.889867
channel-750,684258,30336465,30336492,27,2025-02-25 16:43:11.197493,2025-02-25 16:43:46.644501,35.447008
channel-143,128444,30336467,30336487,20,2025-02-25 16:43:14.504484,2025-02-25 16:43:38.930973,24.426489
channel-259,314440,30336470,30336481,11,2025-02-25 16:43:17.837558,2025-02-25 16:43:32.213481,14.375923
channel-750,684259,30336475,30336490,15,2025-02-25 16:43:25.115887,2025-02-25 16:43:42.993384,17.877497
channel-113,301361,30336475,30336688,213,2025-02-25 16:43:25.115887,2025-02-25 16:48:11.373630,286.257743
channel-75,845292,30336475,30336482,7,2025-02-25 16:43:25.115887,2025-02-25 16:43:33.382949,8.267062
channel-0,4039848,30336477,30336488,11,2025-02-25 16:43:27.690889,2025-02-25 16:43:40.111245,12.420356
channel-750,684260,30336478,30336493,15,2025-02-25 16:43:28.870092,2025-02-25 16:43:47.882201,19.012109
channel-750,684261,30336481,30336492,11,2025-02-25 16:43:32.213481,2025-02-25 16:43:46.644501,14.43102
channel-750,684262,30336484,30336491,7,2025-02-25 16:43:35.574588,2025-02-25 16:43:44.113408,8.53882
channel-208,1490872,30336484,30336495,11,2025-02-25 16:43:35.574588,2025-02-25 16:43:50.699724,15.125136
channel-0,4039849,30336484,30336491,7,2025-02-25 16:43:35.574588,2025-02-25 16:43:44.113408,8.53882
channel-750,684263,30336485,30336497,12,2025-02-25 16:43:36.699104,2025-02-25 16:43:53.112005,16.412901
channel-750,684264,30336487,30336497,10,2025-02-25 16:43:38.930973,2025-02-25 16:43:53.112005,14.181032
channel-208,1490873,30336487,30336495,8,2025-02-25 16:43:38.930973,2025-02-25 16:43:50.699724,11.768751
channel-72,516470,30336487,30336522,35,2025-02-25 16:43:38.930973,2025-02-25 16:44:30.915190,51.984217
channel-750,684265,30336490,30336499,9,2025-02-25 16:43:42.993384,2025-02-25 16:43:57.014237,14.020853
channel-208,1490874,30336492,30336503,11,2025-02-25 16:43:46.644501,2025-02-25 16:44:02.755847,16.111346
channel-750,684266,30336493,30336513,20,2025-02-25 16:43:47.882201,2025-02-25 16:44:14.607011,26.72481
channel-208,1490875,30336493,30336503,10,2025-02-25 16:43:47.882201,2025-02-25 16:44:02.755847,14.873646
channel-750,684267,30336494,30336498,4,2025-02-25 16:43:49.535843,2025-02-25 16:43:55.848860,6.313017
channel-122,668285,30336497,30336500,3,2025-02-25 16:43:53.112005,2025-02-25 16:43:59.213563,6.101558
channel-208,1490876,30336497,30336508,11,2025-02-25 16:43:53.112005,2025-02-25 16:44:08.722569,15.610564
channel-750,684268,30336500,30336513,13,2025-02-25 16:43:59.213563,2025-02-25 16:44:14.607011,15.393448
channel-326,538381,30336508,30336532,24,2025-02-25 16:44:08.722569,2025-02-25 16:44:45.022870,36.300301
channel-750,684269,30336509,30336514,5,2025-02-25 16:44:09.929086,2025-02-25 16:44:15.746498,5.817412
channel-6994,1325628,30336510,30336520,10,2025-02-25 16:44:11.312389,2025-02-25 16:44:25.221464,13.909075
channel-88,467202,30336512,30336532,20,2025-02-25 16:44:13.518653,2025-02-25 16:44:45.022870,31.504217
channel-208,1490877,30336512,30336520,8,2025-02-25 16:44:13.518653,2025-02-25 16:44:25.221464,11.702811
channel-75,845293,30336512,30336517,5,2025-02-25 16:44:13.518653,2025-02-25 16:44:20.636970,7.118317
channel-326,538382,30336518,30336521,3,2025-02-25 16:44:22.802571,2025-02-25 16:44:29.692915,6.890344
channel-85077,60918,30336518,30336526,8,2025-02-25 16:44:22.802571,2025-02-25 16:44:35.810555,13.007984
channel-85077,60919,30336519,30336528,9,2025-02-25 16:44:23.997873,2025-02-25 16:44:38.634643,14.63677
channel-750,684270,30336520,30336536,16,2025-02-25 16:44:25.221464,2025-02-25 16:44:50.609352,25.387888
channel-783,104362,30336520,30336526,6,2025-02-25 16:44:25.221464,2025-02-25 16:44:35.810555,10.589091
channel-750,684271,30336520,30336535,15,2025-02-25 16:44:25.221464,2025-02-25 16:44:49.470936,24.249472
channel-750,684272,30336520,30336531,11,2025-02-25 16:44:25.221464,2025-02-25 16:44:43.444606,18.223142
channel-1429,140781,30336522,30336551,29,2025-02-25 16:44:30.915190,2025-02-25 16:45:07.855129,36.939939
channel-750,684273,30336523,30336527,4,2025-02-25 16:44:32.214282,2025-02-25 16:44:37.496314,5.282032
channel-750,684274,30336524,30336534,10,2025-02-25 16:44:33.431586,2025-02-25 16:44:48.420888,14.989302
channel-4,167058,30336525,30336536,11,2025-02-25 16:44:34.552990,2025-02-25 16:44:50.609352,16.056362
channel-42,1490076,30336526,30336537,11,2025-02-25 16:44:35.810555,2025-02-25 16:44:51.977038,16.166483
channel-874,293414,30336527,30338932,2405,2025-02-25 16:44:37.496314,2025-02-25 17:38:36.726284,3239.22997
channel-259,314441,30336528,30336533,5,2025-02-25 16:44:38.634643,2025-02-25 16:44:46.110656,7.476013
channel-0,4039850,30336531,30336543,12,2025-02-25 16:44:43.444606,2025-02-25 16:44:59.051652,15.607046
channel-1429,140782,30336531,30336540,9,2025-02-25 16:44:43.444606,2025-02-25 16:44:55.420805,11.976199
channel-1429,140783,30336531,30336540,9,2025-02-25 16:44:43.444606,2025-02-25 16:44:55.420805,11.976199
channel-750,684275,30336537,30336548,11,2025-02-25 16:44:51.977038,2025-02-25 16:45:04.562604,12.585566
channel-0,4039851,30336538,30336548,10,2025-02-25 16:44:53.085588,2025-02-25 16:45:04.562604,11.477016
channel-1429,140784,30336538,30336551,13,2025-02-25 16:44:53.085588,2025-02-25 16:45:07.855129,14.769541
channel-6994,1325629,30336541,30336552,11,2025-02-25 16:44:56.698195,2025-02-25 16:45:08.920822,12.222627
channel-750,684276,30336543,30336559,16,2025-02-25 16:44:59.051652,2025-02-25 16:45:17.541088,18.489436
channel-750,684277,30336544,30336555,11,2025-02-25 16:45:00.206374,2025-02-25 16:45:12.423031,12.216657
channel-208,1490878,30336548,30336560,12,2025-02-25 16:45:04.562604,2025-02-25 16:45:18.774497,14.211893
channel-122,668286,30336552,30336556,4,2025-02-25 16:45:08.920822,2025-02-25 16:45:13.611961,4.691139
channel-0,4039852,30336553,30336583,30,2025-02-25 16:45:10.034758,2025-02-25 16:45:49.704453,39.669695
channel-750,684278,30336557,30336572,15,2025-02-25 16:45:14.783443,2025-02-25 16:45:34.920743,20.1373
channel-20082,9896,30336557,30336632,75,2025-02-25 16:45:14.783443,2025-02-25 16:46:51.574541,96.791098
channel-320,119267,30336559,30336591,32,2025-02-25 16:45:17.541088,2025-02-25 16:46:00.244322,42.703234
channel-750,684279,30336560,30336571,11,2025-02-25 16:45:18.774497,2025-02-25 16:45:32.779476,14.004979
channel-320,119268,30336560,30336574,14,2025-02-25 16:45:18.774497,2025-02-25 16:45:38.354133,19.579636
channel-6994,1325630,30336561,30336571,10,2025-02-25 16:45:19.978414,2025-02-25 16:45:32.779476,12.801062
channel-522,40444,30336562,30336658,96,2025-02-25 16:45:21.138797,2025-02-25 16:47:23.821376,122.682579
channel-750,684280,30336563,30336597,34,2025-02-25 16:45:22.229433,2025-02-25 16:46:08.055926,45.826493
channel-208,1490879,30336568,30336578,10,2025-02-25 16:45:29.187044,2025-02-25 16:45:42.896230,13.709186
channel-122,668287,30336580,30336584,4,2025-02-25 16:45:46.204455,2025-02-25 16:45:50.820161,4.615706
channel-6994,1325631,30336585,30336598,13,2025-02-25 16:45:51.950563,2025-02-25 16:46:09.464855,17.514292
channel-6994,1325632,30336586,30336612,26,2025-02-25 16:45:53.053820,2025-02-25 16:46:25.572514,32.518694
channel-208,1490880,30336586,30336595,9,2025-02-25 16:45:53.053820,2025-02-25 16:46:05.727849,12.674029
channel-1,408615,30336587,30336595,8,2025-02-25 16:45:55.818956,2025-02-25 16:46:05.727849,9.908893
channel-750,684281,30336591,30336603,12,2025-02-25 16:46:00.244322,2025-02-25 16:46:15.143712,14.89939
channel-19774,346136,30336594,30336606,12,2025-02-25 16:46:04.556876,2025-02-25 16:46:18.684922,14.128046
channel-85077,60920,30336594,30336612,18,2025-02-25 16:46:04.556876,2025-02-25 16:46:25.572514,21.015638
channel-208,1490881,30336596,30336605,9,2025-02-25 16:46:06.855750,2025-02-25 16:46:17.540826,10.685076
channel-750,684282,30336598,30336615,17,2025-02-25 16:46:09.464855,2025-02-25 16:46:30.219310,20.754455
channel-750,684283,30336600,30336605,5,2025-02-25 16:46:11.686574,2025-02-25 16:46:17.540826,5.854252
channel-750,684284,30336600,30336612,12,2025-02-25 16:46:11.686574,2025-02-25 16:46:25.572514,13.88594
channel-750,684285,30336600,30336612,12,2025-02-25 16:46:11.686574,2025-02-25 16:46:25.572514,13.88594
channel-0,4039853,30336602,30336612,10,2025-02-25 16:46:14.065528,2025-02-25 16:46:25.572514,11.506986
channel-259,314442,30336603,30336608,5,2025-02-25 16:46:15.143712,2025-02-25 16:46:21.017532,5.87382
channel-750,684286,30336605,30336624,19,2025-02-25 16:46:17.540826,2025-02-25 16:46:40.705011,23.164185
channel-6994,1325633,30336606,30336616,10,2025-02-25 16:46:18.684922,2025-02-25 16:46:31.604345,12.919423
channel-0,4039854,30336607,30336616,9,2025-02-25 16:46:19.808024,2025-02-25 16:46:31.604345,11.796321
channel-750,684287,30336607,30336621,14,2025-02-25 16:46:19.808024,2025-02-25 16:46:37.270256,17.462232
channel-6994,1325634,30336607,30336639,32,2025-02-25 16:46:19.808024,2025-02-25 16:47:00.412089,40.604065
channel-750,684288,30336608,30336618,10,2025-02-25 16:46:21.017532,2025-02-25 16:46:33.886281,12.868749
channel-750,684289,30336612,30336628,16,2025-02-25 16:46:25.572514,2025-02-25 16:46:46.026227,20.453713
channel-0,4039855,30336612,30336621,9,2025-02-25 16:46:25.572514,2025-02-25 16:46:37.270256,11.697742
channel-208,1490882,30336614,30336624,10,2025-02-25 16:46:29.061956,2025-02-25 16:46:40.705011,11.643055
channel-874,293415,30336627,30338932,2305,2025-02-25 16:46:44.823643,2025-02-25 17:38:36.726284,3111.902641
channel-85077,60921,30336627,30336638,11,2025-02-25 16:46:44.823643,2025-02-25 16:46:59.190955,14.367312
channel-259,314443,30336629,30336634,5,2025-02-25 16:46:47.175156,2025-02-25 16:46:54.054200,6.879044
channel-750,684290,30336629,30336647,18,2025-02-25 16:46:47.175156,2025-02-25 16:47:10.398190,23.223034
channel-750,684291,30336633,30336647,14,2025-02-25 16:46:52.949995,2025-02-25 16:47:10.398190,17.448195
channel-85077,60922,30336633,30336644,11,2025-02-25 16:46:52.949995,2025-02-25 16:47:06.718731,13.768736
channel-251,85271,30336648,30336658,10,2025-02-25 16:47:12.618692,2025-02-25 16:47:23.821376,11.202684
channel-750,684292,30336654,30336688,34,2025-02-25 16:47:19.323663,2025-02-25 16:48:11.373630,52.049967
channel-4,167059,30336654,30336664,10,2025-02-25 16:47:19.323663,2025-02-25 16:47:32.865094,13.541431
channel-750,684293,30336659,30336671,12,2025-02-25 16:47:24.955404,2025-02-25 16:47:41.184668,16.229264
channel-326,538383,30336660,30336682,22,2025-02-25 16:47:26.817366,2025-02-25 16:48:00.163562,33.346196
channel-783,104363,30336660,30336678,18,2025-02-25 16:47:26.817366,2025-02-25 16:47:55.717505,28.900139
channel-85077,60923,30336662,30336672,10,2025-02-25 16:47:29.360732,2025-02-25 16:47:42.262187,12.901455
channel-6994,1325635,30336662,30336673,11,2025-02-25 16:47:29.360732,2025-02-25 16:47:43.359686,13.998954
channel-259,314444,30336663,30336670,7,2025-02-25 16:47:31.764472,2025-02-25 16:47:39.928932,8.16446
channel-75,845294,30336663,30336671,8,2025-02-25 16:47:31.764472,2025-02-25 16:47:41.184668,9.420196
channel-750,684294,30336670,30336677,7,2025-02-25 16:47:39.928932,2025-02-25 16:47:54.505968,14.577036
channel-1,408616,30336671,30336684,13,2025-02-25 16:47:41.184668,2025-02-25 16:48:03.740650,22.555982
channel-750,684295,30336673,30336678,5,2025-02-25 16:47:43.359686,2025-02-25 16:47:55.717505,12.357819
channel-6994,1325636,30336673,30336683,10,2025-02-25 16:47:43.359686,2025-02-25 16:48:02.399119,19.039433
channel-85077,60924,30336673,30336684,11,2025-02-25 16:47:43.359686,2025-02-25 16:48:03.740650,20.380964
channel-1,408617,30336682,30336696,14,2025-02-25 16:48:00.163562,2025-02-25 16:48:21.564008,21.400446
channel-208,1490883,30336683,30336690,7,2025-02-25 16:48:02.399119,2025-02-25 16:48:13.914406,11.515287
channel-6994,1325637,30336685,30336694,9,2025-02-25 16:48:04.865598,2025-02-25 16:48:19.124853,14.259255
channel-783,104364,30336688,30336695,7,2025-02-25 16:48:11.373630,2025-02-25 16:48:20.274822,8.901192
channel-6994,1325638,30336690,30336699,9,2025-02-25 16:48:13.914406,2025-02-25 16:48:24.990579,11.076173
channel-750,684296,30336693,30336713,20,2025-02-25 16:48:18.037580,2025-02-25 16:48:43.519094,25.481514
channel-1,408618,30336698,30336715,17,2025-02-25 16:48:23.837073,2025-02-25 16:48:45.757595,21.920522
channel-85077,60925,30336699,30336710,11,2025-02-25 16:48:24.990579,2025-02-25 16:48:38.826881,13.836302
channel-89298,18722,30336701,30336712,11,2025-02-25 16:48:27.162553,2025-02-25 16:48:42.320738,15.158185
channel-1429,140785,30336702,30336712,10,2025-02-25 16:48:28.296564,2025-02-25 16:48:42.320738,14.024174
channel-85077,60926,30336705,30336715,10,2025-02-25 16:48:32.223644,2025-02-25 16:48:45.757595,13.533951
channel-208,1490884,30336715,30336724,9,2025-02-25 16:48:45.757595,2025-02-25 16:48:58.530571,12.772976
channel-6994,1325639,30336717,30336729,12,2025-02-25 16:48:48.213019,2025-02-25 16:49:05.163854,16.950835
channel-85077,60927,30336718,30336727,9,2025-02-25 16:48:49.342850,2025-02-25 16:49:02.476162,13.133312
channel-6994,1325640,30336720,30336729,9,2025-02-25 16:48:52.663285,2025-02-25 16:49:05.163854,12.500569
channel-208,1490885,30336721,30336734,13,2025-02-25 16:48:53.971331,2025-02-25 16:49:10.722958,16.751627
channel-642,126540,30336735,30336750,15,2025-02-25 16:49:11.898657,2025-02-25 16:49:30.557843,18.659186
channel-750,684297,30336738,30336759,21,2025-02-25 16:49:16.446744,2025-02-25 16:49:42.885702,26.438958
channel-6994,1325641,30336741,30336753,12,2025-02-25 16:49:19.822892,2025-02-25 16:49:33.851477,14.028585
channel-19774,346137,30336742,30336753,11,2025-02-25 16:49:21.168252,2025-02-25 16:49:33.851477,12.683225
channel-85077,60928,30336743,30336753,10,2025-02-25 16:49:22.324509,2025-02-25 16:49:33.851477,11.526968
channel-72,516471,30336743,30336796,53,2025-02-25 16:49:22.324509,2025-02-25 16:50:29.788853,67.464344
channel-0,4039856,30336745,30336755,10,2025-02-25 16:49:24.714450,2025-02-25 16:49:36.419570,11.70512
channel-208,1490886,30336748,30336757,9,2025-02-25 16:49:28.143310,2025-02-25 16:49:39.348925,11.205615
channel-251,85272,30336753,30336761,8,2025-02-25 16:49:33.851477,2025-02-25 16:49:46.848049,12.996572
channel-750,684298,30336756,30336765,9,2025-02-25 16:49:37.648112,2025-02-25 16:49:51.432183,13.784071
channel-5,184350,30336763,30336771,8,2025-02-25 16:49:49.113481,2025-02-25 16:49:59.123429,10.009948
channel-72,516472,30336765,30336801,36,2025-02-25 16:49:51.432183,2025-02-25 16:50:36.688457,45.256274
channel-85077,60929,30336765,30336775,10,2025-02-25 16:49:51.432183,2025-02-25 16:50:03.783135,12.350952
channel-6994,1325642,30336769,30336779,10,2025-02-25 16:49:56.869332,2025-02-25 16:50:08.302957,11.433625
channel-0,4039857,30336769,30336783,14,2025-02-25 16:49:56.869332,2025-02-25 16:50:12.951211,16.081879
channel-79703,4459,30336773,30336782,9,2025-02-25 16:50:01.423188,2025-02-25 16:50:11.861557,10.438369
channel-95,331601,30336777,30336800,23,2025-02-25 16:50:05.949224,2025-02-25 16:50:35.566490,29.617266
channel-750,684299,30336778,30336789,11,2025-02-25 16:50:07.025866,2025-02-25 16:50:19.929535,12.903669
channel-6994,1325643,30336780,30336789,9,2025-02-25 16:50:09.452563,2025-02-25 16:50:19.929535,10.476972
channel-88,467203,30336782,30336804,22,2025-02-25 16:50:11.861557,2025-02-25 16:50:40.269086,28.407529
channel-750,684300,30336783,30336814,31,2025-02-25 16:50:12.951211,2025-02-25 16:50:53.961749,41.010538
channel-72,516473,30336785,30336822,37,2025-02-25 16:50:15.377713,2025-02-25 16:51:02.872361,47.494648
channel-0,4039858,30336785,30336806,21,2025-02-25 16:50:15.377713,2025-02-25 16:50:43.814447,28.436734
channel-85077,60930,30336786,30336795,9,2025-02-25 16:50:16.466913,2025-02-25 16:50:28.721126,12.254213
channel-0,4039859,30336788,30336797,9,2025-02-25 16:50:18.749722,2025-02-25 16:50:31.990818,13.241096
channel-88,467204,30336791,30336816,25,2025-02-25 16:50:22.703422,2025-02-25 16:50:56.157262,33.45384
channel-6994,1325644,30336792,30336803,11,2025-02-25 16:50:24.847445,2025-02-25 16:50:39.216062,14.368617
channel-259,314445,30336792,30336800,8,2025-02-25 16:50:24.847445,2025-02-25 16:50:35.566490,10.719045
channel-88,467205,30336796,30336816,20,2025-02-25 16:50:29.788853,2025-02-25 16:50:56.157262,26.368409
channel-6994,1325645,30336803,30336813,10,2025-02-25 16:50:39.216062,2025-02-25 16:50:52.888695,13.672633
channel-89298,18723,30336811,30336822,11,2025-02-25 16:50:49.546987,2025-02-25 16:51:02.872361,13.325374
channel-6994,1325646,30336816,30336827,11,2025-02-25 16:50:56.157262,2025-02-25 16:51:09.672719,13.515457
channel-750,684301,30336822,30336826,4,2025-02-25 16:51:02.872361,2025-02-25 16:51:08.422097,5.549736
channel-750,684302,30336828,30336845,17,2025-02-25 16:51:10.797504,2025-02-25 16:51:41.029922,30.232418
channel-19774,346138,30336830,30336840,10,2025-02-25 16:51:13.008982,2025-02-25 16:51:26.445333,13.436351
channel-750,684303,30336830,30336836,6,2025-02-25 16:51:13.008982,2025-02-25 16:51:21.063073,8.054091
channel-874,293416,30336831,30336837,6,2025-02-25 16:51:15.155692,2025-02-25 16:51:22.222580,7.066888
channel-0,4039860,30336831,30336845,14,2025-02-25 16:51:15.155692,2025-02-25 16:51:41.029922,25.87423
channel-88,467206,30336835,30336861,26,2025-02-25 16:51:19.833472,2025-02-25 16:52:01.718580,41.885108
channel-750,684304,30336838,30336840,2,2025-02-25 16:51:24.160913,2025-02-25 16:51:26.445333,2.28442
channel-326,538384,30336841,30336858,17,2025-02-25 16:51:31.087245,2025-02-25 16:51:58.159602,27.072357
channel-1,408619,30336841,30336854,13,2025-02-25 16:51:31.087245,2025-02-25 16:51:51.433080,20.345835
channel-0,4039861,30336842,30336852,10,2025-02-25 16:51:32.357953,2025-02-25 16:51:49.200240,16.842287
channel-6994,1325647,30336843,30336852,9,2025-02-25 16:51:37.689820,2025-02-25 16:51:49.200240,11.51042
channel-1,408620,30336843,30336854,11,2025-02-25 16:51:37.689820,2025-02-25 16:51:51.433080,13.74326
channel-750,684305,30336844,30336856,12,2025-02-25 16:51:39.876779,2025-02-25 16:51:55.433056,15.556277
channel-750,684306,30336846,30336850,4,2025-02-25 16:51:42.103957,2025-02-25 16:51:46.963105,4.859148
channel-208,1490887,30336848,30336861,13,2025-02-25 16:51:44.642442,2025-02-25 16:52:01.718580,17.076138
channel-750,684307,30336852,30336861,9,2025-02-25 16:51:49.200240,2025-02-25 16:52:01.718580,12.51834
channel-750,684308,30336853,30336866,13,2025-02-25 16:51:50.293857,2025-02-25 16:52:07.414412,17.120555
channel-89321,19524,30336854,30336877,23,2025-02-25 16:51:51.433080,2025-02-25 16:52:23.493813,32.060733
channel-6994,1325648,30336855,30336866,11,2025-02-25 16:51:53.679952,2025-02-25 16:52:07.414412,13.73446
channel-38946,124290,30336857,30336873,16,2025-02-25 16:51:56.858383,2025-02-25 16:52:18.899997,22.041614
channel-6994,1325649,30336858,30336870,12,2025-02-25 16:51:58.159602,2025-02-25 16:52:12.292667,14.133065
channel-6994,1325650,30336858,30336870,12,2025-02-25 16:51:58.159602,2025-02-25 16:52:12.292667,14.133065
channel-326,538385,30336862,30336871,9,2025-02-25 16:52:02.907429,2025-02-25 16:52:13.466789,10.55936
channel-5,184351,30336862,30336871,9,2025-02-25 16:52:02.907429,2025-02-25 16:52:13.466789,10.55936
channel-750,684309,30336865,30336882,17,2025-02-25 16:52:06.274341,2025-02-25 16:52:29.277434,23.003093
channel-750,684310,30336871,30336901,30,2025-02-25 16:52:13.466789,2025-02-25 16:52:53.010574,39.543785
channel-0,4039862,30336871,30336896,25,2025-02-25 16:52:13.466789,2025-02-25 16:52:47.613911,34.147122
channel-5,184352,30336877,30336889,12,2025-02-25 16:52:23.493813,2025-02-25 16:52:37.719823,14.22601
channel-208,1490888,30336880,30336891,11,2025-02-25 16:52:26.962783,2025-02-25 16:52:39.905947,12.943164
channel-6994,1325651,30336882,30336891,9,2025-02-25 16:52:29.277434,2025-02-25 16:52:39.905947,10.628513
channel-326,538386,30336882,30336892,10,2025-02-25 16:52:29.277434,2025-02-25 16:52:41.271547,11.994113
channel-750,684311,30336889,30336897,8,2025-02-25 16:52:37.719823,2025-02-25 16:52:48.700197,10.980374
channel-750,684312,30336890,30336893,3,2025-02-25 16:52:38.792002,2025-02-25 16:52:43.369491,4.577489
channel-6994,1325652,30336893,30336903,10,2025-02-25 16:52:43.369491,2025-02-25 16:52:56.324364,12.954873
channel-259,314446,30336898,30336903,5,2025-02-25 16:52:49.719673,2025-02-25 16:52:56.324364,6.604691
channel-6994,1325653,30336904,30336914,10,2025-02-25 16:52:57.416556,2025-02-25 16:53:09.186747,11.770191
channel-6994,1325654,30336904,30336914,10,2025-02-25 16:52:57.416556,2025-02-25 16:53:09.186747,11.770191
channel-750,684313,30336906,30336919,13,2025-02-25 16:52:59.612959,2025-02-25 16:53:15.028626,15.415667
channel-0,4039863,30336912,30336941,29,2025-02-25 16:53:06.872987,2025-02-25 16:53:43.256767,36.38378
channel-750,684314,30336912,30336953,41,2025-02-25 16:53:06.872987,2025-02-25 16:53:59.897890,53.024903
channel-0,4039864,30336912,30336935,23,2025-02-25 16:53:06.872987,2025-02-25 16:53:36.053818,29.180831
channel-0,4039865,30336920,30336932,12,2025-02-25 16:53:16.590129,2025-02-25 16:53:32.332991,15.742862
channel-0,4039866,30336922,30336932,10,2025-02-25 16:53:19.433714,2025-02-25 16:53:32.332991,12.899277
channel-6994,1325655,30336925,30336936,11,2025-02-25 16:53:22.728652,2025-02-25 16:53:37.452185,14.723533
channel-38946,124291,30336926,30336945,19,2025-02-25 16:53:23.868096,2025-02-25 16:53:47.883152,24.015056
channel-208,1490889,30336929,30336938,9,2025-02-25 16:53:27.187958,2025-02-25 16:53:39.870509,12.682551
channel-6994,1325656,30336943,30336953,10,2025-02-25 16:53:45.529491,2025-02-25 16:53:59.897890,14.368399
channel-6994,1325657,30336952,30336962,10,2025-02-25 16:53:57.749781,2025-02-25 16:54:11.600900,13.851119
channel-0,4039867,30336953,30336976,23,2025-02-25 16:53:59.897890,2025-02-25 16:54:28.875439,28.977549
channel-750,684315,30336954,30336971,17,2025-02-25 16:54:01.976633,2025-02-25 16:54:23.200889,21.224256
channel-750,684316,30336954,30336980,26,2025-02-25 16:54:01.976633,2025-02-25 16:54:33.684167,31.707534
channel-6994,1325658,30336962,30336971,9,2025-02-25 16:54:11.600900,2025-02-25 16:54:23.200889,11.599989
channel-208,1490890,30336972,30336983,11,2025-02-25 16:54:24.270191,2025-02-25 16:54:38.447126,14.176935
channel-6994,1325659,30336973,30336985,12,2025-02-25 16:54:25.404474,2025-02-25 16:54:40.781663,15.377189
channel-75,845295,30336976,30336982,6,2025-02-25 16:54:28.875439,2025-02-25 16:54:37.158645,8.283206
channel-412,64644,30336977,30336984,7,2025-02-25 16:54:29.969229,2025-02-25 16:54:39.638878,9.669649
channel-75,845296,30336983,30336990,7,2025-02-25 16:54:38.447126,2025-02-25 16:54:46.907940,8.460814
channel-874,293417,30336989,30336999,10,2025-02-25 16:54:45.764277,2025-02-25 16:54:59.018230,13.253953
channel-81016,265,30336994,30337003,9,2025-02-25 16:54:51.792074,2025-02-25 16:55:04.866137,13.074063
channel-2,130681,30336996,30337009,13,2025-02-25 16:54:54.045011,2025-02-25 16:55:12.526979,18.481968
channel-85077,60931,30336996,30337007,11,2025-02-25 16:54:54.045011,2025-02-25 16:55:10.311955,16.266944
channel-6994,1325660,30337001,30337012,11,2025-02-25 16:55:02.531569,2025-02-25 16:55:15.951902,13.420333
channel-122,668288,30337010,30337012,2,2025-02-25 16:55:13.695373,2025-02-25 16:55:15.951902,2.256529
channel-750,684317,30337016,30337026,10,2025-02-25 16:55:23.553797,2025-02-25 16:55:38.067937,14.51414
channel-750,684318,30337028,30337058,30,2025-02-25 16:55:40.294398,2025-02-25 16:56:17.513288,37.21889
channel-750,684319,30337030,30337051,21,2025-02-25 16:55:43.678532,2025-02-25 16:56:08.900812,25.22228
channel-8,43469,30337035,30337079,44,2025-02-25 16:55:49.244723,2025-02-25 16:56:44.031007,54.786284
channel-6994,1325661,30337042,30337051,9,2025-02-25 16:55:57.227834,2025-02-25 16:56:08.900812,11.672978
channel-6994,1325662,30337043,30337104,61,2025-02-25 16:55:58.278021,2025-02-25 16:57:19.404173,81.126152
channel-6994,1325663,30337057,30337069,12,2025-02-25 16:56:16.305772,2025-02-25 16:56:31.225399,14.919627
channel-6994,1325664,30337064,30337077,13,2025-02-25 16:56:24.511773,2025-02-25 16:56:41.488258,16.976485
channel-6994,1325665,30337066,30337108,42,2025-02-25 16:56:27.794521,2025-02-25 16:57:27.870754,60.076233
channel-6994,1325666,30337072,30337082,10,2025-02-25 16:56:34.815554,2025-02-25 16:56:48.341607,13.526053
channel-208,1490891,30337073,30337083,10,2025-02-25 16:56:36.914377,2025-02-25 16:56:49.509654,12.595277
channel-750,684320,30337074,30337095,21,2025-02-25 16:56:38.050329,2025-02-25 16:57:07.851086,29.800757
channel-6994,1325667,30337075,30337084,9,2025-02-25 16:56:39.183869,2025-02-25 16:56:53.909253,14.725384
channel-6994,1325668,30337083,30337093,10,2025-02-25 16:56:49.509654,2025-02-25 16:57:05.388038,15.878384
channel-0,4039868,30337094,30337103,9,2025-02-25 16:57:06.615920,2025-02-25 16:57:18.191291,11.575371
channel-6994,1325669,30337096,30337104,8,2025-02-25 16:57:09.179368,2025-02-25 16:57:19.404173,10.224805
channel-750,684321,30337100,30337107,7,2025-02-25 16:57:14.911318,2025-02-25 16:57:26.738560,11.827242
channel-6994,1325670,30337101,30337108,7,2025-02-25 16:57:15.972697,2025-02-25 16:57:27.870754,11.898057
channel-6994,1325671,30337105,30337120,15,2025-02-25 16:57:24.693930,2025-02-25 16:57:42.632880,17.93895
channel-0,4039869,30337105,30337115,10,2025-02-25 16:57:24.693930,2025-02-25 16:57:36.874095,12.180165
channel-6994,1325672,30337106,30337120,14,2025-02-25 16:57:25.744222,2025-02-25 16:57:42.632880,16.888658
channel-122,668289,30337116,30337120,4,2025-02-25 16:57:38.087736,2025-02-25 16:57:42.632880,4.545144
channel-75,845297,30337131,30337142,11,2025-02-25 16:57:57.067238,2025-02-25 16:58:11.006461,13.939223
channel-6994,1325673,30337132,30337142,10,2025-02-25 16:57:58.140186,2025-02-25 16:58:11.006461,12.866275
channel-0,4039870,30337140,30337166,26,2025-02-25 16:58:07.838706,2025-02-25 16:58:41.155449,33.316743
channel-6994,1325674,30337144,30337214,70,2025-02-25 16:58:14.477309,2025-02-25 16:59:49.194195,94.716886
channel-6994,1325675,30337152,30337161,9,2025-02-25 16:58:23.532504,2025-02-25 16:58:34.688555,11.156051
channel-750,684322,30337155,30337160,5,2025-02-25 16:58:27.455781,2025-02-25 16:58:33.526042,6.070261
channel-412,64645,30337164,30337172,8,2025-02-25 16:58:37.967591,2025-02-25 16:58:51.939446,13.971855
channel-6994,1325676,30337168,30337179,11,2025-02-25 16:58:44.187455,2025-02-25 16:59:00.561522,16.374067
channel-38946,124292,30337174,30337192,18,2025-02-25 16:58:54.106009,2025-02-25 16:59:20.563636,26.457627
channel-6994,1325677,30337184,30337191,7,2025-02-25 16:59:06.236007,2025-02-25 16:59:14.682732,8.446725
channel-0,4039871,30337192,30337202,10,2025-02-25 16:59:20.563636,2025-02-25 16:59:34.314599,13.750963
channel-20082,9897,30337194,30337211,17,2025-02-25 16:59:24.178276,2025-02-25 16:59:45.699826,21.52155
channel-6994,1325678,30337194,30337203,9,2025-02-25 16:59:24.178276,2025-02-25 16:59:35.485590,11.307314
channel-522,40445,30337206,30337217,11,2025-02-25 16:59:39.979482,2025-02-25 16:59:53.576413,13.596931
channel-75,845298,30337211,30337218,7,2025-02-25 16:59:45.699826,2025-02-25 16:59:55.252428,9.552602
channel-6994,1325679,30337212,30337221,9,2025-02-25 16:59:46.875065,2025-02-25 16:59:58.659785,11.78472
channel-6994,1325680,30337214,30337226,12,2025-02-25 16:59:49.194195,2025-02-25 17:00:04.930404,15.736209
channel-89298,18724,30337228,30337237,9,2025-02-25 17:00:07.068222,2025-02-25 17:00:19.264037,12.195815
channel-0,4039872,30337231,30337243,12,2025-02-25 17:00:10.510904,2025-02-25 17:00:28.302835,17.791931
channel-326,538387,30337231,30337236,5,2025-02-25 17:00:10.510904,2025-02-25 17:00:18.004919,7.494015
channel-5,184353,30337240,30337248,8,2025-02-25 17:00:23.876102,2025-02-25 17:00:35.480646,11.604544
channel-6994,1325681,30337244,30337257,13,2025-02-25 17:00:30.558503,2025-02-25 17:00:46.586916,16.028413
channel-20082,9898,30337246,30337295,49,2025-02-25 17:00:33.216370,2025-02-25 17:01:39.834605,66.618235
channel-208,1490892,30337248,30337261,13,2025-02-25 17:00:35.480646,2025-02-25 17:00:51.067662,15.587016
channel-6994,1325682,30337257,30337279,22,2025-02-25 17:00:46.586916,2025-02-25 17:01:14.946175,28.359259
channel-85077,60932,30337260,30337270,10,2025-02-25 17:00:49.987679,2025-02-25 17:01:01.419397,11.431718
channel-2,130682,30337260,30337271,11,2025-02-25 17:00:49.987679,2025-02-25 17:01:02.594522,12.606843
channel-6994,1325683,30337266,30337275,9,2025-02-25 17:00:56.693860,2025-02-25 17:01:08.269966,11.576106
channel-6994,1325684,30337267,30337279,12,2025-02-25 17:00:57.870815,2025-02-25 17:01:14.946175,17.07536
channel-122,668290,30337267,30337271,4,2025-02-25 17:00:57.870815,2025-02-25 17:01:02.594522,4.723707
channel-6994,1325685,30337273,30337283,10,2025-02-25 17:01:05.972360,2025-02-25 17:01:20.926205,14.953845
channel-412,64646,30337280,30337337,57,2025-02-25 17:01:16.063620,2025-02-25 17:02:32.856534,76.792914
channel-216,94292,30337297,30337368,71,2025-02-25 17:01:42.186668,2025-02-25 17:03:14.569941,92.383273
channel-6994,1325686,30337310,30337321,11,2025-02-25 17:01:58.170516,2025-02-25 17:02:11.913055,13.742539
channel-2188,43847,30337311,30337317,6,2025-02-25 17:01:59.404250,2025-02-25 17:02:06.855872,7.451622
channel-89321,19525,30337319,30337353,34,2025-02-25 17:02:09.645493,2025-02-25 17:02:55.822123,46.17663
channel-6994,1325687,30337320,30337329,9,2025-02-25 17:02:10.729392,2025-02-25 17:02:23.697433,12.968041
channel-42,1490077,30337321,30337334,13,2025-02-25 17:02:11.913055,2025-02-25 17:02:29.234761,17.321706
channel-85077,60933,30337326,30337335,9,2025-02-25 17:02:18.272368,2025-02-25 17:02:30.503510,12.231142
channel-47,198644,30337346,30337358,12,2025-02-25 17:02:47.321559,2025-02-25 17:03:01.607932,14.286373
channel-6994,1325688,30337348,30337358,10,2025-02-25 17:02:49.646053,2025-02-25 17:03:01.607932,11.961879
channel-6994,1325689,30337358,30337367,9,2025-02-25 17:03:01.607932,2025-02-25 17:03:13.341087,11.733155
channel-85077,60934,30337358,30337367,9,2025-02-25 17:03:01.607932,2025-02-25 17:03:13.341087,11.733155
channel-6994,1325690,30337376,30337385,9,2025-02-25 17:03:23.636675,2025-02-25 17:03:34.625316,10.988641
channel-6994,1325691,30337384,30337394,10,2025-02-25 17:03:32.931376,2025-02-25 17:03:47.828865,14.897489
channel-6994,1325692,30337384,30337394,10,2025-02-25 17:03:32.931376,2025-02-25 17:03:47.828865,14.897489
channel-6787,166785,30337385,30337389,4,2025-02-25 17:03:34.625316,2025-02-25 17:03:41.090314,6.464998
channel-208,1490893,30337385,30337395,10,2025-02-25 17:03:34.625316,2025-02-25 17:03:49.269084,14.643768
channel-6994,1325693,30337388,30337399,11,2025-02-25 17:03:40.010833,2025-02-25 17:03:54.091261,14.080428
channel-0,4039873,30337389,30337403,14,2025-02-25 17:03:41.090314,2025-02-25 17:03:58.815759,17.725445
channel-750,684323,30337396,30337401,5,2025-02-25 17:03:50.535948,2025-02-25 17:03:56.452567,5.916619
channel-6994,1325694,30337399,30337409,10,2025-02-25 17:03:54.091261,2025-02-25 17:04:05.549169,11.457908
channel-6994,1325695,30337408,30337435,27,2025-02-25 17:04:04.442274,2025-02-25 17:04:37.920456,33.478182
channel-6994,1325696,30337410,30337422,12,2025-02-25 17:04:06.850478,2025-02-25 17:04:21.834220,14.983742
channel-6994,1325697,30337410,30337422,12,2025-02-25 17:04:06.850478,2025-02-25 17:04:21.834220,14.983742
channel-0,4039874,30337419,30337432,13,2025-02-25 17:04:18.445598,2025-02-25 17:04:33.456397,15.010799
channel-144,86700,30337419,30337429,10,2025-02-25 17:04:18.445598,2025-02-25 17:04:30.022515,11.576917
channel-208,1490894,30337420,30337429,9,2025-02-25 17:04:19.552771,2025-02-25 17:04:30.022515,10.469744
channel-326,538388,30337422,30337427,5,2025-02-25 17:04:21.834220,2025-02-25 17:04:27.821491,5.987271
channel-6994,1325698,30337423,30337433,10,2025-02-25 17:04:23.022426,2025-02-25 17:04:34.558490,11.536064
channel-6994,1325699,30337425,30337436,11,2025-02-25 17:04:25.410878,2025-02-25 17:04:38.948948,13.53807
channel-85077,60935,30337432,30337439,7,2025-02-25 17:04:33.456397,2025-02-25 17:04:44.483042,11.026645
channel-6994,1325700,30337434,30337444,10,2025-02-25 17:04:35.690921,2025-02-25 17:04:50.420061,14.72914
channel-6994,1325701,30337444,30337453,9,2025-02-25 17:04:50.420061,2025-02-25 17:05:03.275307,12.855246
channel-6994,1325702,30337447,30337476,29,2025-02-25 17:04:54.059926,2025-02-25 17:05:31.063591,37.003665
channel-204,670851,30337450,30337457,7,2025-02-25 17:04:57.684618,2025-02-25 17:05:07.872062,10.187444
channel-208,1490895,30337456,30337468,12,2025-02-25 17:05:06.667988,2025-02-25 17:05:21.953378,15.28539
channel-122,668291,30337466,30337470,4,2025-02-25 17:05:18.934070,2025-02-25 17:05:24.420534,5.486464
channel-0,4039875,30337467,30337477,10,2025-02-25 17:05:20.191515,2025-02-25 17:05:32.275489,12.083974
channel-208,1490896,30337477,30337487,10,2025-02-25 17:05:32.275489,2025-02-25 17:05:46.938124,14.662635
channel-259,314447,30337495,30337500,5,2025-02-25 17:05:56.329003,2025-02-25 17:06:03.316302,6.987299
channel-20082,9899,30337522,30337541,19,2025-02-25 17:06:37.617562,2025-02-25 17:07:03.731217,26.113655
channel-85077,60936,30337531,30337540,9,2025-02-25 17:06:49.027447,2025-02-25 17:07:02.258300,13.230853
channel-750,684324,30337533,30337538,5,2025-02-25 17:06:52.587849,2025-02-25 17:06:58.483460,5.895611
channel-208,1490897,30337537,30337545,8,2025-02-25 17:06:57.272009,2025-02-25 17:07:08.483848,11.211839
channel-143,128445,30337538,30337556,18,2025-02-25 17:06:58.483460,2025-02-25 17:07:22.869552,24.386092
channel-0,4039876,30337541,30337561,20,2025-02-25 17:07:03.731217,2025-02-25 17:07:28.467015,24.735798
channel-208,1490898,30337544,30337554,10,2025-02-25 17:07:07.439528,2025-02-25 17:07:20.508231,13.068703
channel-0,4039877,30337545,30337571,26,2025-02-25 17:07:08.483848,2025-02-25 17:07:40.120153,31.636305
channel-75,845299,30337549,30337558,9,2025-02-25 17:07:14.023719,2025-02-25 17:07:25.051878,11.028159
channel-73755,5851,30337554,30337564,10,2025-02-25 17:07:20.508231,2025-02-25 17:07:31.870840,11.362609
channel-326,538389,30337555,30337575,20,2025-02-25 17:07:21.625335,2025-02-25 17:07:44.668274,23.042939
channel-0,4039878,30337555,30337561,6,2025-02-25 17:07:21.625335,2025-02-25 17:07:28.467015,6.84168
channel-750,684325,30337563,30337567,4,2025-02-25 17:07:30.749526,2025-02-25 17:07:35.312320,4.562794
channel-6994,1325703,30337571,30337584,13,2025-02-25 17:07:40.120153,2025-02-25 17:07:56.670862,16.550709
channel-0,4039879,30337576,30337585,9,2025-02-25 17:07:45.833571,2025-02-25 17:07:57.813836,11.980265
channel-2186,40802,30337584,30337598,14,2025-02-25 17:07:56.670862,2025-02-25 17:08:14.911980,18.241118
channel-251,85273,30337589,30337602,13,2025-02-25 17:08:03.476339,2025-02-25 17:08:19.416391,15.940052
channel-208,1490899,30337601,30337609,8,2025-02-25 17:08:18.387366,2025-02-25 17:08:28.442130,10.054764
channel-2716,2672,30337613,30337639,26,2025-02-25 17:08:33.148653,2025-02-25 17:09:05.759073,32.61042
channel-6994,1325704,30337620,30337632,12,2025-02-25 17:08:41.838388,2025-02-25 17:08:57.987130,16.148742
channel-6787,166786,30337630,30337634,4,2025-02-25 17:08:54.575030,2025-02-25 17:09:00.174453,5.599423
channel-6994,1325705,30337632,30337643,11,2025-02-25 17:08:57.987130,2025-02-25 17:09:11.406238,13.419108
channel-20082,9900,30337636,30337763,127,2025-02-25 17:09:02.500867,2025-02-25 17:11:53.757280,171.256413
channel-91017,2910,30337639,30337650,11,2025-02-25 17:09:05.759073,2025-02-25 17:09:21.203365,15.444292
channel-208,1490900,30337648,30337659,11,2025-02-25 17:09:17.918448,2025-02-25 17:09:31.395435,13.476987
channel-0,4039880,30337656,30337667,11,2025-02-25 17:09:27.796517,2025-02-25 17:09:40.824463,13.027946
channel-326,538390,30337659,30338845,1186,2025-02-25 17:09:31.395435,2025-02-25 17:36:44.533429,1633.137994
channel-326,538391,30337659,30338845,1186,2025-02-25 17:09:31.395435,2025-02-25 17:36:44.533429,1633.137994
channel-326,538392,30337659,30338845,1186,2025-02-25 17:09:31.395435,2025-02-25 17:36:44.533429,1633.137994
channel-326,538393,30337659,30338845,1186,2025-02-25 17:09:31.395435,2025-02-25 17:36:44.533429,1633.137994
channel-326,538394,30337659,30338845,1186,2025-02-25 17:09:31.395435,2025-02-25 17:36:44.533429,1633.137994
channel-326,538395,30337659,30338845,1186,2025-02-25 17:09:31.395435,2025-02-25 17:36:44.533429,1633.137994
channel-0,4039881,30337674,30337700,26,2025-02-25 17:09:52.340254,2025-02-25 17:10:25.583801,33.243547
channel-750,684326,30337675,30337688,13,2025-02-25 17:09:54.946992,2025-02-25 17:10:10.604537,15.657545
channel-6994,1325706,30337678,30337687,9,2025-02-25 17:09:58.357413,2025-02-25 17:10:09.336470,10.979057
channel-6994,1325707,30337679,30337703,24,2025-02-25 17:10:00.092332,2025-02-25 17:10:32.310758,32.218426
channel-0,4039882,30337699,30337722,23,2025-02-25 17:10:23.419220,2025-02-25 17:11:01.272443,37.853223
channel-6994,1325708,30337700,30337712,12,2025-02-25 17:10:25.583801,2025-02-25 17:10:45.302846,19.719045
channel-6994,1325709,30337701,30337712,11,2025-02-25 17:10:26.677385,2025-02-25 17:10:45.302846,18.625461
channel-5,184354,30337701,30337709,8,2025-02-25 17:10:26.677385,2025-02-25 17:10:41.744252,15.066867
channel-89321,19526,30337708,30337715,7,2025-02-25 17:10:40.381251,2025-02-25 17:10:52.872621,12.49137
channel-4,167060,30337715,30337726,11,2025-02-25 17:10:52.872621,2025-02-25 17:11:05.832464,12.959843
channel-42,1490078,30337721,30337746,25,2025-02-25 17:11:00.231842,2025-02-25 17:11:32.082736,31.850894
channel-1,408621,30337723,30337756,33,2025-02-25 17:11:02.438669,2025-02-25 17:11:44.600433,42.161764
channel-6994,1325710,30337731,30337741,10,2025-02-25 17:11:13.222856,2025-02-25 17:11:25.769108,12.546252
channel-750,684327,30337740,30337746,6,2025-02-25 17:11:23.473686,2025-02-25 17:11:32.082736,8.60905
channel-6994,1325711,30337740,30337750,10,2025-02-25 17:11:23.473686,2025-02-25 17:11:36.591060,13.117374
channel-85077,60937,30337740,30337751,11,2025-02-25 17:11:23.473686,2025-02-25 17:11:37.724360,14.250674
channel-320,119269,30337741,30337753,12,2025-02-25 17:11:25.769108,2025-02-25 17:11:40.115581,14.346473
channel-208,1490901,30337767,30337780,13,2025-02-25 17:11:58.335475,2025-02-25 17:12:15.947307,17.611832
channel-184,137450,30337768,30337778,10,2025-02-25 17:12:00.382650,2025-02-25 17:12:13.120686,12.738036
channel-6994,1325712,30337771,30337780,9,2025-02-25 17:12:05.290153,2025-02-25 17:12:15.947307,10.657154
channel-320,119270,30337779,30337801,22,2025-02-25 17:12:14.830145,2025-02-25 17:12:43.515005,28.68486
channel-0,4039883,30337786,30337797,11,2025-02-25 17:12:24.601712,2025-02-25 17:12:38.785224,14.183512
channel-750,684328,30337787,30337798,11,2025-02-25 17:12:25.809935,2025-02-25 17:12:39.904509,14.094574
channel-229,55043,30337793,30337800,7,2025-02-25 17:12:32.487182,2025-02-25 17:12:42.275263,9.788081
channel-6994,1325713,30337796,30337806,10,2025-02-25 17:12:36.098193,2025-02-25 17:12:49.263732,13.165539
channel-75,845300,30337796,30337804,8,2025-02-25 17:12:36.098193,2025-02-25 17:12:46.888355,10.790162
channel-199,132832,30337803,30337814,11,2025-02-25 17:12:45.680001,2025-02-25 17:13:00.037871,14.35787
channel-199,132833,30337807,30337835,28,2025-02-25 17:12:50.408605,2025-02-25 17:13:27.013844,36.605239
channel-750,684329,30337811,30337823,12,2025-02-25 17:12:55.048204,2025-02-25 17:13:10.681362,15.633158
channel-85077,60938,30337815,30337823,8,2025-02-25 17:13:01.091123,2025-02-25 17:13:10.681362,9.590239
channel-783,104365,30337826,30337852,26,2025-02-25 17:13:15.573789,2025-02-25 17:13:50.314404,34.740615
channel-0,4039884,30337832,30337843,11,2025-02-25 17:13:22.503391,2025-02-25 17:13:39.432907,16.929516
channel-1429,140786,30337833,30337843,10,2025-02-25 17:13:24.625593,2025-02-25 17:13:39.432907,14.807314
channel-6994,1325714,30337833,30337841,8,2025-02-25 17:13:24.625593,2025-02-25 17:13:37.294601,12.669008
channel-522,40446,30337834,30337841,7,2025-02-25 17:13:25.843138,2025-02-25 17:13:37.294601,11.451463
channel-143,128446,30337836,30337865,29,2025-02-25 17:13:28.178920,2025-02-25 17:14:05.200760,37.02184
channel-208,1490902,30337836,30337847,11,2025-02-25 17:13:28.178920,2025-02-25 17:13:43.887886,15.708966
channel-75,845301,30337843,30337850,7,2025-02-25 17:13:39.432907,2025-02-25 17:13:48.060568,8.627661
channel-6994,1325715,30337849,30337860,11,2025-02-25 17:13:46.945910,2025-02-25 17:13:59.663740,12.71783
channel-750,684330,30337850,30337868,18,2025-02-25 17:13:48.060568,2025-02-25 17:14:08.681939,20.621371
channel-6994,1325716,30337855,30337869,14,2025-02-25 17:13:53.981381,2025-02-25 17:14:10.829726,16.848345
channel-6994,1325717,30337867,30337878,11,2025-02-25 17:14:07.583708,2025-02-25 17:14:23.014254,15.430546
channel-750,684331,30337870,30337876,6,2025-02-25 17:14:12.197099,2025-02-25 17:14:20.623716,8.426617
channel-0,4039885,30337871,30337882,11,2025-02-25 17:14:14.497876,2025-02-25 17:14:28.219025,13.721149
channel-1429,140787,30337871,30337880,9,2025-02-25 17:14:14.497876,2025-02-25 17:14:25.907210,11.409334
channel-6994,1325718,30337871,30337882,11,2025-02-25 17:14:14.497876,2025-02-25 17:14:28.219025,13.721149
channel-750,684332,30337872,30337885,13,2025-02-25 17:14:15.695991,2025-02-25 17:14:33.337330,17.641339
channel-874,293418,30337873,30338931,1058,2025-02-25 17:14:16.874742,2025-02-25 17:38:35.588398,1458.713656
channel-259,314448,30337884,30337889,5,2025-02-25 17:14:30.624650,2025-02-25 17:14:38.271738,7.647088
channel-1429,140788,30337884,30337892,8,2025-02-25 17:14:30.624650,2025-02-25 17:14:42.634412,12.009762
channel-750,684333,30337895,30337910,15,2025-02-25 17:14:47.247030,2025-02-25 17:15:07.168777,19.921747
channel-750,684334,30337898,30337903,5,2025-02-25 17:14:50.581198,2025-02-25 17:14:56.108983,5.527785
channel-750,684335,30337898,30337906,8,2025-02-25 17:14:50.581198,2025-02-25 17:14:59.417110,8.835912
channel-0,4039886,30337904,30337910,6,2025-02-25 17:14:57.221585,2025-02-25 17:15:07.168777,9.947192
channel-6994,1325719,30337906,30337917,11,2025-02-25 17:14:59.417110,2025-02-25 17:15:15.819731,16.402621
channel-6994,1325720,30337907,30337917,10,2025-02-25 17:15:00.503029,2025-02-25 17:15:15.819731,15.316702
channel-89321,19527,30337907,30337919,12,2025-02-25 17:15:00.503029,2025-02-25 17:15:18.424031,17.921002
channel-19774,346139,30337908,30337914,6,2025-02-25 17:15:04.881357,2025-02-25 17:15:12.300760,7.419403
channel-750,684336,30337910,30337924,14,2025-02-25 17:15:07.168777,2025-02-25 17:15:26.823491,19.654714
channel-6787,166787,30337910,30337915,5,2025-02-25 17:15:07.168777,2025-02-25 17:15:13.471097,6.30232
channel-750,684337,30337912,30337921,9,2025-02-25 17:15:10.048415,2025-02-25 17:15:22.317807,12.269392
channel-750,684338,30337917,30337927,10,2025-02-25 17:15:15.819731,2025-02-25 17:15:30.101414,14.281683
channel-0,4039887,30337924,30337933,9,2025-02-25 17:15:26.823491,2025-02-25 17:15:38.087777,11.264286
channel-85077,60939,30337929,30337941,12,2025-02-25 17:15:32.434296,2025-02-25 17:15:47.084614,14.650318
channel-75,845302,30337935,30337942,7,2025-02-25 17:15:40.297611,2025-02-25 17:15:48.108522,7.810911
channel-0,4039888,30337938,30337950,12,2025-02-25 17:15:43.625613,2025-02-25 17:15:58.245003,14.61939
channel-750,684339,30337940,30337944,4,2025-02-25 17:15:45.912448,2025-02-25 17:15:50.679192,4.766744
channel-85077,60940,30337943,30337958,15,2025-02-25 17:15:49.461523,2025-02-25 17:16:08.509076,19.047553
channel-199,132834,30337945,30337961,16,2025-02-25 17:15:52.419191,2025-02-25 17:16:11.803814,19.384623
channel-6994,1325721,30337945,30337957,12,2025-02-25 17:15:52.419191,2025-02-25 17:16:06.390555,13.971364
channel-750,684340,30337946,30337961,15,2025-02-25 17:15:53.654562,2025-02-25 17:16:11.803814,18.149252
channel-89321,19528,30337958,30337965,7,2025-02-25 17:16:08.509076,2025-02-25 17:16:48.953369,40.444293
channel-20082,9901,30337961,30338011,50,2025-02-25 17:16:11.803814,2025-02-25 17:18:03.974488,112.170674
channel-2186,40803,30337961,30337972,11,2025-02-25 17:16:11.803814,2025-02-25 17:16:59.102962,47.299148
channel-85077,60941,30337961,30337968,7,2025-02-25 17:16:11.803814,2025-02-25 17:16:52.732756,40.928942
channel-783,104366,30337962,30337969,7,2025-02-25 17:16:40.530188,2025-02-25 17:16:55.105091,14.574903
channel-229,55044,30337962,30337977,15,2025-02-25 17:16:40.530188,2025-02-25 17:17:12.828249,32.298061
channel-6994,1325722,30337965,30337972,7,2025-02-25 17:16:48.953369,2025-02-25 17:16:59.102962,10.149593
channel-750,684341,30337967,30337974,7,2025-02-25 17:16:51.485125,2025-02-25 17:17:05.782769,14.297644
channel-259,314449,30337967,30338011,44,2025-02-25 17:16:51.485125,2025-02-25 17:18:03.974488,72.489363
channel-0,4039889,30337967,30337981,14,2025-02-25 17:16:51.485125,2025-02-25 17:17:18.857318,27.372193
channel-750,684342,30337967,30337974,7,2025-02-25 17:16:51.485125,2025-02-25 17:17:05.782769,14.297644
channel-783,104367,30337969,30337974,5,2025-02-25 17:16:55.105091,2025-02-25 17:17:05.782769,10.677678
channel-642,126541,30337971,30337979,8,2025-02-25 17:16:57.943236,2025-02-25 17:17:16.661061,18.717825
channel-750,684343,30337972,30337985,13,2025-02-25 17:16:59.102962,2025-02-25 17:17:23.489464,24.386502
channel-6994,1325723,30337972,30337978,6,2025-02-25 17:16:59.102962,2025-02-25 17:17:14.952150,15.849188
channel-6994,1325724,30337972,30337978,6,2025-02-25 17:16:59.102962,2025-02-25 17:17:14.952150,15.849188
channel-4,167061,30337974,30337984,10,2025-02-25 17:17:05.782769,2025-02-25 17:17:22.356478,16.573709
channel-750,684344,30337977,30337987,10,2025-02-25 17:17:12.828249,2025-02-25 17:17:30.249456,17.421207
channel-750,684345,30337978,30337988,10,2025-02-25 17:17:14.952150,2025-02-25 17:17:31.656780,16.70463
channel-208,1490903,30337979,30337986,7,2025-02-25 17:17:16.661061,2025-02-25 17:17:28.371824,11.710763
channel-6994,1325725,30337984,30337993,9,2025-02-25 17:17:22.356478,2025-02-25 17:17:39.216839,16.860361
channel-85077,60942,30337988,30337997,9,2025-02-25 17:17:31.656780,2025-02-25 17:17:43.618640,11.96186
channel-6994,1325726,30337997,30338004,7,2025-02-25 17:17:43.618640,2025-02-25 17:17:52.853749,9.235109
channel-0,4039890,30337998,30338007,9,2025-02-25 17:17:45.973057,2025-02-25 17:17:59.418093,13.445036
channel-750,684346,30338015,30338027,12,2025-02-25 17:18:09.283562,2025-02-25 17:18:25.097136,15.813574
channel-85077,60943,30338018,30338027,9,2025-02-25 17:18:13.688040,2025-02-25 17:18:25.097136,11.409096
channel-208,1490904,30338028,30338039,11,2025-02-25 17:18:26.243296,2025-02-25 17:18:40.262960,14.019664
channel-0,4039891,30338030,30338042,12,2025-02-25 17:18:28.583209,2025-02-25 17:18:43.858768,15.275559
channel-0,4039892,30338031,30338042,11,2025-02-25 17:18:29.678034,2025-02-25 17:18:43.858768,14.180734
channel-0,4039893,30338031,30338042,11,2025-02-25 17:18:29.678034,2025-02-25 17:18:43.858768,14.180734
channel-6994,1325727,30338039,30338050,11,2025-02-25 17:18:40.262960,2025-02-25 17:18:53.544503,13.281543
channel-750,684347,30338039,30338043,4,2025-02-25 17:18:40.262960,2025-02-25 17:18:45.131002,4.868042
channel-750,684348,30338046,30338055,9,2025-02-25 17:18:49.065709,2025-02-25 17:19:00.455478,11.389769
channel-750,684349,30338049,30338074,25,2025-02-25 17:18:52.442473,2025-02-25 17:19:26.247558,33.805085
channel-750,684350,30338050,30338059,9,2025-02-25 17:18:53.544503,2025-02-25 17:19:06.605877,13.061374
channel-6994,1325728,30338050,30338058,8,2025-02-25 17:18:53.544503,2025-02-25 17:19:03.923246,10.378743
channel-6994,1325729,30338054,30338062,8,2025-02-25 17:18:59.277662,2025-02-25 17:19:10.093339,10.815677
channel-259,314450,30338056,30338061,5,2025-02-25 17:19:01.558357,2025-02-25 17:19:08.904640,7.346283
channel-6994,1325730,30338058,30338066,8,2025-02-25 17:19:03.923246,2025-02-25 17:19:14.686057,10.762811
channel-0,4039894,30338059,30338072,13,2025-02-25 17:19:06.605877,2025-02-25 17:19:22.847920,16.242043
channel-750,684351,30338062,30338066,4,2025-02-25 17:19:10.093339,2025-02-25 17:19:14.686057,4.592718
channel-0,4039895,30338066,30338076,10,2025-02-25 17:19:14.686057,2025-02-25 17:19:28.524143,13.838086
channel-6994,1325731,30338069,30338079,10,2025-02-25 17:19:19.350668,2025-02-25 17:19:32.636635,13.285967
channel-750,684352,30338071,30338082,11,2025-02-25 17:19:21.755303,2025-02-25 17:19:36.674363,14.91906
channel-6787,166788,30338078,30338083,5,2025-02-25 17:19:30.958614,2025-02-25 17:19:37.810116,6.851502
channel-6994,1325732,30338079,30338088,9,2025-02-25 17:19:32.636635,2025-02-25 17:19:44.555446,11.918811
channel-85077,60944,30338079,30338089,10,2025-02-25 17:19:32.636635,2025-02-25 17:19:45.816592,13.179957
channel-412,64647,30338088,30338099,11,2025-02-25 17:19:44.555446,2025-02-25 17:19:58.307424,13.751978
channel-208,1490905,30338089,30338102,13,2025-02-25 17:19:45.816592,2025-02-25 17:20:01.711898,15.895306
channel-2494,31977,30338090,30338101,11,2025-02-25 17:19:46.939029,2025-02-25 17:20:00.639314,13.700285
channel-0,4039896,30338104,30338116,12,2025-02-25 17:20:04.282900,2025-02-25 17:20:18.710330,14.42743
channel-750,684353,30338110,30338127,17,2025-02-25 17:20:11.108256,2025-02-25 17:20:37.207969,26.099713
channel-6994,1325733,30338114,30338126,12,2025-02-25 17:20:16.388775,2025-02-25 17:20:35.863496,19.474721
channel-6994,1325734,30338116,30338126,10,2025-02-25 17:20:18.710330,2025-02-25 17:20:35.863496,17.153166
channel-6994,1325735,30338117,30338126,9,2025-02-25 17:20:20.943433,2025-02-25 17:20:35.863496,14.920063
channel-6994,1325736,30338118,30338126,8,2025-02-25 17:20:22.139148,2025-02-25 17:20:35.863496,13.724348
channel-6994,1325737,30338119,30338144,25,2025-02-25 17:20:23.311911,2025-02-25 17:21:00.168594,36.856683
channel-0,4039897,30338122,30338133,11,2025-02-25 17:20:27.689778,2025-02-25 17:20:44.259521,16.569743
channel-642,126542,30338123,30338149,26,2025-02-25 17:20:29.272426,2025-02-25 17:21:07.345593,38.073167
channel-89298,18725,30338126,30338137,11,2025-02-25 17:20:35.863496,2025-02-25 17:20:50.028530,14.165034
channel-6994,1325738,30338127,30338135,8,2025-02-25 17:20:37.207969,2025-02-25 17:20:47.612695,10.404726
channel-6994,1325739,30338129,30338144,15,2025-02-25 17:20:39.556228,2025-02-25 17:21:00.168594,20.612366
channel-6994,1325740,30338133,30338148,15,2025-02-25 17:20:44.259521,2025-02-25 17:21:06.116403,21.856882
channel-6994,1325741,30338139,30338148,9,2025-02-25 17:20:52.320346,2025-02-25 17:21:06.116403,13.796057
channel-750,684354,30338142,30338146,4,2025-02-25 17:20:55.663508,2025-02-25 17:21:03.518252,7.854744
channel-750,684355,30338143,30338153,10,2025-02-25 17:20:57.487597,2025-02-25 17:21:13.108870,15.621273
channel-0,4039898,30338147,30338158,11,2025-02-25 17:21:04.922003,2025-02-25 17:21:19.462954,14.540951
channel-0,4039899,30338149,30338158,9,2025-02-25 17:21:07.345593,2025-02-25 17:21:19.462954,12.117361
channel-6994,1325742,30338149,30338161,12,2025-02-25 17:21:07.345593,2025-02-25 17:21:22.860159,15.514566
channel-750,684356,30338177,30338199,22,2025-02-25 17:21:46.304268,2025-02-25 17:22:12.463547,26.159279
channel-208,1490906,30338191,30338201,10,2025-02-25 17:22:02.404532,2025-02-25 17:22:14.918593,12.514061
channel-750,684357,30338191,30338199,8,2025-02-25 17:22:02.404532,2025-02-25 17:22:12.463547,10.059015
channel-0,4039900,30338192,30338220,28,2025-02-25 17:22:03.617387,2025-02-25 17:22:40.203578,36.586191
channel-874,293419,30338200,30338208,8,2025-02-25 17:22:13.745246,2025-02-25 17:22:22.826226,9.08098
channel-47,198645,30338201,30338212,11,2025-02-25 17:22:14.918593,2025-02-25 17:22:29.141381,14.222788
channel-782,310275,30338201,30338211,10,2025-02-25 17:22:14.918593,2025-02-25 17:22:27.441506,12.522913
channel-2494,31978,30338201,30338210,9,2025-02-25 17:22:14.918593,2025-02-25 17:22:26.327689,11.409096
channel-750,684358,30338203,30338208,5,2025-02-25 17:22:17.441041,2025-02-25 17:22:22.826226,5.385185
channel-6994,1325743,30338209,30338218,9,2025-02-25 17:22:25.083051,2025-02-25 17:22:37.997415,12.914364
channel-6994,1325744,30338212,30338224,12,2025-02-25 17:22:29.141381,2025-02-25 17:22:45.074168,15.932787
channel-750,684359,30338213,30338228,15,2025-02-25 17:22:31.254457,2025-02-25 17:22:50.019521,18.765064
channel-782,310276,30338216,30338224,8,2025-02-25 17:22:35.823424,2025-02-25 17:22:45.074168,9.250744
channel-642,126543,30338216,30338243,27,2025-02-25 17:22:35.823424,2025-02-25 17:23:12.860384,37.03696
channel-85077,60945,30338220,30338229,9,2025-02-25 17:22:40.203578,2025-02-25 17:22:51.204380,11.000802
channel-6994,1325745,30338230,30338239,9,2025-02-25 17:22:52.428199,2025-02-25 17:23:06.674701,14.246502
channel-750,684360,30338236,30338259,23,2025-02-25 17:22:59.181866,2025-02-25 17:23:32.096946,32.91508
channel-75,845303,30338238,30338259,21,2025-02-25 17:23:05.632144,2025-02-25 17:23:32.096946,26.464802
channel-0,4039901,30338239,30338251,12,2025-02-25 17:23:06.674701,2025-02-25 17:23:23.005093,16.330392
channel-19774,346140,30338241,30338250,9,2025-02-25 17:23:09.904191,2025-02-25 17:23:21.866113,11.961922
channel-208,1490907,30338243,30338252,9,2025-02-25 17:23:12.860384,2025-02-25 17:23:24.130291,11.269907
channel-85077,60946,30338246,30338258,12,2025-02-25 17:23:16.270307,2025-02-25 17:23:31.010967,14.74066
channel-0,4039902,30338249,30338261,12,2025-02-25 17:23:20.699434,2025-02-25 17:23:35.517713,14.818279
channel-750,684361,30338250,30338266,16,2025-02-25 17:23:21.866113,2025-02-25 17:23:41.581956,19.715843
channel-750,684362,30338251,30338266,15,2025-02-25 17:23:23.005093,2025-02-25 17:23:41.581956,18.576863
channel-143,128447,30338252,30338262,10,2025-02-25 17:23:24.130291,2025-02-25 17:23:36.816525,12.686234
channel-89298,18726,30338260,30338268,8,2025-02-25 17:23:34.362047,2025-02-25 17:23:43.916897,9.55485
channel-0,4039903,30338260,30338269,9,2025-02-25 17:23:34.362047,2025-02-25 17:23:45.193459,10.831412
channel-85077,60947,30338262,30338270,8,2025-02-25 17:23:36.816525,2025-02-25 17:23:47.289581,10.473056
channel-6994,1325746,30338268,30338279,11,2025-02-25 17:23:43.916897,2025-02-25 17:23:58.744611,14.827714
channel-0,4039904,30338281,30338294,13,2025-02-25 17:24:01.120961,2025-02-25 17:24:16.173923,15.052962
channel-750,684363,30338282,30338292,10,2025-02-25 17:24:02.144932,2025-02-25 17:24:13.916422,11.77149
channel-4,167062,30338285,30338298,13,2025-02-25 17:24:05.691095,2025-02-25 17:24:21.670739,15.979644
channel-259,314451,30338294,30338300,6,2025-02-25 17:24:16.173923,2025-02-25 17:24:23.864429,7.690506
channel-6994,1325747,30338295,30338309,14,2025-02-25 17:24:17.331227,2025-02-25 17:24:35.892722,18.561495
channel-750,684364,30338300,30338322,22,2025-02-25 17:24:23.864429,2025-02-25 17:24:52.726420,28.861991
channel-259,314452,30338302,30338312,10,2025-02-25 17:24:26.033657,2025-02-25 17:24:39.642893,13.609236
channel-1,408622,30338307,30338325,18,2025-02-25 17:24:32.879695,2025-02-25 17:24:56.800169,23.920474
channel-6994,1325748,30338310,30338322,12,2025-02-25 17:24:37.219543,2025-02-25 17:24:52.726420,15.506877
channel-38946,124293,30338318,30338348,30,2025-02-25 17:24:46.618655,2025-02-25 17:25:32.298774,45.680119
channel-0,4039905,30338319,30338329,10,2025-02-25 17:24:47.783223,2025-02-25 17:25:01.568137,13.784914
channel-259,314453,30338319,30338326,7,2025-02-25 17:24:47.783223,2025-02-25 17:24:57.877060,10.093837
channel-750,684365,30338328,30338345,17,2025-02-25 17:25:00.208704,2025-02-25 17:25:25.759906,25.551202
channel-326,538396,30338333,30338340,7,2025-02-25 17:25:09.586994,2025-02-25 17:25:18.197208,8.610214
channel-6994,1325749,30338339,30338345,6,2025-02-25 17:25:17.073871,2025-02-25 17:25:25.759906,8.686035
channel-6994,1325750,30338340,30338349,9,2025-02-25 17:25:18.197208,2025-02-25 17:25:33.707903,15.510695
channel-6994,1325751,30338341,30338349,8,2025-02-25 17:25:19.542205,2025-02-25 17:25:33.707903,14.165698
channel-143,128448,30338341,30338356,15,2025-02-25 17:25:19.542205,2025-02-25 17:25:44.003113,24.460908
channel-75,845304,30338347,30338352,5,2025-02-25 17:25:31.231109,2025-02-25 17:25:38.246339,7.01523
channel-750,684366,30338350,30338379,29,2025-02-25 17:25:35.923260,2025-02-25 17:26:14.903824,38.980564
channel-6994,1325752,30338351,30338362,11,2025-02-25 17:25:37.093294,2025-02-25 17:25:50.931321,13.838027
channel-6994,1325753,30338352,30338365,13,2025-02-25 17:25:38.246339,2025-02-25 17:25:57.703118,19.456779
channel-750,684367,30338355,30338376,21,2025-02-25 17:25:42.829024,2025-02-25 17:26:11.193246,28.364222
channel-750,684368,30338358,30338376,18,2025-02-25 17:25:46.250986,2025-02-25 17:26:11.193246,24.94226
channel-750,684369,30338366,30338382,16,2025-02-25 17:25:58.867712,2025-02-25 17:26:18.554256,19.686544
channel-750,684370,30338367,30338385,18,2025-02-25 17:26:00.065236,2025-02-25 17:26:22.037427,21.972191
channel-6994,1325754,30338369,30338379,10,2025-02-25 17:26:02.400984,2025-02-25 17:26:14.903824,12.50284
channel-750,684371,30338374,30338379,5,2025-02-25 17:26:08.247350,2025-02-25 17:26:14.903824,6.656474
channel-750,684372,30338374,30338391,17,2025-02-25 17:26:08.247350,2025-02-25 17:26:30.144548,21.897198
channel-750,684373,30338375,30338386,11,2025-02-25 17:26:09.968136,2025-02-25 17:26:23.164441,13.196305
channel-1,408623,30338378,30338388,10,2025-02-25 17:26:13.521233,2025-02-25 17:26:26.501435,12.980202
channel-326,538397,30338378,30338384,6,2025-02-25 17:26:13.521233,2025-02-25 17:26:20.838230,7.316997
channel-750,684374,30338379,30338407,28,2025-02-25 17:26:14.903824,2025-02-25 17:26:50.669886,35.766062
channel-208,1490908,30338379,30338391,12,2025-02-25 17:26:14.903824,2025-02-25 17:26:30.144548,15.240724
channel-750,684375,30338380,30338392,12,2025-02-25 17:26:16.132020,2025-02-25 17:26:31.263062,15.131042
channel-6994,1325755,30338383,30338392,9,2025-02-25 17:26:19.759913,2025-02-25 17:26:31.263062,11.503149
channel-85077,60948,30338384,30338395,11,2025-02-25 17:26:20.838230,2025-02-25 17:26:34.612899,13.774669
channel-750,684376,30338391,30338396,5,2025-02-25 17:26:30.144548,2025-02-25 17:26:35.619832,5.475284
channel-0,4039906,30338391,30338403,12,2025-02-25 17:26:30.144548,2025-02-25 17:26:44.757845,14.613297
channel-143,128449,30338394,30338407,13,2025-02-25 17:26:33.513242,2025-02-25 17:26:50.669886,17.156644
channel-89298,18727,30338396,30338406,10,2025-02-25 17:26:35.619832,2025-02-25 17:26:49.563743,13.943911
channel-0,4039907,30338397,30338407,10,2025-02-25 17:26:37.718717,2025-02-25 17:26:50.669886,12.951169
channel-6994,1325756,30338398,30338409,11,2025-02-25 17:26:38.947306,2025-02-25 17:26:53.523709,14.576403
channel-1,408624,30338407,30338425,18,2025-02-25 17:26:50.669886,2025-02-25 17:27:14.769161,24.099275
channel-6994,1325757,30338412,30338423,11,2025-02-25 17:26:58.469621,2025-02-25 17:27:12.311316,13.841695
channel-750,684377,30338413,30338444,31,2025-02-25 17:26:59.563183,2025-02-25 17:27:37.466858,37.903675
channel-6994,1325758,30338415,30338428,13,2025-02-25 17:27:02.777231,2025-02-25 17:27:18.311084,15.533853
channel-750,684378,30338415,30338427,12,2025-02-25 17:27:02.777231,2025-02-25 17:27:17.047556,14.270325
channel-85077,60949,30338419,30338429,10,2025-02-25 17:27:07.594135,2025-02-25 17:27:19.427220,11.833085
channel-143,128450,30338426,30338436,10,2025-02-25 17:27:15.885129,2025-02-25 17:27:27.574912,11.689783
channel-1,408625,30338428,30338440,12,2025-02-25 17:27:18.311084,2025-02-25 17:27:32.188851,13.877767
channel-783,104368,30338433,30338443,10,2025-02-25 17:27:23.891166,2025-02-25 17:27:36.389464,12.498298
channel-85077,60950,30338435,30338444,9,2025-02-25 17:27:26.465899,2025-02-25 17:27:37.466858,11.000959
channel-750,684379,30338437,30338451,14,2025-02-25 17:27:28.756792,2025-02-25 17:27:45.506359,16.749567
channel-208,1490909,30338441,30338451,10,2025-02-25 17:27:33.995164,2025-02-25 17:27:45.506359,11.511195
channel-874,293420,30338446,30338932,486,2025-02-25 17:27:39.706123,2025-02-25 17:38:36.726284,657.020161
channel-750,684380,30338447,30338456,9,2025-02-25 17:27:40.807682,2025-02-25 17:27:52.546021,11.738339
channel-75,845305,30338447,30338454,7,2025-02-25 17:27:40.807682,2025-02-25 17:27:50.316389,9.508707
channel-320,119271,30338450,30338504,54,2025-02-25 17:27:44.162429,2025-02-25 17:28:56.435828,72.273399
channel-85077,60951,30338452,30338459,7,2025-02-25 17:27:47.935243,2025-02-25 17:27:56.820655,8.885412
channel-85077,60952,30338452,30338459,7,2025-02-25 17:27:47.935243,2025-02-25 17:27:56.820655,8.885412
channel-0,4039908,30338453,30338465,12,2025-02-25 17:27:49.057361,2025-02-25 17:28:05.865636,16.808275
channel-750,684381,30338460,30338472,12,2025-02-25 17:27:58.995982,2025-02-25 17:28:13.938932,14.94295
channel-6994,1325759,30338463,30338473,10,2025-02-25 17:28:03.482122,2025-02-25 17:28:15.053254,11.571132
channel-85077,60953,30338466,30338476,10,2025-02-25 17:28:07.003265,2025-02-25 17:28:19.530383,12.527118
channel-6994,1325760,30338467,30338476,9,2025-02-25 17:28:08.099750,2025-02-25 17:28:19.530383,11.430633
channel-2,130683,30338474,30338491,17,2025-02-25 17:28:16.824179,2025-02-25 17:28:40.123002,23.298823
channel-0,4039909,30338480,30338490,10,2025-02-25 17:28:24.264715,2025-02-25 17:28:37.413921,13.149206
channel-750,684382,30338481,30338498,17,2025-02-25 17:28:26.871034,2025-02-25 17:28:48.172258,21.301224
channel-750,684383,30338497,30338514,17,2025-02-25 17:28:47.020646,2025-02-25 17:29:13.721715,26.701069
channel-75,845306,30338497,30338504,7,2025-02-25 17:28:47.020646,2025-02-25 17:28:56.435828,9.415182
channel-750,684384,30338504,30338514,10,2025-02-25 17:28:56.435828,2025-02-25 17:29:13.721715,17.285887
channel-6994,1325761,30338505,30338518,13,2025-02-25 17:29:01.382176,2025-02-25 17:29:22.409318,21.027142
channel-750,684385,30338508,30338518,10,2025-02-25 17:29:05.681051,2025-02-25 17:29:22.409318,16.728267
channel-750,684386,30338514,30338518,4,2025-02-25 17:29:13.721715,2025-02-25 17:29:22.409318,8.687603
channel-1,408626,30338515,30338530,15,2025-02-25 17:29:14.849329,2025-02-25 17:29:38.043129,23.1938
channel-19774,346141,30338518,30338528,10,2025-02-25 17:29:22.409318,2025-02-25 17:29:35.522975,13.113657
channel-750,684387,30338519,30338535,16,2025-02-25 17:29:23.944597,2025-02-25 17:29:43.869377,19.92478
channel-782,310277,30338523,30338532,9,2025-02-25 17:29:28.691749,2025-02-25 17:29:40.408174,11.716425
channel-73755,5852,30338526,30338535,9,2025-02-25 17:29:33.196565,2025-02-25 17:29:43.869377,10.672812
channel-0,4039910,30338527,30338539,12,2025-02-25 17:29:34.402052,2025-02-25 17:29:53.123669,18.721617
channel-6994,1325762,30338527,30338537,10,2025-02-25 17:29:34.402052,2025-02-25 17:29:46.195841,11.793789
channel-75,845307,30338528,30338536,8,2025-02-25 17:29:35.522975,2025-02-25 17:29:45.064276,9.541301
channel-750,684388,30338532,30338544,12,2025-02-25 17:29:40.408174,2025-02-25 17:29:58.834682,18.426508
channel-750,684389,30338532,30338540,8,2025-02-25 17:29:40.408174,2025-02-25 17:29:54.284887,13.876713
channel-750,684390,30338537,30338549,12,2025-02-25 17:29:46.195841,2025-02-25 17:30:06.388734,20.192893
channel-0,4039911,30338539,30338547,8,2025-02-25 17:29:53.123669,2025-02-25 17:30:02.862770,9.739101
channel-19774,346142,30338539,30338549,10,2025-02-25 17:29:53.123669,2025-02-25 17:30:06.388734,13.265065
channel-750,684391,30338542,30338552,10,2025-02-25 17:29:56.656357,2025-02-25 17:30:10.249623,13.593266
channel-750,684392,30338542,30338555,13,2025-02-25 17:29:56.656357,2025-02-25 17:30:13.707366,17.051009
channel-750,684393,30338544,30338548,4,2025-02-25 17:29:58.834682,2025-02-25 17:30:04.040747,5.206065
channel-19774,346143,30338544,30338554,10,2025-02-25 17:29:58.834682,2025-02-25 17:30:12.637651,13.802969
channel-750,684394,30338546,30338557,11,2025-02-25 17:30:01.188414,2025-02-25 17:30:15.917053,14.728639
channel-6994,1325763,30338548,30338560,12,2025-02-25 17:30:04.040747,2025-02-25 17:30:19.308496,15.267749
channel-208,1490910,30338549,30338561,12,2025-02-25 17:30:06.388734,2025-02-25 17:30:20.444765,14.056031
channel-19774,346144,30338551,30338565,14,2025-02-25 17:30:09.046023,2025-02-25 17:30:25.038301,15.992278
channel-0,4039912,30338551,30338562,11,2025-02-25 17:30:09.046023,2025-02-25 17:30:21.576923,12.5309
channel-6994,1325764,30338555,30338565,10,2025-02-25 17:30:13.707366,2025-02-25 17:30:25.038301,11.330935
channel-208,1490911,30338556,30338566,10,2025-02-25 17:30:14.821066,2025-02-25 17:30:26.171064,11.349998
channel-0,4039913,30338560,30338571,11,2025-02-25 17:30:19.308496,2025-02-25 17:30:33.198364,13.889868
channel-781,11381,30338560,30338567,7,2025-02-25 17:30:19.308496,2025-02-25 17:30:27.376437,8.067941
channel-750,684395,30338564,30338574,10,2025-02-25 17:30:23.924770,2025-02-25 17:30:37.335967,13.411197
channel-85077,60954,30338564,30338595,31,2025-02-25 17:30:23.924770,2025-02-25 17:31:07.296617,43.371847
channel-750,684396,30338569,30338598,29,2025-02-25 17:30:29.890712,2025-02-25 17:31:11.926754,42.036042
channel-750,684397,30338569,30338580,11,2025-02-25 17:30:29.890712,2025-02-25 17:30:44.358455,14.467743
channel-750,684398,30338569,30338580,11,2025-02-25 17:30:29.890712,2025-02-25 17:30:44.358455,14.467743
channel-750,684399,30338574,30338584,10,2025-02-25 17:30:37.335967,2025-02-25 17:30:53.653932,16.317965
channel-208,1490912,30338575,30338582,7,2025-02-25 17:30:38.562758,2025-02-25 17:30:51.345496,12.782738
channel-320,119272,30338575,30338613,38,2025-02-25 17:30:38.562758,2025-02-25 17:31:31.418879,52.856121
channel-320,119273,30338576,30338594,18,2025-02-25 17:30:39.811344,2025-02-25 17:31:05.975182,26.163838
channel-19774,346145,30338576,30338584,8,2025-02-25 17:30:39.811344,2025-02-25 17:30:53.653932,13.842588
channel-6994,1325765,30338581,30338594,13,2025-02-25 17:30:49.995094,2025-02-25 17:31:05.975182,15.980088
channel-143,128451,30338586,30338611,25,2025-02-25 17:30:56.859222,2025-02-25 17:31:29.294055,32.434833
channel-874,293421,30338587,30338932,345,2025-02-25 17:30:57.986102,2025-02-25 17:38:36.726284,458.740182
channel-0,4039914,30338589,30338601,12,2025-02-25 17:31:00.213696,2025-02-25 17:31:15.332750,15.119054
channel-750,684400,30338591,30338605,14,2025-02-25 17:31:02.647197,2025-02-25 17:31:21.069460,18.422263
channel-362,86684,30338601,30338611,10,2025-02-25 17:31:15.332750,2025-02-25 17:31:29.294055,13.961305
channel-259,314454,30338601,30338608,7,2025-02-25 17:31:15.332750,2025-02-25 17:31:24.938666,9.605916
channel-0,4039915,30338609,30338621,12,2025-02-25 17:31:25.989069,2025-02-25 17:31:40.742562,14.753493
channel-88,467207,30338616,30338632,16,2025-02-25 17:31:34.821742,2025-02-25 17:31:54.461322,19.63958
channel-0,4039916,30338616,30338625,9,2025-02-25 17:31:34.821742,2025-02-25 17:31:46.331689,11.509947
channel-85077,60955,30338618,30338626,8,2025-02-25 17:31:37.190985,2025-02-25 17:31:47.587316,10.396331
channel-19774,346146,30338628,30338639,11,2025-02-25 17:31:49.848601,2025-02-25 17:32:03.230513,13.381912
channel-6994,1325766,30338629,30338638,9,2025-02-25 17:31:51.001545,2025-02-25 17:32:01.978096,10.976551
channel-6994,1325767,30338634,30338642,8,2025-02-25 17:31:56.831859,2025-02-25 17:32:06.881470,10.049611
channel-750,684401,30338637,30338654,17,2025-02-25 17:32:00.755173,2025-02-25 17:32:22.674642,21.919469
channel-2,130684,30338641,30338654,13,2025-02-25 17:32:05.603728,2025-02-25 17:32:22.674642,17.070914
channel-208,1490913,30338650,30338657,7,2025-02-25 17:32:18.071107,2025-02-25 17:32:29.295786,11.224679
channel-750,684402,30338656,30338661,5,2025-02-25 17:32:28.144607,2025-02-25 17:32:34.176471,6.031864
channel-6994,1325768,30338658,30338668,10,2025-02-25 17:32:30.649177,2025-02-25 17:32:43.752522,13.103345
channel-0,4039917,30338671,30338698,27,2025-02-25 17:32:47.440240,2025-02-25 17:33:25.881754,38.441514
channel-73755,5853,30338672,30338677,5,2025-02-25 17:32:49.182602,2025-02-25 17:32:59.388687,10.206085
channel-6994,1325769,30338673,30338684,11,2025-02-25 17:32:50.337480,2025-02-25 17:33:08.314512,17.977032
channel-6994,1325770,30338675,30338684,9,2025-02-25 17:32:53.761117,2025-02-25 17:33:08.314512,14.553395
channel-89298,18728,30338675,30338687,12,2025-02-25 17:32:53.761117,2025-02-25 17:33:11.840508,18.079391
channel-874,293422,30338679,30338932,253,2025-02-25 17:33:02.743096,2025-02-25 17:38:36.726284,333.983188
channel-750,684403,30338690,30338702,12,2025-02-25 17:33:15.162644,2025-02-25 17:33:30.899266,15.736622
channel-2188,43848,30338693,30338699,6,2025-02-25 17:33:18.960229,2025-02-25 17:33:27.221680,8.261451
channel-208,1490914,30338693,30338703,10,2025-02-25 17:33:18.960229,2025-02-25 17:33:32.084230,13.124001
channel-122,668292,30338693,30338697,4,2025-02-25 17:33:18.960229,2025-02-25 17:33:24.706877,5.746648
channel-750,684404,30338700,30338725,25,2025-02-25 17:33:28.335943,2025-02-25 17:33:59.280701,30.944758
channel-0,4039918,30338701,30338733,32,2025-02-25 17:33:29.533917,2025-02-25 17:34:09.670459,40.136542
channel-0,4039919,30338711,30338723,12,2025-02-25 17:33:42.956964,2025-02-25 17:33:57.210129,14.253165
channel-75,845308,30338715,30338723,8,2025-02-25 17:33:47.573438,2025-02-25 17:33:57.210129,9.636691
channel-6994,1325771,30338716,30338728,12,2025-02-25 17:33:48.694895,2025-02-25 17:34:02.844267,14.149372
channel-326,538398,30338717,30338724,7,2025-02-25 17:33:50.217305,2025-02-25 17:33:58.267925,8.05062
channel-326,538399,30338717,30338724,7,2025-02-25 17:33:50.217305,2025-02-25 17:33:58.267925,8.05062
channel-2188,43849,30338718,30338723,5,2025-02-25 17:33:51.326794,2025-02-25 17:33:57.210129,5.883335
channel-750,684405,30338725,30338741,16,2025-02-25 17:33:59.280701,2025-02-25 17:34:21.240197,21.959496
channel-750,684406,30338735,30338739,4,2025-02-25 17:34:13.192440,2025-02-25 17:34:18.682068,5.489628
channel-2494,31979,30338739,30338746,7,2025-02-25 17:34:18.682068,2025-02-25 17:34:31.384035,12.701967
channel-2188,43850,30338741,30338745,4,2025-02-25 17:34:21.240197,2025-02-25 17:34:27.009929,5.769732
channel-0,4039920,30338746,30338757,11,2025-02-25 17:34:31.384035,2025-02-25 17:34:45.472448,14.088413
channel-750,684407,30338752,30338774,22,2025-02-25 17:34:37.949514,2025-02-25 17:35:07.443750,29.494236
channel-85077,60956,30338753,30338764,11,2025-02-25 17:34:39.209232,2025-02-25 17:34:54.384209,15.174977
channel-91017,2911,30338753,30338779,26,2025-02-25 17:34:39.209232,2025-02-25 17:35:13.306029,34.096797
channel-6994,1325772,30338754,30338766,12,2025-02-25 17:34:40.385178,2025-02-25 17:34:56.677653,16.292475
channel-2188,43851,30338762,30338767,5,2025-02-25 17:34:52.112227,2025-02-25 17:34:57.899442,5.787215
channel-412,64648,30338767,30338776,9,2025-02-25 17:34:57.899442,2025-02-25 17:35:09.780972,11.88153
channel-874,293423,30338772,30340432,1660,2025-02-25 17:35:04.092824,2025-02-25 18:11:41.477802,2197.384978
channel-750,684408,30338777,30338787,10,2025-02-25 17:35:10.934772,2025-02-25 17:35:22.729790,11.795018
channel-750,684409,30338779,30338792,13,2025-02-25 17:35:13.306029,2025-02-25 17:35:29.502292,16.196263
channel-259,314455,30338782,30338788,6,2025-02-25 17:35:16.951275,2025-02-25 17:35:23.788633,6.837358
channel-2188,43852,30338786,30338790,4,2025-02-25 17:35:21.666898,2025-02-25 17:35:27.175183,5.508285
channel-6994,1325773,30338788,30338797,9,2025-02-25 17:35:23.788633,2025-02-25 17:35:36.482158,12.693525
channel-750,684410,30338796,30338809,13,2025-02-25 17:35:35.297535,2025-02-25 17:35:51.848687,16.551152
channel-750,684411,30338799,30338813,14,2025-02-25 17:35:38.969334,2025-02-25 17:35:56.570156,17.600822
channel-85077,60957,30338799,30338811,12,2025-02-25 17:35:38.969334,2025-02-25 17:35:54.258304,15.28897
channel-208,1490915,30338800,30338810,10,2025-02-25 17:35:40.126817,2025-02-25 17:35:52.954217,12.8274
channel-750,684412,30338803,30338815,12,2025-02-25 17:35:44.312892,2025-02-25 17:35:58.779641,14.466749
channel-2188,43853,30338809,30338813,4,2025-02-25 17:35:51.848687,2025-02-25 17:35:56.570156,4.721469
channel-4,167063,30338814,30338823,9,2025-02-25 17:35:57.695221,2025-02-25 17:36:08.950015,11.254794
channel-750,684413,30338819,30338832,13,2025-02-25 17:36:04.611759,2025-02-25 17:36:20.671182,16.059423
channel-750,684414,30338823,30338842,19,2025-02-25 17:36:08.950015,2025-02-25 17:36:37.707436,28.757421
channel-2188,43854,30338832,30338836,4,2025-02-25 17:36:20.671182,2025-02-25 17:36:26.432654,5.761472
channel-750,684415,30338838,30338848,10,2025-02-25 17:36:30.328289,2025-02-25 17:36:48.869830,18.541541
channel-208,1490916,30338839,30338845,6,2025-02-25 17:36:32.610307,2025-02-25 17:36:44.533429,11.923122
channel-208,1490917,30338840,30338850,10,2025-02-25 17:36:33.804838,2025-02-25 17:36:51.025251,17.220413
channel-750,684416,30338841,30338852,11,2025-02-25 17:36:35.051070,2025-02-25 17:36:53.680375,18.629305
channel-259,314456,30338843,30338852,9,2025-02-25 17:36:42.169427,2025-02-25 17:36:53.680375,11.510948
channel-750,684417,30338844,30338848,4,2025-02-25 17:36:43.289074,2025-02-25 17:36:48.869830,5.580756
channel-750,684418,30338847,30338857,10,2025-02-25 17:36:47.799325,2025-02-25 17:36:59.580316,11.780991
channel-85077,60958,30338848,30338858,10,2025-02-25 17:36:48.869830,2025-02-25 17:37:00.834777,11.964947
channel-2188,43855,30338850,30338854,4,2025-02-25 17:36:51.025251,2025-02-25 17:36:56.026204,5.000953
channel-0,4039921,30338854,30338867,13,2025-02-25 17:36:56.026204,2025-02-25 17:37:11.243818,15.217614
channel-326,538400,30338858,30338865,7,2025-02-25 17:37:00.834777,2025-02-25 17:37:08.962220,8.127443
channel-259,314457,30338859,30338866,7,2025-02-25 17:37:01.938310,2025-02-25 17:37:10.127695,8.189385
channel-0,4039922,30338869,30338878,9,2025-02-25 17:37:13.514760,2025-02-25 17:37:24.189373,10.674613
channel-2188,43856,30338875,30338879,4,2025-02-25 17:37:20.959701,2025-02-25 17:37:26.440978,5.481277
channel-259,314458,30338877,30338883,6,2025-02-25 17:37:23.049293,2025-02-25 17:37:30.939444,7.890151
channel-750,684419,30338884,30338892,8,2025-02-25 17:37:32.103943,2025-02-25 17:37:44.044175,11.940232
channel-750,684420,30338886,30338908,22,2025-02-25 17:37:34.510257,2025-02-25 17:38:04.312826,29.802569
channel-89321,19529,30338888,30338913,25,2025-02-25 17:37:38.039336,2025-02-25 17:38:09.967558,31.928222
channel-1279,67138,30338896,30338913,17,2025-02-25 17:37:48.804349,2025-02-25 17:38:09.967558,21.163209
channel-204,670852,30338899,30338909,10,2025-02-25 17:37:53.115974,2025-02-25 17:38:05.458956,12.342982
channel-2188,43857,30338899,30338903,4,2025-02-25 17:37:53.115974,2025-02-25 17:37:58.314656,5.198682
channel-122,668293,30338901,30338904,3,2025-02-25 17:37:55.431011,2025-02-25 17:37:59.615946,4.184935
channel-6994,1325774,30338905,30338918,13,2025-02-25 17:38:00.687570,2025-02-25 17:38:15.799580,15.11201
channel-229,55045,30338906,30338917,11,2025-02-25 17:38:01.898054,2025-02-25 17:38:14.526092,12.628038
channel-208,1490918,30338913,30338924,11,2025-02-25 17:38:09.967558,2025-02-25 17:38:23.261809,13.294251
channel-642,126544,30338915,30338924,9,2025-02-25 17:38:12.282141,2025-02-25 17:38:23.261809,10.979668
channel-94814,3792,30338919,30338925,6,2025-02-25 17:38:16.984942,2025-02-25 17:38:28.738769,11.753827
channel-412,64649,30338920,30338925,5,2025-02-25 17:38:18.264950,2025-02-25 17:38:28.738769,10.473819
channel-2188,43858,30338924,30338929,5,2025-02-25 17:38:23.261809,2025-02-25 17:38:33.338359,10.07655
channel-750,684421,30338925,30338935,10,2025-02-25 17:38:28.738769,2025-02-25 17:38:40.995455,12.256686
channel-0,4039923,30338928,30338936,8,2025-02-25 17:38:32.085230,2025-02-25 17:38:42.127302,10.042072
channel-0,4039924,30338931,30338941,10,2025-02-25 17:38:35.588398,2025-02-25 17:38:48.846513,13.258115
channel-0,4039925,30338932,30338941,9,2025-02-25 17:38:36.726284,2025-02-25 17:38:48.846513,12.120229
channel-750,684422,30338941,30338954,13,2025-02-25 17:38:48.846513,2025-02-25 17:39:08.069856,19.223343
channel-199,132835,30338942,30338951,9,2025-02-25 17:38:49.969366,2025-02-25 17:39:01.423584,11.454218
channel-6994,1325775,30338942,30338951,9,2025-02-25 17:38:49.969366,2025-02-25 17:39:01.423584,11.454218
channel-750,684423,30338946,30338967,21,2025-02-25 17:38:54.680264,2025-02-25 17:39:25.467891,30.787627
channel-6994,1325776,30338954,30338967,13,2025-02-25 17:39:08.069856,2025-02-25 17:39:25.467891,17.398035
channel-750,684424,30338957,30338967,10,2025-02-25 17:39:11.473102,2025-02-25 17:39:25.467891,13.994789
channel-6994,1325777,30338993,30339004,11,2025-02-25 17:39:59.266503,2025-02-25 17:40:13.740347,14.473844
channel-750,684425,30338994,30339003,9,2025-02-25 17:40:00.349192,2025-02-25 17:40:12.608018,12.258826
channel-85077,60959,30339000,30339008,8,2025-02-25 17:40:07.314046,2025-02-25 17:40:18.333788,11.019742
channel-750,684426,30339005,30339012,7,2025-02-25 17:40:14.886763,2025-02-25 17:40:25.993313,11.10655
channel-750,684427,30339026,30339035,9,2025-02-25 17:40:44.876167,2025-02-25 17:40:56.208198,11.332031
channel-0,4039926,30339040,30339050,10,2025-02-25 17:41:02.415766,2025-02-25 17:41:13.709703,11.293937
channel-750,684428,30339041,30339048,7,2025-02-25 17:41:03.621980,2025-02-25 17:41:11.398014,7.776034
channel-783,104369,30339057,30339066,9,2025-02-25 17:41:21.967139,2025-02-25 17:41:33.176435,11.209296
channel-326,538401,30339060,30339068,8,2025-02-25 17:41:25.406713,2025-02-25 17:41:36.492044,11.085331
channel-0,4039927,30339066,30339077,11,2025-02-25 17:41:33.176435,2025-02-25 17:41:47.009922,13.833487
channel-750,684429,30339066,30339077,11,2025-02-25 17:41:33.176435,2025-02-25 17:41:47.009922,13.833487
channel-258,17760,30339069,30339075,6,2025-02-25 17:41:38.117740,2025-02-25 17:41:44.879451,6.761711
channel-0,4039928,30339074,30339086,12,2025-02-25 17:41:43.684608,2025-02-25 17:41:58.700096,15.015488
channel-750,684430,30339080,30339085,5,2025-02-25 17:41:51.606647,2025-02-25 17:41:57.593228,5.986581
channel-91017,2912,30339083,30339095,12,2025-02-25 17:41:55.233866,2025-02-25 17:42:10.417776,15.18391
channel-750,684431,30339094,30339103,9,2025-02-25 17:42:09.273091,2025-02-25 17:42:24.230253,14.957162
channel-750,684432,30339095,30339100,5,2025-02-25 17:42:10.417776,2025-02-25 17:42:20.834750,10.416974
channel-89298,18729,30339095,30339105,10,2025-02-25 17:42:10.417776,2025-02-25 17:42:27.559487,17.141711
channel-6787,166789,30339095,30339101,6,2025-02-25 17:42:10.417776,2025-02-25 17:42:21.917037,11.499261
channel-326,538402,30339104,30339109,5,2025-02-25 17:42:26.397811,2025-02-25 17:42:32.353873,5.956062
channel-750,684433,30339105,30339116,11,2025-02-25 17:42:27.559487,2025-02-25 17:42:40.861959,13.302472
channel-208,1490919,30339107,30339120,13,2025-02-25 17:42:29.916021,2025-02-25 17:42:45.326970,15.410949
channel-750,684434,30339118,30339128,10,2025-02-25 17:42:43.136655,2025-02-25 17:42:54.817995,11.68134
channel-0,4039929,30339126,30339133,7,2025-02-25 17:42:52.433381,2025-02-25 17:43:02.164939,9.731558
channel-0,4039930,30339129,30339138,9,2025-02-25 17:42:55.935652,2025-02-25 17:43:09.214564,13.278912
channel-2188,43859,30339141,30339146,5,2025-02-25 17:43:12.744121,2025-02-25 17:43:18.657210,5.913089
channel-750,684435,30339145,30339163,18,2025-02-25 17:43:17.582920,2025-02-25 17:43:45.694880,28.11196
channel-326,538403,30339147,30339152,5,2025-02-25 17:43:19.922761,2025-02-25 17:43:26.768603,6.845842
channel-0,4039931,30339152,30339174,22,2025-02-25 17:43:26.768603,2025-02-25 17:43:58.875629,32.107026
channel-85077,60960,30339155,30339161,6,2025-02-25 17:43:31.229782,2025-02-25 17:43:42.369836,11.140054
channel-6994,1325778,30339159,30339171,12,2025-02-25 17:43:39.108440,2025-02-25 17:43:55.361317,16.252877
channel-143,128452,30339161,30339171,10,2025-02-25 17:43:42.369836,2025-02-25 17:43:55.361317,12.991481
channel-750,684436,30339164,30339174,10,2025-02-25 17:43:46.724482,2025-02-25 17:43:58.875629,12.151147
channel-750,684437,30339168,30339172,4,2025-02-25 17:43:51.910441,2025-02-25 17:43:56.512106,4.601665
channel-522,40447,30339170,30339176,6,2025-02-25 17:43:54.215799,2025-02-25 17:44:04.948469,10.73267
channel-6994,1325779,30339176,30339186,10,2025-02-25 17:44:04.948469,2025-02-25 17:44:17.823117,12.874648
channel-750,684438,30339177,30339182,5,2025-02-25 17:44:07.288344,2025-02-25 17:44:12.961230,5.672886
channel-6994,1325780,30339180,30339189,9,2025-02-25 17:44:10.705590,2025-02-25 17:44:22.873582,12.167992
channel-2188,43860,30339186,30339190,4,2025-02-25 17:44:17.823117,2025-02-25 17:44:24.088441,6.265324
channel-38946,124294,30339194,30339206,12,2025-02-25 17:44:28.705706,2025-02-25 17:44:43.087168,14.381462
channel-6994,1325781,30339196,30339208,12,2025-02-25 17:44:30.887725,2025-02-25 17:44:45.233319,14.345594
channel-750,684439,30339206,30339230,24,2025-02-25 17:44:43.087168,2025-02-25 17:45:14.051434,30.964266
channel-2494,31980,30339207,30339217,10,2025-02-25 17:44:44.165655,2025-02-25 17:44:57.640391,13.474736
channel-2188,43861,30339211,30339215,4,2025-02-25 17:44:48.468440,2025-02-25 17:44:54.426600,5.95816
channel-21113,25358,30339211,30339220,9,2025-02-25 17:44:48.468440,2025-02-25 17:45:01.189963,12.721523
channel-6994,1325782,30339212,30339221,9,2025-02-25 17:44:49.609643,2025-02-25 17:45:02.430462,12.820819
channel-122,668294,30339219,30339224,5,2025-02-25 17:45:00.021969,2025-02-25 17:45:05.864120,5.842151
channel-199,132836,30339230,30339242,12,2025-02-25 17:45:14.051434,2025-02-25 17:45:29.140355,15.088921
channel-6994,1325783,30339231,30339244,13,2025-02-25 17:45:15.162952,2025-02-25 17:45:31.635579,16.472627
channel-208,1490920,30339235,30339246,11,2025-02-25 17:45:20.379336,2025-02-25 17:45:33.956041,13.576705
channel-750,684440,30339240,30339251,11,2025-02-25 17:45:26.804933,2025-02-25 17:45:39.516339,12.711406
channel-89298,18730,30339240,30339250,10,2025-02-25 17:45:26.804933,2025-02-25 17:45:38.448174,11.643241
channel-2188,43862,30339243,30339247,4,2025-02-25 17:45:30.500432,2025-02-25 17:45:35.015036,4.514604
channel-326,538404,30339243,30339263,20,2025-02-25 17:45:30.500432,2025-02-25 17:45:54.586109,24.085677
channel-6994,1325784,30339246,30339272,26,2025-02-25 17:45:33.956041,2025-02-25 17:46:05.444698,31.488657
channel-4,167064,30339254,30339263,9,2025-02-25 17:45:43.016934,2025-02-25 17:45:54.586109,11.569175
channel-2494,31981,30339254,30339263,9,2025-02-25 17:45:43.016934,2025-02-25 17:45:54.586109,11.569175
channel-6994,1325785,30339255,30339267,12,2025-02-25 17:45:44.477780,2025-02-25 17:45:59.758510,15.28073
channel-1,408627,30339260,30339273,13,2025-02-25 17:45:51.074937,2025-02-25 17:46:06.629754,15.554817
channel-750,684441,30339267,30339291,24,2025-02-25 17:45:59.758510,2025-02-25 17:46:34.824738,35.066228
channel-6994,1325786,30339270,30339295,25,2025-02-25 17:46:03.153466,2025-02-25 17:46:39.894679,36.741213
channel-6994,1325787,30339273,30339281,8,2025-02-25 17:46:06.629754,2025-02-25 17:46:22.333077,15.703323
channel-750,684442,30339277,30339282,5,2025-02-25 17:46:13.343671,2025-02-25 17:46:23.451601,10.10793
channel-72,516474,30339279,30339310,31,2025-02-25 17:46:19.925968,2025-02-25 17:47:00.495521,40.569553
channel-6994,1325788,30339279,30339289,10,2025-02-25 17:46:19.925968,2025-02-25 17:46:32.540947,12.614979
channel-750,684443,30339285,30339295,10,2025-02-25 17:46:27.933756,2025-02-25 17:46:39.894679,11.960923
channel-89321,19530,30339286,30339302,16,2025-02-25 17:46:29.196006,2025-02-25 17:46:51.144529,21.948523
channel-208,1490921,30339286,30339298,12,2025-02-25 17:46:29.196006,2025-02-25 17:46:44.354011,15.158005
channel-91017,2913,30339289,30339299,10,2025-02-25 17:46:32.540947,2025-02-25 17:46:46.585497,14.04455
channel-6994,1325789,30339290,30339298,8,2025-02-25 17:46:33.668338,2025-02-25 17:46:44.354011,10.685673
channel-89298,18731,30339292,30339302,10,2025-02-25 17:46:36.090095,2025-02-25 17:46:51.144529,15.054434
channel-6994,1325790,30339295,30339307,12,2025-02-25 17:46:39.894679,2025-02-25 17:46:57.002491,17.107812
channel-783,104370,30339301,30339308,7,2025-02-25 17:46:49.828271,2025-02-25 17:46:58.112453,8.284182
channel-750,684444,30339302,30339307,5,2025-02-25 17:46:51.144529,2025-02-25 17:46:57.002491,5.857962
channel-85077,60961,30339305,30339316,11,2025-02-25 17:46:54.448996,2025-02-25 17:47:07.344750,12.895754
channel-750,684445,30339305,30339311,6,2025-02-25 17:46:54.448996,2025-02-25 17:47:01.917208,7.468212
channel-750,684446,30339309,30339342,33,2025-02-25 17:46:59.263194,2025-02-25 17:47:45.097142,45.833948
channel-2188,43863,30339310,30339317,7,2025-02-25 17:47:00.495521,2025-02-25 17:47:08.521692,8.026171
channel-642,126545,30339314,30339325,11,2025-02-25 17:47:05.152528,2025-02-25 17:47:20.005967,14.853439
channel-6994,1325791,30339314,30339325,11,2025-02-25 17:47:05.152528,2025-02-25 17:47:20.005967,14.853439
channel-6994,1325792,30339321,30339330,9,2025-02-25 17:47:13.468260,2025-02-25 17:47:25.977269,12.509009
channel-750,684447,30339321,30339328,7,2025-02-25 17:47:13.468260,2025-02-25 17:47:23.585776,10.117516
channel-750,684448,30339326,30339342,16,2025-02-25 17:47:21.253615,2025-02-25 17:47:45.097142,23.843527
channel-0,4039932,30339326,30339332,6,2025-02-25 17:47:21.253615,2025-02-25 17:47:28.427278,7.173663
channel-6994,1325793,30339328,30339339,11,2025-02-25 17:47:23.585776,2025-02-25 17:47:38.164356,14.57858
channel-208,1490922,30339332,30339341,9,2025-02-25 17:47:28.427278,2025-02-25 17:47:43.981564,15.554286
channel-2188,43864,30339333,30339337,4,2025-02-25 17:47:30.229678,2025-02-25 17:47:34.600007,4.370329
channel-85077,60962,30339333,30339342,9,2025-02-25 17:47:30.229678,2025-02-25 17:47:45.097142,14.867464
channel-750,684449,30339340,30339345,5,2025-02-25 17:47:39.540321,2025-02-25 17:47:48.327045,8.786724
channel-782,310278,30339340,30339347,7,2025-02-25 17:47:39.540321,2025-02-25 17:47:51.108975,11.568654
channel-326,538405,30339340,30339347,7,2025-02-25 17:47:39.540321,2025-02-25 17:47:51.108975,11.568654
channel-0,4039933,30339348,30339358,10,2025-02-25 17:47:52.355455,2025-02-25 17:48:03.949970,11.594515
channel-750,684450,30339351,30339369,18,2025-02-25 17:47:55.944703,2025-02-25 17:48:21.833088,25.888385
channel-6994,1325794,30339362,30339370,8,2025-02-25 17:48:09.993113,2025-02-25 17:48:22.973038,12.979925
channel-91017,2914,30339373,30339416,43,2025-02-25 17:48:27.639757,2025-02-25 17:49:21.163613,53.523856
channel-75755,5554,30339395,30339407,12,2025-02-25 17:48:54.321684,2025-02-25 17:49:09.738242,15.416558
channel-1,408628,30339396,30339409,13,2025-02-25 17:48:55.457649,2025-02-25 17:49:11.991604,16.533955
channel-6994,1325795,30339397,30339409,12,2025-02-25 17:48:56.571215,2025-02-25 17:49:11.991604,15.420389
channel-208,1490923,30339399,30339412,13,2025-02-25 17:48:59.688697,2025-02-25 17:49:16.558566,16.869869
channel-0,4039934,30339404,30339415,11,2025-02-25 17:49:06.522597,2025-02-25 17:49:20.106914,13.584317
channel-89321,19531,30339405,30339417,12,2025-02-25 17:49:07.593249,2025-02-25 17:49:22.287576,14.694327
channel-208,1490924,30339405,30339417,12,2025-02-25 17:49:07.593249,2025-02-25 17:49:22.287576,14.694327
channel-0,4039935,30339406,30339415,9,2025-02-25 17:49:08.619154,2025-02-25 17:49:20.106914,11.48776
channel-0,4039936,30339412,30339423,11,2025-02-25 17:49:16.558566,2025-02-25 17:49:31.197461,14.638895
channel-326,538406,30339426,30339455,29,2025-02-25 17:49:34.657552,2025-02-25 17:50:12.403669,37.746117
channel-326,538407,30339426,30339921,495,2025-02-25 17:49:34.657552,2025-02-25 18:00:27.519250,652.861698
channel-326,538408,30339426,30339921,495,2025-02-25 17:49:34.657552,2025-02-25 18:00:27.519250,652.861698
channel-326,538409,30339426,30339921,495,2025-02-25 17:49:34.657552,2025-02-25 18:00:27.519250,652.861698
channel-326,538410,30339426,30339445,19,2025-02-25 17:49:34.657552,2025-02-25 17:49:56.948309,22.290757
channel-326,538411,30339426,30339921,495,2025-02-25 17:49:34.657552,2025-02-25 18:00:27.519250,652.861698
channel-326,538412,30339426,30339921,495,2025-02-25 17:49:34.657552,2025-02-25 18:00:27.519250,652.861698
channel-0,4039937,30339428,30339455,27,2025-02-25 17:49:36.884507,2025-02-25 17:50:12.403669,35.519162
channel-0,4039938,30339432,30339445,13,2025-02-25 17:49:42.060272,2025-02-25 17:49:56.948309,14.888037
channel-0,4039939,30339437,30339448,11,2025-02-25 17:49:47.829743,2025-02-25 17:50:03.290232,15.460489
channel-6994,1325796,30339438,30339449,11,2025-02-25 17:49:49.108991,2025-02-25 17:50:04.463795,15.354804
channel-750,684451,30339453,30339460,7,2025-02-25 17:50:10.221738,2025-02-25 17:50:20.102892,9.881154
channel-184,137451,30339459,30339472,13,2025-02-25 17:50:18.877400,2025-02-25 17:50:36.655010,17.77761
channel-6994,1325797,30339461,30339472,11,2025-02-25 17:50:22.184067,2025-02-25 17:50:36.655010,14.470943
channel-0,4039940,30339466,30339477,11,2025-02-25 17:50:28.597007,2025-02-25 17:50:42.852223,14.255216
channel-208,1490925,30339475,30339484,9,2025-02-25 17:50:40.014255,2025-02-25 17:50:51.000573,10.986318
channel-208,1490926,30339475,30339484,9,2025-02-25 17:50:40.014255,2025-02-25 17:50:51.000573,10.986318
channel-1,408629,30339497,30339520,23,2025-02-25 17:51:07.915312,2025-02-25 17:51:39.677306,31.761994
channel-6994,1325798,30339499,30339511,12,2025-02-25 17:51:13.602137,2025-02-25 17:51:28.256363,14.654226
channel-122,668295,30339508,30339513,5,2025-02-25 17:51:24.958390,2025-02-25 17:51:30.513507,5.555117
channel-208,1490927,30339518,30339527,9,2025-02-25 17:51:37.330376,2025-02-25 17:51:48.910093,11.579717
channel-0,4039941,30339523,30339535,12,2025-02-25 17:51:43.141241,2025-02-25 17:51:58.639620,15.498379
channel-19774,346147,30339528,30339537,9,2025-02-25 17:51:50.149469,2025-02-25 17:52:02.313689,12.16422
channel-122,668296,30339532,30339535,3,2025-02-25 17:51:55.146354,2025-02-25 17:51:58.639620,3.493266
channel-85077,60963,30339540,30339549,9,2025-02-25 17:52:06.631071,2025-02-25 17:52:18.584885,11.953814
channel-122,668297,30339546,30339551,5,2025-02-25 17:52:14.388969,2025-02-25 17:52:20.817775,6.428806
channel-208,1490928,30339546,30339559,13,2025-02-25 17:52:14.388969,2025-02-25 17:52:29.957226,15.568257
channel-208,1490929,30339559,30339568,9,2025-02-25 17:52:29.957226,2025-02-25 17:52:42.510308,12.553082
channel-750,684452,30339559,30339574,15,2025-02-25 17:52:29.957226,2025-02-25 17:52:49.485216,19.52799
channel-750,684453,30339561,30339570,9,,2025-02-25 17:52:44.760053,
channel-0,4039942,30339577,30339587,10,2025-02-25 17:52:53.009499,2025-02-25 17:53:08.276410,15.266911
channel-750,684454,30339577,30339581,4,2025-02-25 17:52:53.009499,2025-02-25 17:53:01.413543,8.404044
channel-208,1490930,30339594,30339602,8,2025-02-25 17:53:17.524208,2025-02-25 17:53:28.291779,10.767571
channel-2,130685,30339602,30339613,11,2025-02-25 17:53:28.291779,2025-02-25 17:53:42.029020,13.737241
channel-750,684455,30339603,30339616,13,2025-02-25 17:53:30.527438,2025-02-25 17:53:46.760834,16.233396
channel-122,668298,30339605,30339609,4,2025-02-25 17:53:32.782646,2025-02-25 17:53:37.572102,4.789456
channel-85077,60964,30339609,30339619,10,2025-02-25 17:53:37.572102,2025-02-25 17:53:51.595370,14.023268
channel-340,3198,30339618,30339628,10,2025-02-25 17:53:48.932282,2025-02-25 17:54:02.497192,13.56491
channel-0,4039943,30339621,30339631,10,2025-02-25 17:53:54.183106,2025-02-25 17:54:06.505906,12.3228
channel-4,167065,30339621,30339633,12,2025-02-25 17:53:54.183106,2025-02-25 17:54:08.802154,14.619048
channel-0,4039944,30339632,30339641,9,2025-02-25 17:54:07.673305,2025-02-25 17:54:18.401797,10.728492
channel-85077,60965,30339650,30339661,11,2025-02-25 17:54:30.667729,2025-02-25 17:54:43.844665,13.176936
channel-750,684456,30339651,30339661,10,2025-02-25 17:54:31.709192,2025-02-25 17:54:43.844665,12.135473
channel-251,85274,30339661,30339671,10,2025-02-25 17:54:43.844665,2025-02-25 17:54:56.160693,12.316028
channel-85077,60966,30339662,30339674,12,2025-02-25 17:54:46.230564,2025-02-25 17:54:59.696614,13.46605
channel-6994,1325799,30339673,30339686,13,2025-02-25 17:54:58.440305,2025-02-25 17:55:17.790546,19.350241
channel-216,94293,30339684,30339767,83,2025-02-25 17:55:15.604016,2025-02-25 17:57:06.381775,110.777759
channel-208,1490931,30339697,30339708,11,2025-02-25 17:55:30.648340,2025-02-25 17:55:45.882029,15.233689
channel-8945,17763,30339697,30339707,10,2025-02-25 17:55:30.648340,2025-02-25 17:55:43.682597,13.034257
channel-122,668299,30339697,30339701,4,2025-02-25 17:55:30.648340,2025-02-25 17:55:36.822279,6.173939
channel-783,104371,30339699,30339707,8,2025-02-25 17:55:34.550218,2025-02-25 17:55:43.682597,9.132379
channel-750,684457,30339703,30339727,24,2025-02-25 17:55:38.969635,2025-02-25 17:56:14.119805,35.15017
channel-199,132837,30339707,30339715,8,2025-02-25 17:55:43.682597,2025-02-25 17:55:58.748870,15.066273
channel-89298,18732,30339708,30339717,9,2025-02-25 17:55:45.882029,2025-02-25 17:56:01.958223,16.076194
channel-6994,1325800,30339708,30339721,13,2025-02-25 17:55:45.882029,2025-02-25 17:56:06.493478,20.611449
channel-6787,166790,30339712,30339716,4,2025-02-25 17:55:55.125889,2025-02-25 17:56:00.862187,5.736298
channel-320,119274,30339715,30339747,32,2025-02-25 17:55:58.748870,2025-02-25 17:56:39.755086,41.006216
channel-0,4039945,30339720,30339731,11,2025-02-25 17:56:05.376242,2025-02-25 17:56:19.291036,13.914794
channel-320,119275,30339721,30339740,19,2025-02-25 17:56:06.493478,2025-02-25 17:56:30.640226,24.146748
channel-1,408630,30339731,30339742,11,2025-02-25 17:56:19.291036,2025-02-25 17:56:33.057647,13.766611
channel-326,538413,30339735,30339742,7,2025-02-25 17:56:24.211401,2025-02-25 17:56:33.057647,8.846246
channel-208,1490932,30339737,30339748,11,2025-02-25 17:56:27.161303,2025-02-25 17:56:40.934532,13.773229
channel-208,1490933,30339740,30339748,8,2025-02-25 17:56:30.640226,2025-02-25 17:56:40.934532,10.294306
channel-85077,60967,30339742,30339752,10,2025-02-25 17:56:33.057647,2025-02-25 17:56:45.607992,12.550345
channel-750,684458,30339758,30339781,23,2025-02-25 17:56:53.309290,2025-02-25 17:57:24.034025,30.724735
channel-326,538414,30339759,30339764,5,2025-02-25 17:56:55.595327,2025-02-25 17:57:02.882485,7.287158
channel-122,668300,30339767,30339771,4,2025-02-25 17:57:06.381775,2025-02-25 17:57:11.076482,4.694707
channel-750,684459,30339775,30339785,10,2025-02-25 17:57:16.282391,2025-02-25 17:57:28.498853,12.216462
channel-85077,60968,30339782,30339790,8,2025-02-25 17:57:25.154783,2025-02-25 17:57:37.802800,12.648017
channel-6787,166791,30339788,30339792,4,2025-02-25 17:57:31.995149,2025-02-25 17:57:40.140955,8.145806
channel-208,1490934,30339789,30339798,9,2025-02-25 17:57:33.401661,2025-02-25 17:57:49.342258,15.940597
channel-20082,9902,30339795,30339808,13,2025-02-25 17:57:44.168556,2025-02-25 17:58:01.100356,16.9318
channel-20082,9903,30339798,30339808,10,2025-02-25 17:57:49.342258,2025-02-25 17:58:01.100356,11.758098
channel-750,684460,30339803,30339812,9,2025-02-25 17:57:55.295143,2025-02-25 17:58:06.891738,11.596595
channel-0,4039946,30339804,30339813,9,2025-02-25 17:57:56.361417,2025-02-25 17:58:07.961931,11.600514
channel-750,684461,30339814,30339837,23,2025-02-25 17:58:09.143327,2025-02-25 17:58:40.256816,31.113489
channel-208,1490935,30339827,30339837,10,2025-02-25 17:58:25.461558,2025-02-25 17:58:40.256816,14.795258
channel-6994,1325801,30339845,30339855,10,2025-02-25 17:58:50.541682,2025-02-25 17:59:02.271765,11.730083
channel-326,538415,30339845,30339854,9,2025-02-25 17:58:50.541682,2025-02-25 17:59:01.142869,10.601187
channel-19774,346148,30339850,30339858,8,2025-02-25 17:58:56.344369,2025-02-25 17:59:06.909496,10.565127
channel-750,684462,30339850,30339862,12,2025-02-25 17:58:56.344369,2025-02-25 17:59:13.375196,17.030827
channel-204,670853,30339861,30339903,42,2025-02-25 17:59:12.054304,2025-02-25 18:00:03.592126,51.537822
channel-208,1490936,30339870,30339880,10,2025-02-25 17:59:22.280468,2025-02-25 17:59:33.977404,11.696936
channel-750,684463,30339875,30339896,21,2025-02-25 17:59:28.084235,2025-02-25 17:59:55.485448,27.401213
channel-73755,5854,30339883,30339891,8,2025-02-25 17:59:37.577619,2025-02-25 17:59:49.224574,11.646955
channel-750,684464,30339893,30339905,12,2025-02-25 17:59:51.463782,2025-02-25 18:00:07.110220,15.646438
channel-85077,60969,30339894,30339903,9,2025-02-25 17:59:53.096610,2025-02-25 18:00:03.592126,10.495516
channel-199,132838,30339900,30339912,12,2025-02-25 17:59:59.959362,2025-02-25 18:00:16.224062,16.2647
channel-6994,1325802,30339901,30339911,10,2025-02-25 18:00:01.012817,2025-02-25 18:00:15.013537,14.00072
channel-750,684465,30339903,30339915,12,2025-02-25 18:00:03.592126,2025-02-25 18:00:19.524737,15.932611
channel-750,684466,30339905,30339925,20,2025-02-25 18:00:07.110220,2025-02-25 18:00:31.968081,24.857861
channel-199,132839,30339909,30339921,12,2025-02-25 18:00:12.790422,2025-02-25 18:00:27.519250,14.728828
channel-750,684467,30339912,30339917,5,2025-02-25 18:00:16.224062,2025-02-25 18:00:21.805850,5.581788
channel-208,1490937,30339912,30339926,14,2025-02-25 18:00:16.224062,2025-02-25 18:00:33.243153,17.019091
channel-6994,1325803,30339915,30339926,11,2025-02-25 18:00:19.524737,2025-02-25 18:00:33.243153,13.718416
channel-6994,1325804,30339915,30339926,11,2025-02-25 18:00:19.524737,2025-02-25 18:00:33.243153,13.718416
channel-750,684468,30339917,30339922,5,2025-02-25 18:00:21.805850,2025-02-25 18:00:28.600192,6.794342
channel-85077,60970,30339917,30339925,8,2025-02-25 18:00:21.805850,2025-02-25 18:00:31.968081,10.162231
channel-6994,1325805,30339931,30339944,13,2025-02-25 18:00:41.006673,2025-02-25 18:00:55.441110,14.434437
channel-85077,60971,30339935,30339945,10,2025-02-25 18:00:45.558020,2025-02-25 18:00:56.831924,11.273904
channel-750,684469,30339951,30339964,13,2025-02-25 18:01:04.329984,2025-02-25 18:01:26.511598,22.181614
channel-6994,1325806,30339951,30339959,8,2025-02-25 18:01:04.329984,2025-02-25 18:01:17.831976,13.501992
channel-122,668301,30339953,30339968,15,2025-02-25 18:01:06.632766,2025-02-25 18:01:32.505825,25.873059
channel-91017,2915,30339954,30339962,8,2025-02-25 18:01:09.151971,2025-02-25 18:01:22.236459,13.084488
channel-1,408631,30339958,30339969,11,2025-02-25 18:01:15.654158,2025-02-25 18:01:33.658107,18.003949
channel-750,684470,30339959,30339963,4,2025-02-25 18:01:17.831976,2025-02-25 18:01:24.347050,6.515074
channel-750,684471,30339961,30339968,7,2025-02-25 18:01:21.152236,2025-02-25 18:01:32.505825,11.353589
channel-0,4039947,30339962,30339974,12,2025-02-25 18:01:22.236459,2025-02-25 18:01:39.661746,17.425287
channel-6994,1325807,30339962,30339977,15,2025-02-25 18:01:22.236459,2025-02-25 18:01:43.239822,21.003363
channel-122,668302,30339968,30339972,4,2025-02-25 18:01:32.505825,2025-02-25 18:01:37.187856,4.682031
channel-0,4039948,30339968,30339979,11,2025-02-25 18:01:32.505825,2025-02-25 18:01:45.431202,12.925377
channel-320,119276,30339975,30339982,7,2025-02-25 18:01:40.931277,2025-02-25 18:01:48.826986,7.895709
channel-232,49221,30339977,30339990,13,2025-02-25 18:01:43.239822,2025-02-25 18:01:58.649893,15.410071
channel-750,684472,30339977,30339988,11,2025-02-25 18:01:43.239822,2025-02-25 18:01:56.340588,13.100766
channel-42,1490079,30339977,30339989,12,2025-02-25 18:01:43.239822,2025-02-25 18:01:57.504157,14.264335
channel-0,4039949,30339982,30340000,18,2025-02-25 18:01:48.826986,2025-02-25 18:02:14.153757,25.326771
channel-750,684473,30339984,30339994,10,2025-02-25 18:01:51.283071,2025-02-25 18:02:04.105199,12.822128
channel-208,1490938,30339990,30339999,9,2025-02-25 18:01:58.649893,2025-02-25 18:02:12.927621,14.277728
channel-216,94294,30339993,30340066,73,2025-02-25 18:02:02.862381,2025-02-25 18:03:40.062891,97.20051
channel-750,684474,30339998,30340020,22,2025-02-25 18:02:11.743071,2025-02-25 18:02:41.350913,29.607842
channel-208,1490939,30340003,30340015,12,2025-02-25 18:02:18.709030,2025-02-25 18:02:35.803724,17.094694
channel-750,684475,30340013,30340026,13,2025-02-25 18:02:33.506094,2025-02-25 18:02:49.776231,16.270137
channel-38946,124295,30340025,30340045,20,2025-02-25 18:02:47.699797,2025-02-25 18:03:12.386029,24.686232
channel-750,684476,30340036,30340050,14,2025-02-25 18:03:01.771422,2025-02-25 18:03:19.388690,17.617268
channel-122,668303,30340039,30340043,4,2025-02-25 18:03:05.335348,2025-02-25 18:03:10.222233,4.886885
channel-750,684477,30340045,30340055,10,2025-02-25 18:03:12.386029,2025-02-25 18:03:26.597822,14.211793
channel-208,1490940,30340048,30340056,8,2025-02-25 18:03:15.992757,2025-02-25 18:03:27.831055,11.838298
channel-73755,5855,30340052,30340058,6,2025-02-25 18:03:21.605096,2025-02-25 18:03:30.029188,8.424092
channel-0,4039950,30340054,30340074,20,2025-02-25 18:03:23.906066,2025-02-25 18:03:50.155022,26.248956
channel-0,4039951,30340057,30340069,12,2025-02-25 18:03:28.931774,2025-02-25 18:03:43.334016,14.402242
channel-750,684478,30340058,30340086,28,2025-02-25 18:03:30.029188,2025-02-25 18:04:05.072730,35.043542
channel-0,4039952,30340063,30340074,11,2025-02-25 18:03:36.476187,2025-02-25 18:03:50.155022,13.678835
channel-89298,18733,30340063,30340073,10,2025-02-25 18:03:36.476187,2025-02-25 18:03:49.095608,12.619421
channel-750,684479,30340072,30340084,12,2025-02-25 18:03:47.963614,2025-02-25 18:04:02.875109,14.911495
channel-1,408632,30340080,30340092,12,2025-02-25 18:03:58.031620,2025-02-25 18:04:13.409869,15.378249
channel-750,684480,30340086,30340090,4,2025-02-25 18:04:05.072730,2025-02-25 18:04:09.633346,4.560616
channel-750,684481,30340094,30340105,11,2025-02-25 18:04:15.795232,2025-02-25 18:04:30.190219,14.394987
channel-750,684482,30340095,30340100,5,2025-02-25 18:04:16.909589,2025-02-25 18:04:23.896733,6.987144
channel-0,4039953,30340098,30340107,9,2025-02-25 18:04:20.347296,2025-02-25 18:04:32.555941,12.208645
channel-0,4039954,30340102,30340112,10,2025-02-25 18:04:26.304963,2025-02-25 18:04:38.168777,11.863814
channel-750,684483,30340105,30340115,10,2025-02-25 18:04:30.190219,2025-02-25 18:04:41.859764,11.669545
channel-0,4039955,30340107,30340118,11,2025-02-25 18:04:32.555941,2025-02-25 18:04:45.282645,12.726704
channel-6994,1325808,30340112,30340122,10,2025-02-25 18:04:38.168777,2025-02-25 18:04:49.787691,11.618914
channel-782,310279,30340113,30340122,9,2025-02-25 18:04:39.674279,2025-02-25 18:04:49.787691,10.113412
channel-143,128453,30340114,30340134,20,2025-02-25 18:04:40.734378,2025-02-25 18:05:04.556090,23.821712
channel-750,684484,30340123,30340149,26,2025-02-25 18:04:51.188538,2025-02-25 18:05:25.563163,34.374625
channel-750,684485,30340126,30340139,13,2025-02-25 18:04:55.359973,2025-02-25 18:05:11.094911,15.734938
channel-85077,60972,30340136,30340146,10,2025-02-25 18:05:06.764693,2025-02-25 18:05:21.643606,14.878913
channel-6994,1325809,30340144,30340158,14,2025-02-25 18:05:18.301742,2025-02-25 18:05:37.597856,19.296114
channel-750,684486,30340144,30340153,9,2025-02-25 18:05:18.301742,2025-02-25 18:05:31.111081,12.809339
channel-6994,1325810,30340145,30340158,13,2025-02-25 18:05:20.549157,2025-02-25 18:05:37.597856,17.048699
channel-94814,3793,30340146,30340155,9,2025-02-25 18:05:21.643606,2025-02-25 18:05:33.367411,11.723805
channel-750,684487,30340149,30340159,10,2025-02-25 18:05:25.563163,2025-02-25 18:05:38.835502,13.272339
channel-6994,1325811,30340155,30340164,9,2025-02-25 18:05:33.367411,2025-02-25 18:05:47.824498,14.457087
channel-0,4039956,30340160,30340172,12,2025-02-25 18:05:39.880314,2025-02-25 18:05:58.304360,18.424046
channel-85077,60973,30340163,30340172,9,2025-02-25 18:05:46.723479,2025-02-25 18:05:58.304360,11.580881
channel-42,1490080,30340171,30340182,11,2025-02-25 18:05:57.195430,2025-02-25 18:06:10.867631,13.672201
channel-750,684488,30340173,30340178,5,2025-02-25 18:05:59.538201,2025-02-25 18:06:05.295237,5.757036
channel-750,684489,30340179,30340190,11,2025-02-25 18:06:07.484467,2025-02-25 18:06:24.827923,17.343456
channel-259,314459,30340187,30340194,7,2025-02-25 18:06:18.361886,2025-02-25 18:06:29.554503,11.192617
channel-19774,346149,30340189,30340201,12,2025-02-25 18:06:23.766409,2025-02-25 18:06:38.746596,14.980187
channel-208,1490941,30340190,30340200,10,2025-02-25 18:06:24.827923,2025-02-25 18:06:37.568711,12.740788
channel-750,684490,30340192,30340205,13,2025-02-25 18:06:27.185335,2025-02-25 18:06:44.065587,16.880252
channel-108,39865,30340200,30340224,24,2025-02-25 18:06:37.568711,2025-02-25 18:07:10.289444,32.720733
channel-19774,346150,30340205,30340213,8,2025-02-25 18:06:44.065587,2025-02-25 18:06:56.520567,12.45498
channel-0,4039957,30340212,30340225,13,2025-02-25 18:06:54.289484,2025-02-25 18:07:11.415503,17.126019
channel-874,293424,30340218,30340223,5,2025-02-25 18:07:02.601485,2025-02-25 18:07:09.024215,6.42273
channel-6994,1325812,30340222,30340235,13,2025-02-25 18:07:07.796806,2025-02-25 18:07:24.520434,16.723628
channel-6994,1325813,30340223,30340235,12,2025-02-25 18:07:09.024215,2025-02-25 18:07:24.520434,15.496219
channel-750,684491,30340226,30340242,16,2025-02-25 18:07:14.075894,2025-02-25 18:07:33.926991,19.851097
channel-204,670854,30340231,30340239,8,2025-02-25 18:07:19.730412,2025-02-25 18:07:29.345929,9.615517
channel-122,668304,30340236,30340241,5,2025-02-25 18:07:25.903105,2025-02-25 18:07:31.654069,5.750964
channel-0,4039958,30340236,30340243,7,2025-02-25 18:07:25.903105,2025-02-25 18:07:36.274258,10.371153
channel-750,684492,30340242,30340247,5,2025-02-25 18:07:33.926991,2025-02-25 18:07:40.668705,6.741714
channel-750,684493,30340243,30340253,10,2025-02-25 18:07:36.274258,2025-02-25 18:07:48.726577,12.452319
channel-208,1490942,30340247,30340256,9,2025-02-25 18:07:40.668705,2025-02-25 18:07:52.755185,12.08648
channel-6994,1325814,30340251,30340262,11,2025-02-25 18:07:45.119465,2025-02-25 18:07:59.901840,14.782375
channel-94814,3794,30340254,30340276,22,2025-02-25 18:07:49.940337,2025-02-25 18:08:16.249455,26.309118
channel-97998,57,30340256,30340261,5,2025-02-25 18:07:52.755185,2025-02-25 18:07:58.668979,5.913794
channel-0,4039959,30340269,30340282,13,2025-02-25 18:08:08.393542,2025-02-25 18:08:24.418168,16.024626
channel-75,845309,30340277,30340284,7,2025-02-25 18:08:18.387760,2025-02-25 18:08:26.583301,8.195541
channel-0,4039960,30340283,30340292,9,2025-02-25 18:08:25.531581,2025-02-25 18:08:37.602919,12.071338
channel-0,4039961,30340286,30340296,10,2025-02-25 18:08:28.907009,2025-02-25 18:08:43.393249,14.48624
channel-874,293425,30340287,30340291,4,2025-02-25 18:08:29.987229,2025-02-25 18:08:36.237323,6.250094
channel-750,684494,30340290,30340299,9,2025-02-25 18:08:34.080218,2025-02-25 18:08:46.983176,12.902958
channel-259,314460,30340292,30340298,6,2025-02-25 18:08:37.602919,2025-02-25 18:08:45.692286,8.089367
channel-0,4039962,30340301,30340311,10,2025-02-25 18:08:49.071464,2025-02-25 18:09:01.195712,12.124248
channel-0,4039963,30340311,30340320,9,2025-02-25 18:09:01.195712,2025-02-25 18:09:12.966717,11.771005
channel-19774,346151,30340311,30340320,9,2025-02-25 18:09:01.195712,2025-02-25 18:09:12.966717,11.771005
channel-750,684495,30340312,30340316,4,2025-02-25 18:09:02.356857,2025-02-25 18:09:08.502502,6.145645
channel-326,538416,30340322,30340329,7,2025-02-25 18:09:15.745469,2025-02-25 18:09:23.584801,7.839332
channel-85077,60974,30340326,30340339,13,2025-02-25 18:09:20.409399,2025-02-25 18:09:40.413140,20.003741
channel-1,408633,30340329,30340339,10,2025-02-25 18:09:23.584801,2025-02-25 18:09:40.413140,16.828339
channel-1575,15201,30340330,30340338,8,2025-02-25 18:09:27.948484,2025-02-25 18:09:38.003814,10.05533
channel-0,4039964,30340351,30340362,11,2025-02-25 18:09:54.279961,2025-02-25 18:10:08.843208,14.563247
channel-19774,346152,30340351,30340361,10,2025-02-25 18:09:54.279961,2025-02-25 18:10:07.678207,13.398246
channel-85077,60975,30340351,30340360,9,2025-02-25 18:09:54.279961,2025-02-25 18:10:06.447403,12.167442
channel-0,4039965,30340351,30340362,11,2025-02-25 18:09:54.279961,2025-02-25 18:10:08.843208,14.563247
channel-0,4039966,30340353,30340365,12,2025-02-25 18:09:56.867811,2025-02-25 18:10:12.524025,15.656214
channel-6994,1325815,30340363,30340372,9,2025-02-25 18:10:10.017939,2025-02-25 18:10:20.641003,10.623064
channel-750,684496,30340370,30340384,14,2025-02-25 18:10:18.298319,2025-02-25 18:10:35.573923,17.275604
channel-783,104372,30340370,30340377,7,2025-02-25 18:10:18.298319,2025-02-25 18:10:26.493938,8.195619
channel-412,64650,30340372,30340380,8,2025-02-25 18:10:20.641003,2025-02-25 18:10:31.027356,10.386353
channel-0,4039967,30340375,30340388,13,2025-02-25 18:10:24.156443,2025-02-25 18:10:40.713492,16.557049
channel-750,684497,30340377,30340388,11,2025-02-25 18:10:26.493938,2025-02-25 18:10:40.713492,14.219554
channel-6994,1325816,30340378,30340402,24,2025-02-25 18:10:27.700131,2025-02-25 18:11:00.774485,33.074354
channel-208,1490943,30340383,30340393,10,2025-02-25 18:10:34.401010,2025-02-25 18:10:47.898716,13.497706
channel-0,4039968,30340390,30340401,11,2025-02-25 18:10:44.205913,2025-02-25 18:10:58.093584,13.887671
channel-75,845310,30340397,30340403,6,2025-02-25 18:10:52.534126,2025-02-25 18:11:02.902054,10.367928
channel-6994,1325817,30340404,30340412,8,2025-02-25 18:11:04.187272,2025-02-25 18:11:16.914777,12.727505
channel-0,4039969,30340405,30340412,7,2025-02-25 18:11:05.578131,2025-02-25 18:11:16.914777,11.336646
channel-199,132840,30340410,30340422,12,2025-02-25 18:11:11.223211,2025-02-25 18:11:28.941492,17.718281
channel-208,1490944,30340423,30340434,11,2025-02-25 18:11:31.189930,2025-02-25 18:11:43.876681,12.686751
channel-19774,346153,30340435,30340442,7,2025-02-25 18:11:45.055218,2025-02-25 18:11:54.460198,9.40498
channel-874,293426,30340441,30340447,6,2025-02-25 18:11:53.340940,2025-02-25 18:12:00.026593,6.685653
channel-91017,2916,30340450,30340525,75,2025-02-25 18:12:03.462362,2025-02-25 18:13:44.349949,100.887587
channel-122,668305,30340458,30340463,5,2025-02-25 18:12:15.051869,2025-02-25 18:12:21.961652,6.909783
channel-1,408634,30340460,30340469,9,2025-02-25 18:12:18.491168,2025-02-25 18:12:29.797555,11.306387
channel-6994,1325818,30340492,30340502,10,2025-02-25 18:12:59.410329,2025-02-25 18:13:11.373838,11.963509
channel-750,684498,30340500,30340503,3,2025-02-25 18:13:08.740227,2025-02-25 18:13:12.648076,3.907849
channel-6787,166792,30340501,30340503,2,2025-02-25 18:13:10.277751,2025-02-25 18:13:12.648076,2.370325
channel-229,55046,30340503,30340517,14,2025-02-25 18:13:12.648076,2025-02-25 18:13:34.648784,22.000708
channel-783,104373,30340504,30340513,9,2025-02-25 18:13:17.314687,2025-02-25 18:13:28.810050,11.495363
channel-874,293427,30340505,30340520,15,2025-02-25 18:13:18.638119,2025-02-25 18:13:38.114417,19.476298
channel-750,684499,30340507,30340513,6,2025-02-25 18:13:22.140774,2025-02-25 18:13:28.810050,6.669276
channel-874,293428,30340512,30340517,5,2025-02-25 18:13:27.682108,2025-02-25 18:13:34.648784,6.966676
channel-750,684500,30340512,30340516,4,2025-02-25 18:13:27.682108,2025-02-25 18:13:33.502169,5.820061
channel-208,1490945,30340513,30340523,10,2025-02-25 18:13:28.810050,2025-02-25 18:13:42.000786,13.190736
channel-148,16095,30340520,30340528,8,2025-02-25 18:13:38.114417,2025-02-25 18:13:47.817653,9.703236
channel-208,1490946,30340525,30340537,12,2025-02-25 18:13:44.349949,2025-02-25 18:13:59.168170,14.818221
channel-19774,346154,30340530,30340539,9,2025-02-25 18:13:49.984502,2025-02-25 18:14:02.677065,12.692563
channel-1,408635,30340535,30340549,14,2025-02-25 18:13:56.955809,2025-02-25 18:14:15.376675,18.420866
channel-0,4039970,30340535,30340547,12,2025-02-25 18:13:56.955809,2025-02-25 18:14:12.808156,15.852347
channel-6787,166793,30340535,30340539,4,2025-02-25 18:13:56.955809,2025-02-25 18:14:02.677065,5.721256
channel-6994,1325819,30340546,30340558,12,2025-02-25 18:14:11.596055,2025-02-25 18:14:26.320700,14.724645
channel-412,64651,30340560,30340572,12,2025-02-25 18:14:28.608117,2025-02-25 18:14:42.358559,13.750442
channel-208,1490947,30340561,30340570,9,2025-02-25 18:14:29.791317,2025-02-25 18:14:40.014872,10.223555
channel-0,4039971,30340571,30340579,8,2025-02-25 18:14:41.114502,2025-02-25 18:14:52.907109,11.792607
channel-6994,1325820,30340571,30340596,25,2025-02-25 18:14:41.114502,2025-02-25 18:15:16.272831,35.158329
channel-75,845311,30340576,30340583,7,2025-02-25 18:14:49.625638,2025-02-25 18:14:59.545964,9.920326
channel-6787,166794,30340586,30340590,4,2025-02-25 18:15:03.201211,2025-02-25 18:15:08.399953,5.198742
channel-199,132841,30340592,30340606,14,2025-02-25 18:15:10.711983,2025-02-25 18:15:27.988947,17.276964
channel-0,4039972,30340601,30340612,11,2025-02-25 18:15:22.143414,2025-02-25 18:15:36.056168,13.912754
channel-6994,1325821,30340609,30340617,8,2025-02-25 18:15:32.400338,2025-02-25 18:15:41.835006,9.434668
channel-6994,1325822,30340611,30340621,10,2025-02-25 18:15:34.766523,2025-02-25 18:15:50.589755,15.823232
channel-6787,166795,30340613,30340617,4,2025-02-25 18:15:37.216442,2025-02-25 18:15:41.835006,4.618564
channel-1429,140789,30340615,30340621,6,2025-02-25 18:15:39.411192,2025-02-25 18:15:50.589755,11.178563
channel-208,1490948,30340617,30340626,9,2025-02-25 18:15:41.835006,2025-02-25 18:15:56.126919,14.291913
channel-783,104374,30340618,30340625,7,2025-02-25 18:15:46.807922,2025-02-25 18:15:55.040008,8.232086
channel-1,408636,30340620,30340638,18,2025-02-25 18:15:49.435390,2025-02-25 18:16:11.195770,21.76038
channel-750,684501,30340627,30340637,10,2025-02-25 18:15:57.448464,2025-02-25 18:16:09.946176,12.497712
channel-208,1490949,30340638,30340649,11,2025-02-25 18:16:11.195770,2025-02-25 18:16:24.581765,13.385995
channel-0,4039973,30340638,30340651,13,2025-02-25 18:16:11.195770,2025-02-25 18:16:26.759957,15.564187
channel-0,4039974,30340643,30340668,25,2025-02-25 18:16:16.829077,2025-02-25 18:16:52.467090,35.638013
channel-6994,1325823,30340648,30340658,10,2025-02-25 18:16:23.425084,2025-02-25 18:16:36.320863,12.895779
channel-750,684502,30340654,30340662,8,2025-02-25 18:16:31.568686,2025-02-25 18:16:42.440865,10.872179
channel-2,130686,30340656,30340666,10,2025-02-25 18:16:33.815531,2025-02-25 18:16:50.160253,16.344722
channel-85077,60976,30340662,30340669,7,2025-02-25 18:16:42.440865,2025-02-25 18:16:53.601654,11.160789
channel-750,684503,30340662,30340664,2,2025-02-25 18:16:42.440865,2025-02-25 18:16:44.749127,2.308262
channel-97998,58,30340666,30340673,7,2025-02-25 18:16:50.160253,2025-02-25 18:16:58.335317,8.175064
channel-122,668306,30340668,30340671,3,2025-02-25 18:16:52.467090,2025-02-25 18:16:56.010802,3.543712
channel-874,293429,30340670,30340688,18,2025-02-25 18:16:54.832175,2025-02-25 18:17:19.432850,24.600675
channel-122,668307,30340670,30340675,5,2025-02-25 18:16:54.832175,2025-02-25 18:17:00.593462,5.761287
channel-326,538417,30340674,30340700,26,2025-02-25 18:16:59.505542,2025-02-25 18:17:34.029161,34.523619
channel-73755,5856,30340688,30340696,8,2025-02-25 18:17:19.432850,2025-02-25 18:17:29.510969,10.078119
channel-85077,60977,30340696,30340705,9,2025-02-25 18:17:29.510969,2025-02-25 18:17:39.787151,10.276182
channel-6994,1325824,30340697,30340711,14,2025-02-25 18:17:30.702347,2025-02-25 18:17:47.031712,16.329365
channel-750,684504,30340701,30340706,5,2025-02-25 18:17:35.257059,2025-02-25 18:17:40.904958,5.647899
channel-76971,12255,30340702,30340729,27,2025-02-25 18:17:36.344700,2025-02-25 18:18:11.597535,35.252835
channel-326,538418,30340706,30340712,6,2025-02-25 18:17:40.904958,2025-02-25 18:17:48.188625,7.283667
channel-199,132842,30340715,30340725,10,2025-02-25 18:17:52.506233,2025-02-25 18:18:05.545107,13.038874
channel-89298,18734,30340722,30340731,9,2025-02-25 18:18:01.123119,2025-02-25 18:18:13.799203,12.676084
channel-144,86701,30340722,30340733,11,2025-02-25 18:18:01.123119,2025-02-25 18:18:16.010467,14.887348
channel-0,4039975,30340724,30340732,8,2025-02-25 18:18:04.454453,2025-02-25 18:18:14.894348,10.439895
channel-122,668308,30340733,30340737,4,2025-02-25 18:18:16.010467,2025-02-25 18:18:20.866713,4.856246
channel-143,128454,30340742,30340751,9,2025-02-25 18:18:26.372766,2025-02-25 18:18:38.550963,12.178197
channel-144,86702,30340744,30340751,7,2025-02-25 18:18:28.640079,2025-02-25 18:18:38.550963,9.910884
channel-6994,1325825,30340757,30340768,11,2025-02-25 18:18:46.363001,2025-02-25 18:18:59.687365,13.324364
channel-113,301362,30340758,30340800,42,2025-02-25 18:18:48.084629,2025-02-25 18:19:41.746901,53.662272
channel-143,128455,30340793,30340803,10,2025-02-25 18:19:33.370523,2025-02-25 18:19:45.031363,11.66084
channel-6994,1325826,30340793,30340801,8,2025-02-25 18:19:33.370523,2025-02-25 18:19:42.852694,9.482171
channel-208,1490950,30340795,30340808,13,2025-02-25 18:19:35.567794,2025-02-25 18:19:50.746076,15.178282
channel-91017,2917,30340816,30340925,109,2025-02-25 18:20:00.509770,2025-02-25 18:22:28.901493,148.391723
channel-340,3199,30340826,30340835,9,2025-02-25 18:20:16.614894,2025-02-25 18:20:32.877477,16.262583
channel-85077,60978,30340828,30340833,5,2025-02-25 18:20:19.898174,2025-02-25 18:20:30.444177,10.546003
channel-208,1490951,30340829,30340835,6,2025-02-25 18:20:20.980221,2025-02-25 18:20:32.877477,11.897256
channel-89298,18735,30340839,30340849,10,2025-02-25 18:20:37.498427,2025-02-25 18:20:51.626228,14.127801
channel-6994,1325827,30340845,30340856,11,2025-02-25 18:20:45.352487,2025-02-25 18:20:59.936324,14.583837
channel-0,4039976,30340846,30340857,11,2025-02-25 18:20:47.642514,2025-02-25 18:21:01.151517,13.509003
channel-199,132843,30340857,30340886,29,2025-02-25 18:21:01.151517,2025-02-25 18:21:37.661771,36.510254
channel-85077,60979,30340865,30340874,9,2025-02-25 18:21:10.755493,2025-02-25 18:21:23.180113,12.42462
channel-85077,60980,30340871,30340882,11,2025-02-25 18:21:18.484286,2025-02-25 18:21:32.653846,14.16956
channel-6994,1325828,30340877,30340887,10,2025-02-25 18:21:26.762300,2025-02-25 18:21:38.811211,12.048911
channel-326,538419,30340883,30340888,5,2025-02-25 18:21:34.331719,2025-02-25 18:21:40.114977,5.783258
channel-1,408637,30340885,30340899,14,2025-02-25 18:21:36.528140,2025-02-25 18:21:53.942581,17.414441
channel-232,49222,30340901,30340912,11,2025-02-25 18:21:56.245702,2025-02-25 18:22:10.150745,13.905043
channel-75,845312,30340913,30340922,9,2025-02-25 18:22:11.427204,2025-02-25 18:22:22.525084,11.09788
channel-85077,60981,30340917,30340924,7,2025-02-25 18:22:16.695775,2025-02-25 18:22:26.033690,9.337915
channel-208,1490952,30340918,30340925,7,2025-02-25 18:22:17.828920,2025-02-25 18:22:28.901493,11.072573
channel-0,4039977,30340930,30340938,8,2025-02-25 18:22:35.405241,2025-02-25 18:22:45.490710,10.085469
channel-767,14380,30340948,30340960,12,2025-02-25 18:22:58.190916,2025-02-25 18:23:14.036291,15.845375
channel-0,4039978,30340960,30340971,11,2025-02-25 18:23:14.036291,2025-02-25 18:23:28.917959,14.881668
channel-6994,1325829,30340968,30340981,13,2025-02-25 18:23:25.642772,2025-02-25 18:23:41.747114,16.104342
channel-232,49223,30340968,30340981,13,2025-02-25 18:23:25.642772,2025-02-25 18:23:41.747114,16.104342
channel-6994,1325830,30340980,30340990,10,2025-02-25 18:23:39.971583,2025-02-25 18:23:52.285416,12.313833
channel-85077,60982,30340981,30340992,11,2025-02-25 18:23:41.747114,2025-02-25 18:23:54.642994,12.89588
channel-85077,60983,30340990,30340998,8,2025-02-25 18:23:52.285416,2025-02-25 18:24:06.077451,13.792035
channel-6994,1325831,30340995,30341004,9,2025-02-25 18:23:58.087155,2025-02-25 18:24:14.388173,16.301018
channel-85077,60984,30340999,30341008,9,2025-02-25 18:24:07.644812,2025-02-25 18:24:20.311257,12.666445
channel-208,1490953,30341000,30341012,12,2025-02-25 18:24:08.799890,2025-02-25 18:24:24.999807,16.199917
channel-340,3200,30341005,30341014,9,2025-02-25 18:24:15.489257,2025-02-25 18:24:27.322667,11.83341
channel-6994,1325832,30341006,30341017,11,2025-02-25 18:24:16.577943,2025-02-25 18:24:32.375889,15.797946
channel-0,4039979,30341008,30341028,20,2025-02-25 18:24:20.311257,2025-02-25 18:24:45.229085,24.917828
channel-6994,1325833,30341015,30341026,11,2025-02-25 18:24:28.968895,2025-02-25 18:24:42.878257,13.909362
channel-2188,43865,30341019,30341024,5,2025-02-25 18:24:34.611542,2025-02-25 18:24:40.459757,5.848215
channel-143,128456,30341035,30341058,23,2025-02-25 18:24:57.711091,2025-02-25 18:25:26.150625,28.439534
channel-0,4039980,30341037,30341049,12,2025-02-25 18:25:00.162259,2025-02-25 18:25:15.573197,15.410938
channel-85077,60985,30341039,30341049,10,2025-02-25 18:25:02.487159,2025-02-25 18:25:15.573197,13.086038
channel-326,538420,30341055,30341064,9,2025-02-25 18:25:22.617811,2025-02-25 18:25:34.358955,11.741144
channel-89298,18736,30341058,30341066,8,2025-02-25 18:25:26.150625,2025-02-25 18:25:37.937464,11.786839
channel-79241,952,30341058,30341070,12,2025-02-25 18:25:26.150625,2025-02-25 18:25:42.736297,16.585672
channel-750,684505,30341069,30341089,20,2025-02-25 18:25:41.360306,2025-02-25 18:26:05.294922,23.934616
channel-0,4039981,30341075,30341099,24,2025-02-25 18:25:48.539157,2025-02-25 18:26:19.374248,30.835091
channel-4,167066,30341079,30341112,33,2025-02-25 18:25:53.176710,2025-02-25 18:26:35.537280,42.36057
channel-229,55047,30341088,30341099,11,2025-02-25 18:26:04.136144,2025-02-25 18:26:19.374248,15.238104
channel-91942,128,30341098,30341127,29,2025-02-25 18:26:18.284355,2025-02-25 18:26:55.970555,37.6862
channel-85077,60986,30341101,30341112,11,2025-02-25 18:26:21.810096,2025-02-25 18:26:35.537280,13.727184
channel-122,668309,30341108,30341112,4,2025-02-25 18:26:30.763029,2025-02-25 18:26:35.537280,4.774251
channel-95,331602,30341109,30341121,12,2025-02-25 18:26:31.880097,2025-02-25 18:26:49.203645,17.323548
channel-51,20931,30341117,30341135,18,2025-02-25 18:26:44.009960,2025-02-25 18:27:05.561527,21.551567
channel-0,4039982,30341124,30341135,11,2025-02-25 18:26:52.669364,2025-02-25 18:27:05.561527,12.892163
channel-750,684506,30341125,30341132,7,2025-02-25 18:26:53.736815,2025-02-25 18:27:01.857399,8.120584
channel-750,684507,30341130,30341135,5,2025-02-25 18:26:59.420058,2025-02-25 18:27:05.561527,6.141469
channel-0,4039983,30341138,30341149,11,2025-02-25 18:27:08.903624,2025-02-25 18:27:23.959265,15.055641
channel-199,132844,30341146,30341154,8,2025-02-25 18:27:18.446464,2025-02-25 18:27:30.635336,12.188872
channel-6994,1325834,30341150,30348146,6996,2025-02-25 18:27:25.045043,2025-02-25 20:59:17.797869,9112.752826
channel-19774,346155,30341157,30341165,8,2025-02-25 18:27:34.219555,2025-02-25 18:27:48.398399,14.178844
channel-320,119277,30341161,30341187,26,2025-02-25 18:27:43.034957,2025-02-25 18:28:15.692074,32.657117
channel-0,4039984,30341162,30341175,13,2025-02-25 18:27:44.170795,2025-02-25 18:28:00.133260,15.962465
channel-6994,1325835,30341166,30341177,11,2025-02-25 18:27:49.524700,2025-02-25 18:28:02.342900,12.8182
channel-72,516475,30341169,30341221,52,2025-02-25 18:27:53.159389,2025-02-25 18:28:58.757156,65.597767
channel-19774,346156,30341174,30341186,12,2025-02-25 18:27:59.030336,2025-02-25 18:28:14.561875,15.531539
channel-6994,1325836,30341178,30341186,8,2025-02-25 18:28:03.529483,2025-02-25 18:28:14.561875,11.032392
channel-229,55048,30341185,30341195,10,2025-02-25 18:28:13.394972,2025-02-25 18:28:25.046522,11.65155
channel-874,293430,30341190,30341196,6,2025-02-25 18:28:19.240387,2025-02-25 18:28:26.161183,6.920796
channel-750,684508,30341201,30341206,5,2025-02-25 18:28:31.698847,2025-02-25 18:28:37.394968,5.696121
channel-6994,1325837,30341202,30341213,11,2025-02-25 18:28:32.787129,2025-02-25 18:28:47.440021,14.652892
channel-216,94295,30341208,30341280,72,2025-02-25 18:28:39.801990,2025-02-25 18:30:16.121461,96.319471
channel-143,128457,30341211,30341221,10,2025-02-25 18:28:43.488027,2025-02-25 18:28:58.757156,15.269129
channel-326,538421,30341213,30341236,23,2025-02-25 18:28:47.440021,2025-02-25 18:29:15.860093,28.420072
channel-94814,3795,30341215,30341226,11,2025-02-25 18:28:49.769549,2025-02-25 18:29:04.393367,14.623818
channel-6994,1325838,30341218,30341230,12,2025-02-25 18:28:54.088888,2025-02-25 18:29:09.063965,14.975077
channel-208,1490954,30341222,30341232,10,2025-02-25 18:28:59.944705,2025-02-25 18:29:11.299730,11.355025
channel-750,684509,30341223,30341230,7,2025-02-25 18:29:01.057759,2025-02-25 18:29:09.063965,8.006206
channel-2188,43866,30341236,30341241,5,2025-02-25 18:29:15.860093,2025-02-25 18:29:21.894765,6.034672
channel-89298,18737,30341236,30341247,11,2025-02-25 18:29:15.860093,2025-02-25 18:29:28.890378,13.030285
channel-89321,19532,30341243,30341259,16,2025-02-25 18:29:24.241512,2025-02-25 18:29:47.545762,23.30425
channel-89321,19533,30341248,30341267,19,2025-02-25 18:29:30.645830,2025-02-25 18:29:58.958129,28.312299
channel-208,1490955,30341255,30341267,12,2025-02-25 18:29:42.602919,2025-02-25 18:29:58.958129,16.35521
channel-208,1490956,30341257,30341267,10,2025-02-25 18:29:44.868541,2025-02-25 18:29:58.958129,14.089588
channel-750,684510,30341274,30341283,9,2025-02-25 18:30:08.385119,2025-02-25 18:30:20.381948,11.996829
channel-6994,1325839,30341302,30341332,30,2025-02-25 18:30:43.252755,2025-02-25 18:31:20.979263,37.726508
channel-184,137452,30341304,30341313,9,2025-02-25 18:30:45.612969,2025-02-25 18:30:58.562553,12.949584
channel-38946,124296,30341306,30341324,18,2025-02-25 18:30:47.675905,2025-02-25 18:31:11.636666,23.960761
channel-750,684511,30341307,30341312,5,2025-02-25 18:30:50.029192,2025-02-25 18:30:56.899162,6.86997
channel-259,314461,30341308,30341331,23,2025-02-25 18:30:51.355868,2025-02-25 18:31:19.584122,28.228254
channel-6994,1325840,30341312,30341347,35,2025-02-25 18:30:56.899162,2025-02-25 18:31:45.256749,48.357587
channel-0,4039985,30341312,30341321,9,2025-02-25 18:30:56.899162,2025-02-25 18:31:08.003989,11.104827
channel-6994,1325841,30341312,30341324,12,2025-02-25 18:30:56.899162,2025-02-25 18:31:11.636666,14.737504
channel-199,132845,30341320,30341331,11,2025-02-25 18:31:06.895340,2025-02-25 18:31:19.584122,12.688782
channel-750,684512,30341328,30341337,9,2025-02-25 18:31:16.130161,2025-02-25 18:31:27.863612,11.733451
channel-89321,19534,30341333,30341347,14,2025-02-25 18:31:23.165995,2025-02-25 18:31:45.256749,22.090754
channel-874,293431,30341334,30341339,5,2025-02-25 18:31:24.281059,2025-02-25 18:31:31.146853,6.865794
channel-143,128458,30341339,30341354,15,2025-02-25 18:31:31.146853,2025-02-25 18:31:54.642010,23.495157
channel-0,4039986,30341339,30341346,7,2025-02-25 18:31:31.146853,2025-02-25 18:31:43.440788,12.293935
channel-783,104375,30341345,30341357,12,2025-02-25 18:31:42.294081,2025-02-25 18:31:57.970114,15.676033
channel-326,538422,30341347,30341353,6,2025-02-25 18:31:45.256749,2025-02-25 18:31:53.219415,7.962666
channel-0,4039987,30341379,30341390,11,2025-02-25 18:32:28.015508,2025-02-25 18:32:40.812362,12.796854
channel-6,66641,30341387,30341402,15,2025-02-25 18:32:37.524521,2025-02-25 18:32:54.286009,16.761488
channel-184,137453,30341405,30341420,15,2025-02-25 18:32:59.028501,2025-02-25 18:33:17.716233,18.687732
channel-2188,43867,30341409,30341413,4,2025-02-25 18:33:04.478138,2025-02-25 18:33:09.630314,5.152176
channel-143,128459,30341411,30341421,10,2025-02-25 18:33:07.274152,2025-02-25 18:33:18.864495,11.590343
channel-750,684513,30341415,30341420,5,2025-02-25 18:33:11.971819,2025-02-25 18:33:17.716233,5.744414
channel-89321,19535,30341419,30341443,24,2025-02-25 18:33:16.545354,2025-02-25 18:33:50.324562,33.779208
channel-750,684514,30341420,30341425,5,2025-02-25 18:33:17.716233,2025-02-25 18:33:23.584171,5.867938
channel-0,4039988,30341426,30341437,11,2025-02-25 18:33:24.795209,2025-02-25 18:33:38.510018,13.714809
channel-204,670855,30341433,30341437,4,2025-02-25 18:33:32.900415,2025-02-25 18:33:38.510018,5.609603
channel-2188,43868,30341437,30341442,5,2025-02-25 18:33:38.510018,2025-02-25 18:33:48.530369,10.020351
channel-783,104376,30341442,30341451,9,2025-02-25 18:33:48.530369,2025-02-25 18:34:02.758372,14.228003
channel-750,684515,30341446,30341450,4,2025-02-25 18:33:53.603866,2025-02-25 18:33:58.186504,4.582638
channel-6787,166796,30341452,30341456,4,2025-02-25 18:34:05.084608,2025-02-25 18:34:09.700494,4.615886
channel-750,684516,30341454,30341460,6,2025-02-25 18:34:07.533928,2025-02-25 18:34:14.181397,6.647469
channel-199,132846,30341454,30341464,10,2025-02-25 18:34:07.533928,2025-02-25 18:34:18.891859,11.357931
channel-750,684517,30341459,30341464,5,2025-02-25 18:34:13.092118,2025-02-25 18:34:18.891859,5.799741
channel-2188,43869,30341460,30341464,4,2025-02-25 18:34:14.181397,2025-02-25 18:34:18.891859,4.710462
channel-750,684518,30341462,30341466,4,2025-02-25 18:34:16.449683,2025-02-25 18:34:23.664795,7.215112
channel-6994,1325842,30341467,30341477,10,2025-02-25 18:34:24.839670,2025-02-25 18:34:38.334751,13.495081
channel-0,4039989,30341475,30341488,13,2025-02-25 18:34:34.987108,2025-02-25 18:34:51.347989,16.360881
channel-2188,43870,30341481,30341486,5,2025-02-25 18:34:43.538977,2025-02-25 18:34:49.146632,5.607655
channel-85077,60987,30341481,30341491,10,2025-02-25 18:34:43.538977,2025-02-25 18:34:54.991225,11.452248
channel-750,684519,30341482,30341487,5,2025-02-25 18:34:44.714454,2025-02-25 18:34:50.186893,5.472439
channel-88,467208,30341487,30341518,31,2025-02-25 18:34:50.186893,2025-02-25 18:35:31.891843,41.70495
channel-85077,60988,30341494,30341503,9,2025-02-25 18:35:01.977746,2025-02-25 18:35:13.696451,11.718705
channel-0,4039990,30341496,30341522,26,2025-02-25 18:35:04.320901,2025-02-25 18:35:36.473381,32.15248
channel-4,167067,30341501,30341514,13,2025-02-25 18:35:11.291463,2025-02-25 18:35:27.389417,16.097954
channel-0,4039991,30341504,30341517,13,2025-02-25 18:35:14.788406,2025-02-25 18:35:30.734462,15.946056
channel-85077,60989,30341507,30341516,9,2025-02-25 18:35:18.233160,2025-02-25 18:35:29.607600,11.37444
channel-874,293432,30341527,30341532,5,2025-02-25 18:35:42.112757,2025-02-25 18:35:49.323889,7.211132
channel-122,668310,30341534,30341538,4,2025-02-25 18:35:52.704245,2025-02-25 18:35:57.041949,4.337704
channel-85077,60990,30341535,30341547,12,2025-02-25 18:35:53.785539,2025-02-25 18:36:08.224674,14.439135
channel-0,4039992,30341547,30341558,11,2025-02-25 18:36:08.224674,2025-02-25 18:36:22.973054,14.74838
channel-750,684520,30341569,30341579,10,2025-02-25 18:36:36.715517,2025-02-25 18:36:48.325039,11.609522
channel-85077,60991,30341584,30341594,10,2025-02-25 18:36:54.159728,2025-02-25 18:37:07.119788,12.96006
channel-750,684521,30341586,30341593,7,2025-02-25 18:36:57.450971,2025-02-25 18:37:05.956028,8.505057
channel-1,408638,30341590,30341601,11,2025-02-25 18:37:02.342733,2025-02-25 18:37:17.380445,15.037712
channel-85077,60992,30341591,30341600,9,2025-02-25 18:37:03.586782,2025-02-25 18:37:16.163607,12.576825
channel-1429,140790,30341594,30341604,10,2025-02-25 18:37:07.119788,2025-02-25 18:37:21.024761,13.904973
channel-6994,1325843,30341596,30341606,10,2025-02-25 18:37:10.360341,2025-02-25 18:37:24.827176,14.466835
channel-85077,60993,30341603,30341611,8,2025-02-25 18:37:19.908210,2025-02-25 18:37:31.216405,11.308195
channel-0,4039993,30341603,30341616,13,2025-02-25 18:37:19.908210,2025-02-25 18:37:38.193630,18.28542
channel-6994,1325844,30341605,30341614,9,2025-02-25 18:37:23.572033,2025-02-25 18:37:35.969702,12.397669
channel-750,684522,30341606,30341618,12,2025-02-25 18:37:24.827176,2025-02-25 18:37:40.673538,15.846362
channel-85077,60994,30341608,30341615,7,2025-02-25 18:37:27.146776,2025-02-25 18:37:37.104207,9.957431
channel-208,1490957,30341611,30341623,12,2025-02-25 18:37:31.216405,2025-02-25 18:37:46.243930,15.027525
channel-2188,43871,30341613,30341618,5,2025-02-25 18:37:33.324647,2025-02-25 18:37:40.673538,7.348891
channel-85077,60995,30341613,30341623,10,2025-02-25 18:37:33.324647,2025-02-25 18:37:46.243930,12.919283
channel-6994,1325845,30341614,30341624,10,2025-02-25 18:37:35.969702,2025-02-25 18:37:47.471587,11.501885
channel-199,132847,30341617,30341628,11,2025-02-25 18:37:39.546503,2025-02-25 18:37:52.921733,13.37523
channel-4,167068,30341617,30341629,12,2025-02-25 18:37:39.546503,2025-02-25 18:37:54.012179,14.465676
channel-6994,1325846,30341624,30341633,9,2025-02-25 18:37:47.471587,2025-02-25 18:37:58.852507,11.38092
channel-5,184355,30341625,30341636,11,2025-02-25 18:37:49.609103,2025-02-25 18:38:02.329644,12.720541
channel-874,293433,30341625,30341674,49,2025-02-25 18:37:49.609103,2025-02-25 18:38:57.861228,68.252125
channel-85077,60996,30341634,30341641,7,2025-02-25 18:38:00.068909,2025-02-25 18:38:09.193005,9.124096
channel-208,1490958,30341637,30341646,9,2025-02-25 18:38:04.476418,2025-02-25 18:38:16.676280,12.199862
channel-85077,60997,30341639,30341648,9,2025-02-25 18:38:06.882341,2025-02-25 18:38:18.888466,12.006125
channel-0,4039994,30341642,30341653,11,2025-02-25 18:38:10.853961,2025-02-25 18:38:25.960301,15.10634
channel-98451,56,30341645,30341662,17,2025-02-25 18:38:14.404723,2025-02-25 18:38:37.289931,22.885208
channel-85077,60998,30341650,30341660,10,2025-02-25 18:38:22.331637,2025-02-25 18:38:34.925864,12.594227
channel-6994,1325847,30341651,30341660,9,2025-02-25 18:38:23.603288,2025-02-25 18:38:34.925864,11.322576
channel-750,684523,30341658,30341668,10,2025-02-25 18:38:32.662203,2025-02-25 18:38:47.807821,15.145618
channel-75,845313,30341660,30341664,4,2025-02-25 18:38:34.925864,2025-02-25 18:38:43.012459,8.086595
channel-2188,43872,30341663,30341668,5,2025-02-25 18:38:41.740502,2025-02-25 18:38:47.807821,6.067319
channel-1429,140791,30341668,30341680,12,2025-02-25 18:38:47.807821,2025-02-25 18:39:05.349696,17.541875
channel-199,132848,30341673,30341687,14,2025-02-25 18:38:56.693857,2025-02-25 18:39:14.015433,17.321576
channel-2188,43873,30341678,30341682,4,2025-02-25 18:39:02.992868,2025-02-25 18:39:07.775142,4.782274
channel-208,1490959,30341693,30341700,7,2025-02-25 18:39:21.650496,2025-02-25 18:39:32.503141,10.852645
channel-412,64652,30341702,30341712,10,2025-02-25 18:39:38.950365,2025-02-25 18:39:51.285233,12.334868
channel-326,538423,30341705,30341715,10,2025-02-25 18:39:42.419728,2025-02-25 18:39:54.644305,12.224577
channel-97998,59,30341711,30341717,6,2025-02-25 18:39:50.093079,2025-02-25 18:39:57.000539,6.90746
channel-874,293434,30341721,30341728,7,2025-02-25 18:40:02.634697,2025-02-25 18:40:10.446296,7.811599
channel-85077,60999,30341722,30341731,9,2025-02-25 18:40:03.797662,2025-02-25 18:40:13.868423,10.070761
channel-750,684524,30341731,30341742,11,2025-02-25 18:40:13.868423,2025-02-25 18:40:27.011018,13.142595
channel-122,668311,30341735,30341739,4,2025-02-25 18:40:18.351476,2025-02-25 18:40:22.879526,4.52805
channel-6994,1325848,30341756,30341766,10,2025-02-25 18:40:45.108262,2025-02-25 18:40:58.691378,13.583116
channel-874,293435,30341756,30341765,9,2025-02-25 18:40:45.108262,2025-02-25 18:40:57.596190,12.487928
channel-199,132849,30341756,30341764,8,2025-02-25 18:40:45.108262,2025-02-25 18:40:56.526203,11.417941
channel-750,684525,30341760,30341779,19,2025-02-25 18:40:50.726388,2025-02-25 18:41:15.061847,24.335459
channel-38946,124297,30341761,30341772,11,2025-02-25 18:40:53.000578,2025-02-25 18:41:06.653706,13.653128
channel-122,668312,30341762,30341766,4,2025-02-25 18:40:54.175785,2025-02-25 18:40:58.691378,4.515593
channel-0,4039995,30341765,30341776,11,2025-02-25 18:40:57.596190,2025-02-25 18:41:11.628946,14.032756
channel-91017,2918,30341771,30341782,11,2025-02-25 18:41:05.483356,2025-02-25 18:41:19.484478,14.001122
channel-6994,1325849,30341782,30341790,8,2025-02-25 18:41:19.484478,2025-02-25 18:41:31.417164,11.932686
channel-85077,61000,30341791,30341800,9,2025-02-25 18:41:32.561600,2025-02-25 18:41:44.131842,11.570242
channel-6994,1325850,30341796,30341823,27,2025-02-25 18:41:39.273909,2025-02-25 18:42:11.420219,32.14631
channel-89298,18738,30341807,30341818,11,2025-02-25 18:41:52.997423,2025-02-25 18:42:05.806147,12.808724
channel-6994,1325851,30341822,30341829,7,2025-02-25 18:42:10.275976,2025-02-25 18:42:21.802748,11.526772
channel-0,4039996,30341824,30341834,10,2025-02-25 18:42:12.527156,2025-02-25 18:42:27.737349,15.210193
channel-750,684526,30341829,30341834,5,2025-02-25 18:42:21.802748,2025-02-25 18:42:27.737349,5.934601
channel-750,684527,30341832,30341838,6,2025-02-25 18:42:25.204230,2025-02-25 18:42:32.315377,7.111147
channel-750,684528,30341833,30341838,5,2025-02-25 18:42:26.347434,2025-02-25 18:42:32.315377,5.967943
channel-89321,19536,30341838,30341863,25,2025-02-25 18:42:32.315377,2025-02-25 18:43:08.882687,36.56731
channel-19774,346157,30341840,30341849,9,2025-02-25 18:42:36.186214,2025-02-25 18:42:47.919253,11.733039
channel-783,104377,30341852,30341858,6,2025-02-25 18:42:51.388118,2025-02-25 18:42:58.546285,7.158167
channel-750,684529,30341856,30341860,4,2025-02-25 18:42:56.338389,2025-02-25 18:43:00.877048,4.538659
channel-750,684530,30341864,30341869,5,2025-02-25 18:43:10.062001,2025-02-25 18:43:16.986117,6.924116
channel-750,684531,30341868,30341872,4,2025-02-25 18:43:15.829105,2025-02-25 18:43:20.973029,5.143924
channel-208,1490960,30341871,30341881,10,2025-02-25 18:43:19.313772,2025-02-25 18:43:32.707218,13.393446
channel-782,310280,30341871,30341877,6,2025-02-25 18:43:19.313772,2025-02-25 18:43:28.377702,9.06393
channel-75016,4667,30341889,30341911,22,2025-02-25 18:43:42.946465,2025-02-25 18:44:10.245453,27.298988
channel-750,684532,30341892,30341908,16,2025-02-25 18:43:46.332632,2025-02-25 18:44:05.945323,19.612691
channel-0,4039997,30341906,30341916,10,2025-02-25 18:44:03.183028,2025-02-25 18:44:15.853859,12.670831
channel-75016,4668,30341910,30341931,21,2025-02-25 18:44:09.170605,2025-02-25 18:44:33.649838,24.479233
channel-38946,124298,30341922,30341938,16,2025-02-25 18:44:23.294542,2025-02-25 18:44:43.565685,20.271143
channel-75016,4669,30341925,30341944,19,2025-02-25 18:44:26.892767,2025-02-25 18:44:51.512068,24.619301
channel-750,684533,30341943,30341948,5,2025-02-25 18:44:50.109601,2025-02-25 18:44:55.943043,5.833442
channel-143,128460,30341949,30341963,14,2025-02-25 18:44:57.173075,2025-02-25 18:45:14.523159,17.350084
channel-89298,18739,30341953,30341961,8,2025-02-25 18:45:01.814331,2025-02-25 18:45:10.785075,8.970744
channel-0,4039998,30341961,30341972,11,2025-02-25 18:45:10.785075,2025-02-25 18:45:27.253675,16.4686
channel-750,684534,30341963,30341974,11,2025-02-25 18:45:14.523159,2025-02-25 18:45:30.465485,15.942326
channel-208,1490961,30341981,30341993,12,2025-02-25 18:45:39.265396,2025-02-25 18:45:54.899036,15.63364
channel-89321,19537,30341983,30342002,19,2025-02-25 18:45:41.574750,2025-02-25 18:46:05.342827,23.768077
channel-85077,61001,30341986,30342002,16,2025-02-25 18:45:45.091045,2025-02-25 18:46:05.342827,20.251782
channel-0,4039999,30341997,30342009,12,2025-02-25 18:45:59.585875,2025-02-25 18:46:15.160063,15.574188
channel-85077,61002,30342018,30342025,7,2025-02-25 18:46:26.197446,2025-02-25 18:46:34.731649,8.534203
channel-79703,4460,30342037,30342049,12,2025-02-25 18:46:51.029973,2025-02-25 18:47:07.029268,15.999295
channel-750,684535,30342040,30342050,10,2025-02-25 18:46:55.049503,2025-02-25 18:47:08.181376,13.131873
channel-750,684536,30342040,30342058,18,2025-02-25 18:46:55.049503,2025-02-25 18:47:17.108022,22.058519
channel-5485,1718,30342040,30342427,387,2025-02-25 18:46:55.049503,2025-02-25 18:55:11.480580,496.431077
channel-204,670856,30342055,30342064,9,2025-02-25 18:47:13.871270,2025-02-25 18:47:23.977494,10.106224
channel-122,668313,30342056,30342059,3,2025-02-25 18:47:14.970434,2025-02-25 18:47:18.227594,3.25716
channel-6994,1325852,30342062,30342072,10,2025-02-25 18:47:21.634921,2025-02-25 18:47:33.398888,11.763967
channel-6994,1325853,30342066,30342074,8,2025-02-25 18:47:26.147069,2025-02-25 18:47:39.088714,12.941645
channel-750,684537,30342066,30342071,5,2025-02-25 18:47:26.147069,2025-02-25 18:47:32.311872,6.164803
channel-143,128461,30342068,30342076,8,2025-02-25 18:47:28.318131,2025-02-25 18:47:41.498245,13.180114
channel-750,684538,30342080,30342086,6,2025-02-25 18:47:45.855341,2025-02-25 18:47:54.929644,9.074303
channel-6994,1325854,30342084,30342095,11,2025-02-25 18:47:51.635160,2025-02-25 18:48:07.328093,15.692933
channel-85077,61003,30342087,30342097,10,2025-02-25 18:47:56.165599,2025-02-25 18:48:09.691046,13.525447
channel-750,684539,30342111,30342116,5,2025-02-25 18:48:25.890466,2025-02-25 18:48:32.037481,6.147015
channel-0,4040000,30342115,30342138,23,2025-02-25 18:48:30.807219,2025-02-25 18:49:01.254397,30.447178
channel-6994,1325855,30342141,30342152,11,2025-02-25 18:49:05.984849,2025-02-25 18:49:19.875315,13.890466
channel-75,845314,30342144,30342152,8,2025-02-25 18:49:09.396226,2025-02-25 18:49:19.875315,10.479089
channel-122,668314,30342149,30342153,4,2025-02-25 18:49:15.585608,2025-02-25 18:49:20.924709,5.339101
channel-208,1490962,30342180,30342192,12,2025-02-25 18:49:54.288659,2025-02-25 18:50:09.094689,14.80603
channel-6994,1325856,30342204,30342218,14,2025-02-25 18:50:23.342878,2025-02-25 18:50:39.175851,15.832973
channel-1429,140792,30342205,30342217,12,2025-02-25 18:50:24.493404,2025-02-25 18:50:38.100481,13.607077
channel-2494,31982,30342213,30342227,14,2025-02-25 18:50:33.546435,2025-02-25 18:50:54.041428,20.494993
channel-85077,61004,30342218,30342226,8,2025-02-25 18:50:39.175851,2025-02-25 18:50:51.747832,12.571981
channel-0,4040001,30342227,30342233,6,2025-02-25 18:50:54.041428,2025-02-25 18:51:02.177142,8.135714
channel-2494,31983,30342231,30342239,8,2025-02-25 18:50:59.767040,2025-02-25 18:51:10.974480,11.20744
channel-85077,61005,30342250,30342263,13,2025-02-25 18:51:23.897372,2025-02-25 18:51:38.711988,14.814616
channel-115,20433,30342272,30342282,10,2025-02-25 18:51:49.964348,2025-02-25 18:52:05.788387,15.824039
channel-0,4040002,30342280,30342293,13,2025-02-25 18:52:00.188921,2025-02-25 18:52:19.563223,19.374302
channel-251,85275,30342281,30342294,13,2025-02-25 18:52:04.650687,2025-02-25 18:52:20.841207,16.19052
channel-783,104378,30342290,30342299,9,2025-02-25 18:52:16.034576,2025-02-25 18:52:26.291440,10.256864
channel-2494,31984,30342295,30342307,12,2025-02-25 18:52:21.883033,2025-02-25 18:52:38.558384,16.675351
channel-782,310281,30342296,30342300,4,2025-02-25 18:52:23.006559,2025-02-25 18:52:28.446170,5.439611
channel-208,1490963,30342305,30342314,9,2025-02-25 18:52:34.780188,2025-02-25 18:52:47.012753,12.232565
channel-85077,61006,30342307,30342317,10,2025-02-25 18:52:38.558384,2025-02-25 18:52:50.537866,11.979482
channel-72,516476,30342331,30342397,66,2025-02-25 18:53:07.435918,2025-02-25 18:54:31.331063,83.895145
channel-204,670857,30342340,30342347,7,2025-02-25 18:53:19.454147,2025-02-25 18:53:29.303458,9.849311
channel-85077,61007,30342353,30342362,9,2025-02-25 18:53:35.859018,2025-02-25 18:53:46.309313,10.450295
channel-2494,31985,30342355,30342365,10,2025-02-25 18:53:38.202518,2025-02-25 18:53:49.787350,11.584832
channel-143,128462,30342357,30342370,13,2025-02-25 18:53:40.651508,2025-02-25 18:53:56.158294,15.506786
channel-85077,61008,30342359,30342370,11,2025-02-25 18:53:42.856071,2025-02-25 18:53:56.158294,13.302223
channel-85077,61009,30342362,30342378,16,2025-02-25 18:53:46.309313,2025-02-25 18:54:07.039044,20.729731
channel-1,408639,30342363,30342372,9,2025-02-25 18:53:47.410585,2025-02-25 18:53:59.746847,12.336262
channel-522,40448,30342368,30342376,8,2025-02-25 18:53:53.640249,2025-02-25 18:54:04.711291,11.071042
channel-750,684540,30342370,30342392,22,2025-02-25 18:53:56.158294,2025-02-25 18:54:23.159999,27.001705
channel-6994,1325857,30342379,30342391,12,2025-02-25 18:54:08.160195,2025-02-25 18:54:22.032297,13.872102
channel-208,1490964,30342386,30342395,9,2025-02-25 18:54:16.377615,2025-02-25 18:54:29.138455,12.76084
channel-208,1490965,30342403,30342412,9,2025-02-25 18:54:39.827005,2025-02-25 18:54:51.922057,12.095052
channel-85077,61010,30342406,30342415,9,2025-02-25 18:54:43.249668,2025-02-25 18:54:56.438853,13.189185
channel-122,668315,30342411,30342414,3,2025-02-25 18:54:50.784061,2025-02-25 18:54:54.147695,3.363634
channel-6994,1325858,30342414,30342424,10,2025-02-25 18:54:54.147695,2025-02-25 18:55:07.921163,13.773468
channel-6994,1325859,30342415,30342424,9,2025-02-25 18:54:56.438853,2025-02-25 18:55:07.921163,11.48231
channel-199,132850,30342426,30342438,12,2025-02-25 18:55:10.417331,2025-02-25 18:55:24.411611,13.99428
channel-750,684541,30342432,30342450,18,2025-02-25 18:55:17.006599,2025-02-25 18:55:39.061557,22.054958
channel-6994,1325860,30342439,30342464,25,2025-02-25 18:55:25.577416,2025-02-25 18:55:58.048168,32.470752
channel-0,4040003,30342441,30342451,10,2025-02-25 18:55:27.724766,2025-02-25 18:55:41.647632,13.922866
channel-85077,61011,30342445,30342454,9,2025-02-25 18:55:33.300866,2025-02-25 18:55:44.833900,11.533034
channel-204,670858,30342474,30342482,8,2025-02-25 18:56:11.337874,2025-02-25 18:56:22.063401,10.725527
channel-750,684542,30342479,30342491,12,2025-02-25 18:56:18.822090,2025-02-25 18:56:35.743391,16.921301
channel-208,1490966,30342482,30342492,10,2025-02-25 18:56:22.063401,2025-02-25 18:56:37.021116,14.957715
channel-208,1490967,30342483,30342496,13,2025-02-25 18:56:26.514899,2025-02-25 18:56:41.805205,15.290306
channel-750,684543,30342500,30342523,23,2025-02-25 18:56:47.123047,2025-02-25 18:57:16.612795,29.489748
channel-1429,140793,30342503,30342525,22,2025-02-25 18:56:50.945126,2025-02-25 18:57:19.073136,28.12801
channel-874,293436,30342507,30342512,5,2025-02-25 18:56:55.952387,2025-02-25 18:57:01.455815,5.503428
channel-88,467209,30342507,30342520,13,2025-02-25 18:56:55.952387,2025-02-25 18:57:12.851850,16.899463
channel-1429,140794,30342508,30342519,11,2025-02-25 18:56:57.041159,2025-02-25 18:57:11.776880,14.735721
channel-1,408640,30342523,30342533,10,2025-02-25 18:57:16.612795,2025-02-25 18:57:29.753312,13.140517
channel-208,1490968,30342540,30342553,13,2025-02-25 18:57:37.801819,2025-02-25 18:57:54.605688,16.803869
channel-783,104379,30342550,30342558,8,2025-02-25 18:57:51.129292,2025-02-25 18:58:00.458474,9.329182
channel-750,684544,30342556,30342577,21,2025-02-25 18:57:58.021848,2025-02-25 18:58:24.881984,26.860136
channel-4,167069,30342570,30342585,15,2025-02-25 18:58:17.438367,2025-02-25 18:58:34.250157,16.81179
channel-85077,61012,30342585,30342597,12,2025-02-25 18:58:34.250157,2025-02-25 18:58:49.479740,15.229583
channel-85077,61013,30342589,30342600,11,2025-02-25 18:58:38.775473,2025-02-25 18:58:52.814038,14.038565
channel-75,845315,30342590,30342596,6,2025-02-25 18:58:39.955873,2025-02-25 18:58:48.343280,8.387407
channel-85077,61014,30342591,30342602,11,2025-02-25 18:58:41.130821,2025-02-25 18:58:54.976807,13.845986
channel-874,293437,30342592,30342608,16,2025-02-25 18:58:42.197337,2025-02-25 18:59:03.492031,21.294694
channel-750,684545,30342594,30342599,5,2025-02-25 18:58:45.419019,2025-02-25 18:58:51.690586,6.271567
channel-122,668316,30342594,30342598,4,2025-02-25 18:58:45.419019,2025-02-25 18:58:50.581598,5.162579
channel-47,198646,30342607,30342619,12,2025-02-25 18:59:01.199507,2025-02-25 18:59:17.400755,16.201248
channel-85077,61015,30342612,30342620,8,2025-02-25 18:59:08.313385,2025-02-25 18:59:18.681964,10.368579
channel-750,684546,30342616,30342640,24,2025-02-25 18:59:12.749332,2025-02-25 18:59:43.016129,30.266797
channel-0,4040004,30342617,30342630,13,2025-02-25 18:59:14.891236,2025-02-25 18:59:31.128023,16.236787
channel-6994,1325861,30342619,30342630,11,2025-02-25 18:59:17.400755,2025-02-25 18:59:31.128023,13.727268
channel-89321,19538,30342620,30342629,9,2025-02-25 18:59:18.681964,2025-02-25 18:59:29.925680,11.243716
channel-199,132851,30342630,30342643,13,2025-02-25 18:59:31.128023,2025-02-25 18:59:46.568734,15.440711
channel-19774,346158,30342638,30342648,10,2025-02-25 18:59:40.691863,2025-02-25 18:59:52.876883,12.18502
channel-75,845316,30342639,30342645,6,2025-02-25 18:59:41.888046,2025-02-25 18:59:49.276079,7.388033
channel-750,684547,30342643,30342657,14,2025-02-25 18:59:46.568734,2025-02-25 19:00:09.288786,22.720052
channel-199,132852,30342648,30342652,4,2025-02-25 18:59:52.876883,2025-02-25 19:00:02.523801,9.646918
channel-85077,61016,30342650,30342659,9,2025-02-25 18:59:55.162981,2025-02-25 19:00:12.782491,17.61951
channel-204,670859,30342650,30342656,6,2025-02-25 18:59:55.162981,2025-02-25 19:00:08.179114,13.016133
channel-750,684548,30342650,30342654,4,2025-02-25 18:59:55.162981,2025-02-25 19:00:05.950143,10.787162
channel-19774,346159,30342654,30342662,8,2025-02-25 19:00:05.950143,2025-02-25 19:00:18.525255,12.575112
channel-750,684549,30342656,30342668,12,2025-02-25 19:00:08.179114,2025-02-25 19:00:25.225319,17.046205
channel-750,684550,30342660,30342687,27,2025-02-25 19:00:13.881147,2025-02-25 19:00:50.765096,36.883949
channel-750,684551,30342661,30342666,5,2025-02-25 19:00:16.160275,2025-02-25 19:00:22.956691,6.796416
channel-6994,1325862,30342662,30342674,12,2025-02-25 19:00:18.525255,2025-02-25 19:00:32.259207,13.733952
channel-750,684552,30342662,30342674,12,2025-02-25 19:00:18.525255,2025-02-25 19:00:32.259207,13.733952
channel-0,4040005,30342667,30342691,24,2025-02-25 19:00:24.115504,2025-02-25 19:00:55.610902,31.495398
channel-6994,1325863,30342670,30342679,9,2025-02-25 19:00:27.582291,2025-02-25 19:00:38.144765,10.562474
channel-6787,166797,30342671,30342676,5,2025-02-25 19:00:28.760808,2025-02-25 19:00:34.625861,5.865053
channel-874,293438,30342671,30342688,17,2025-02-25 19:00:28.760808,2025-02-25 19:00:52.006533,23.245725
channel-0,4040006,30342673,30342682,9,2025-02-25 19:00:31.125488,2025-02-25 19:00:44.136561,13.011073
channel-208,1490969,30342681,30342691,10,2025-02-25 19:00:42.553106,2025-02-25 19:00:55.610902,13.057796
channel-0,4040007,30342681,30342691,10,2025-02-25 19:00:42.553106,2025-02-25 19:00:55.610902,13.057796
channel-6994,1325864,30342689,30342697,8,2025-02-25 19:00:53.247835,2025-02-25 19:01:06.500004,13.252169
channel-750,684553,30342691,30342695,4,2025-02-25 19:00:55.610902,2025-02-25 19:01:04.229104,8.618202
channel-19774,346160,30342691,30342701,10,2025-02-25 19:00:55.610902,2025-02-25 19:01:11.137443,15.526541
channel-73755,5857,30342692,30342700,8,2025-02-25 19:01:00.038171,2025-02-25 19:01:10.048577,10.010406
channel-750,684554,30342696,30342719,23,2025-02-25 19:01:05.403763,2025-02-25 19:01:35.483100,30.079337
channel-783,104380,30342703,30342711,8,2025-02-25 19:01:13.328656,2025-02-25 19:01:24.878527,11.549871
channel-750,684555,30342703,30342708,5,2025-02-25 19:01:13.328656,2025-02-25 19:01:20.327664,6.999008
channel-326,538424,30342704,30342708,4,2025-02-25 19:01:14.717415,2025-02-25 19:01:20.327664,5.610249
channel-91017,2919,30342710,30342720,10,2025-02-25 19:01:23.736736,2025-02-25 19:01:36.591172,12.854436
channel-750,684556,30342714,30342718,4,2025-02-25 19:01:28.340508,2025-02-25 19:01:33.382432,5.041924
channel-6994,1325865,30342715,30342725,10,2025-02-25 19:01:29.914518,2025-02-25 19:01:42.366226,12.451708
channel-6994,1325866,30342722,30342733,11,2025-02-25 19:01:38.974010,2025-02-25 19:01:53.004710,14.0307
channel-88,467210,30342724,30342737,13,2025-02-25 19:01:41.171057,2025-02-25 19:01:57.862985,16.691928
channel-783,104381,30342724,30342730,6,2025-02-25 19:01:41.171057,2025-02-25 19:01:48.665459,7.494402
channel-89298,18740,30342728,30342740,12,2025-02-25 19:01:46.455006,2025-02-25 19:02:01.192702,14.737696
channel-2,130687,30342735,30342749,14,2025-02-25 19:01:55.588457,2025-02-25 19:02:12.456240,16.867783
channel-89321,19539,30342741,30342748,7,2025-02-25 19:02:02.226203,2025-02-25 19:02:11.410088,9.183885
channel-88,467211,30342749,30342774,25,2025-02-25 19:02:12.456240,2025-02-25 19:02:44.705736,32.249496
channel-6994,1325867,30342752,30342763,11,2025-02-25 19:02:15.919009,2025-02-25 19:02:30.567630,14.648621
channel-750,684557,30342755,30342776,21,2025-02-25 19:02:19.493454,2025-02-25 19:02:47.036332,27.542878
channel-6994,1325868,30342764,30342773,9,2025-02-25 19:02:32.820745,2025-02-25 19:02:43.642615,10.82187
channel-0,4040008,30342768,30342778,10,2025-02-25 19:02:37.256767,2025-02-25 19:02:49.210594,11.953827
channel-122,668317,30342771,30342775,4,2025-02-25 19:02:40.800643,2025-02-25 19:02:45.844339,5.043696
channel-2188,43874,30342772,30342778,6,2025-02-25 19:02:42.012684,2025-02-25 19:02:49.210594,7.19791
channel-6994,1325869,30342778,30342788,10,2025-02-25 19:02:49.210594,2025-02-25 19:03:01.436465,12.225871
channel-750,684558,30342783,30342788,5,2025-02-25 19:02:54.774807,2025-02-25 19:03:01.436465,6.661658
channel-750,684559,30342785,30342799,14,,2025-02-25 19:03:14.801115,
channel-2188,43875,30342788,30342792,4,2025-02-25 19:03:01.436465,2025-02-25 19:03:05.920182,4.483717
channel-0,4040009,30342789,30342796,7,2025-02-25 19:03:02.550017,2025-02-25 19:03:11.393209,8.843192
channel-750,684560,30342791,30342805,14,2025-02-25 19:03:04.744110,2025-02-25 19:03:21.937842,17.193732
channel-750,684561,30342793,30342805,12,2025-02-25 19:03:07.169570,2025-02-25 19:03:21.937842,14.768272
channel-122,668318,30342796,30342799,3,2025-02-25 19:03:11.393209,2025-02-25 19:03:14.801115,3.407906
channel-783,104382,30342799,30342805,6,2025-02-25 19:03:14.801115,2025-02-25 19:03:21.937842,7.136727
channel-750,684562,30342804,30342822,18,2025-02-25 19:03:20.873913,2025-02-25 19:03:42.773335,21.899422
channel-6994,1325870,30342810,30342821,11,2025-02-25 19:03:28.808954,2025-02-25 19:03:41.602287,12.793333
channel-0,4040010,30342810,30342824,14,2025-02-25 19:03:28.808954,2025-02-25 19:03:45.123999,16.315045
channel-750,684563,30342811,30342824,13,2025-02-25 19:03:29.920334,2025-02-25 19:03:45.123999,15.203665
channel-750,684564,30342818,30342839,21,2025-02-25 19:03:38.214345,2025-02-25 19:04:08.362794,30.148449
channel-0,4040011,30342819,30342827,8,2025-02-25 19:03:39.372907,2025-02-25 19:03:49.220647,9.84774
channel-750,684565,30342822,30342834,12,2025-02-25 19:03:42.773335,2025-02-25 19:04:01.606321,18.832986
channel-0,4040012,30342830,30342840,10,2025-02-25 19:03:56.792544,2025-02-25 19:04:10.412324,13.61978
channel-6994,1325871,30342830,30342840,10,2025-02-25 19:03:56.792544,2025-02-25 19:04:10.412324,13.61978
channel-750,684566,30342832,30342836,4,2025-02-25 19:03:59.142694,2025-02-25 19:04:04.946515,5.803821
channel-85077,61017,30342840,30342850,10,2025-02-25 19:04:10.412324,2025-02-25 19:04:22.014116,11.601792
channel-98451,59,30342841,30342857,16,2025-02-25 19:04:11.569868,2025-02-25 19:04:32.440217,20.870349
channel-750,684567,30342842,30342847,5,2025-02-25 19:04:12.588776,2025-02-25 19:04:18.620348,6.031572
channel-750,684568,30342846,30342861,15,2025-02-25 19:04:17.502219,2025-02-25 19:04:41.568303,24.066084
channel-750,684569,30342850,30342858,8,2025-02-25 19:04:22.014116,2025-02-25 19:04:33.575164,11.561048
channel-98451,60,30342851,30342859,8,2025-02-25 19:04:23.088076,2025-02-25 19:04:39.136516,16.04844
channel-6994,1325872,30342852,30342860,8,2025-02-25 19:04:24.256914,2025-02-25 19:04:40.392204,16.13529
channel-750,684570,30342853,30342865,12,2025-02-25 19:04:26.848461,2025-02-25 19:04:47.430961,20.5825
channel-750,684571,30342853,30342858,5,2025-02-25 19:04:26.848461,2025-02-25 19:04:33.575164,6.726703
channel-750,684572,30342854,30342864,10,2025-02-25 19:04:27.973862,2025-02-25 19:04:45.226875,17.253013
channel-6994,1325873,30342854,30342861,7,2025-02-25 19:04:27.973862,2025-02-25 19:04:41.568303,13.594441
channel-0,4040013,30342855,30342880,25,2025-02-25 19:04:29.137859,2025-02-25 19:05:04.305341,35.167482
channel-259,314462,30342858,30342863,5,2025-02-25 19:04:33.575164,2025-02-25 19:04:43.880682,10.305518
channel-6994,1325874,30342858,30342869,11,2025-02-25 19:04:33.575164,2025-02-25 19:04:52.049173,18.474009
channel-6994,1325875,30342859,30342869,10,2025-02-25 19:04:39.136516,2025-02-25 19:04:52.049173,12.912657
channel-750,684573,30342864,30342876,12,2025-02-25 19:04:45.226875,2025-02-25 19:04:59.965598,14.738723
channel-89321,19540,30342866,30342877,11,2025-02-25 19:04:48.606567,2025-02-25 19:05:01.097666,12.491099
channel-1,408641,30342867,30342889,22,2025-02-25 19:04:49.798006,2025-02-25 19:05:14.927574,25.129568
channel-208,1490970,30342868,30342880,12,2025-02-25 19:04:50.902976,2025-02-25 19:05:04.305341,13.402365
channel-750,684574,30342869,30342885,16,2025-02-25 19:04:52.049173,2025-02-25 19:05:10.316445,18.267272
channel-6994,1325876,30342869,30342879,10,2025-02-25 19:04:52.049173,2025-02-25 19:05:03.260948,11.211775
channel-750,684575,30342876,30342890,14,2025-02-25 19:04:59.965598,2025-02-25 19:05:16.036854,16.071256
channel-750,684576,30342879,30342902,23,2025-02-25 19:05:03.260948,2025-02-25 19:05:31.635181,28.374233
channel-750,684577,30342880,30342891,11,2025-02-25 19:05:04.305341,2025-02-25 19:05:18.001267,13.695926
channel-6994,1325877,30342884,30342893,9,2025-02-25 19:05:09.303438,2025-02-25 19:05:20.258912,10.955474
channel-783,104383,30342885,30342892,7,2025-02-25 19:05:10.316445,2025-02-25 19:05:19.134049,8.817604
channel-750,684578,30342888,30342895,7,2025-02-25 19:05:13.838642,2025-02-25 19:05:22.608954,8.770312
channel-6994,1325878,30342888,30342898,10,2025-02-25 19:05:13.838642,2025-02-25 19:05:25.871084,12.032442
channel-750,684579,30342892,30342903,11,2025-02-25 19:05:19.134049,2025-02-25 19:05:35.974293,16.840244
channel-208,1490971,30342893,30342902,9,2025-02-25 19:05:20.258912,2025-02-25 19:05:31.635181,11.376269
channel-208,1490972,30342894,30342902,8,2025-02-25 19:05:21.372964,2025-02-25 19:05:31.635181,10.262217
channel-6994,1325879,30342895,30342903,8,2025-02-25 19:05:22.608954,2025-02-25 19:05:35.974293,13.365339
channel-750,684580,30342901,30342906,5,2025-02-25 19:05:30.425298,2025-02-25 19:05:39.702817,9.277519
channel-1,408642,30342902,30342910,8,2025-02-25 19:05:31.635181,2025-02-25 19:05:45.206501,13.57132
channel-750,684581,30342908,30342921,13,2025-02-25 19:05:42.857150,2025-02-25 19:06:00.334709,17.477559
channel-0,4040014,30342908,30342917,9,2025-02-25 19:05:42.857150,2025-02-25 19:05:55.806625,12.949475
channel-88,467212,30342908,30342932,24,2025-02-25 19:05:42.857150,2025-02-25 19:06:13.582222,30.725072
channel-750,684582,30342909,30342918,9,2025-02-25 19:05:44.093393,2025-02-25 19:05:57.104361,13.010968
channel-229,55049,30342913,30342923,10,2025-02-25 19:05:49.804909,2025-02-25 19:06:02.651876,12.846967
channel-208,1490973,30342914,30342928,14,2025-02-25 19:05:52.435450,2025-02-25 19:06:09.107490,16.67204
channel-750,684583,30342923,30342937,14,2025-02-25 19:06:02.651876,2025-02-25 19:06:19.210722,16.558846
channel-89298,18741,30342924,30342933,9,2025-02-25 19:06:03.803182,2025-02-25 19:06:14.758019,10.954837
channel-750,684584,30342928,30342939,11,2025-02-25 19:06:09.107490,2025-02-25 19:06:21.340016,12.232526
channel-1429,140795,30342931,30342940,9,2025-02-25 19:06:12.457897,2025-02-25 19:06:22.500875,10.042978
channel-6994,1325880,30342935,30342946,11,2025-02-25 19:06:17.118051,2025-02-25 19:06:30.512918,13.394867
channel-326,538425,30342941,30342946,5,2025-02-25 19:06:23.665977,2025-02-25 19:06:30.512918,6.846941
channel-89298,18742,30342946,30342958,12,2025-02-25 19:06:30.512918,2025-02-25 19:06:48.184601,17.671683
channel-98451,61,30342948,30342967,19,2025-02-25 19:06:35.360903,2025-02-25 19:06:59.645265,24.284362
channel-750,684585,30342949,30342971,22,2025-02-25 19:06:36.393640,2025-02-25 19:07:05.260244,28.866604
channel-750,684586,30342954,30342959,5,2025-02-25 19:06:43.371844,2025-02-25 19:06:49.261427,5.889583
channel-0,4040015,30342955,30342967,12,2025-02-25 19:06:45.013740,2025-02-25 19:06:59.645265,14.631525
channel-204,670860,30342965,30342971,6,2025-02-25 19:06:56.391464,2025-02-25 19:07:05.260244,8.86878
channel-6994,1325881,30342967,30342976,9,2025-02-25 19:06:59.645265,2025-02-25 19:07:10.960222,11.314957
channel-750,684587,30342974,30342979,5,2025-02-25 19:07:08.676802,2025-02-25 19:07:14.662282,5.98548
channel-0,4040016,30342977,30342987,10,2025-02-25 19:07:12.336974,2025-02-25 19:07:24.481161,12.144187
channel-75,845317,30342979,30342986,7,2025-02-25 19:07:14.662282,2025-02-25 19:07:23.003753,8.341471
channel-85791,3780,30342979,30342987,8,2025-02-25 19:07:14.662282,2025-02-25 19:07:24.481161,9.818879
channel-85077,61018,30342985,30342991,6,2025-02-25 19:07:21.830225,2025-02-25 19:07:33.400202,11.569977
channel-184,137454,30342987,30342997,10,2025-02-25 19:07:24.481161,2025-02-25 19:07:43.068034,18.586873
channel-143,128463,30342987,30342996,9,2025-02-25 19:07:24.481161,2025-02-25 19:07:41.917734,17.436573
channel-326,538426,30342987,30342995,8,2025-02-25 19:07:24.481161,2025-02-25 19:07:39.203141,14.72198
channel-750,684588,30342987,30342993,6,2025-02-25 19:07:24.481161,2025-02-25 19:07:35.639386,11.158225
channel-750,684589,30342987,30343001,14,2025-02-25 19:07:24.481161,2025-02-25 19:07:47.852188,23.371027
channel-6994,1325882,30342991,30342998,7,2025-02-25 19:07:33.400202,2025-02-25 19:07:44.262333,10.862131
channel-89321,19541,30342991,30343002,11,2025-02-25 19:07:33.400202,2025-02-25 19:07:49.144516,15.744314
channel-1429,140796,30342992,30343002,10,2025-02-25 19:07:34.479267,2025-02-25 19:07:49.144516,14.665249
channel-88,467213,30342992,30343019,27,2025-02-25 19:07:34.479267,2025-02-25 19:08:09.790021,35.310754
channel-750,684590,30342998,30343009,11,2025-02-25 19:07:44.262333,2025-02-25 19:07:56.938268,12.675935
channel-750,684591,30343007,30343028,21,2025-02-25 19:07:54.780286,2025-02-25 19:08:20.324888,25.544602
channel-6994,1325883,30343007,30343022,15,2025-02-25 19:07:54.780286,2025-02-25 19:08:13.796699,19.016413
channel-88,467214,30343008,30343042,34,2025-02-25 19:07:55.815686,2025-02-25 19:08:38.321311,42.505625
channel-75,845318,30343009,30343017,8,2025-02-25 19:07:56.938268,2025-02-25 19:08:07.572809,10.634541
channel-6994,1325884,30343012,30343034,22,2025-02-25 19:08:01.315914,2025-02-25 19:08:28.183101,26.867187
channel-874,293439,30343014,30343041,27,2025-02-25 19:08:04.107406,2025-02-25 19:08:37.221590,33.114184
channel-783,104384,30343016,30343024,8,2025-02-25 19:08:06.503473,2025-02-25 19:08:16.021419,9.517946
channel-750,684592,30343026,30343030,4,2025-02-25 19:08:18.201045,2025-02-25 19:08:23.652547,5.451502
channel-750,684593,30343028,30343040,12,2025-02-25 19:08:20.324888,2025-02-25 19:08:36.179544,15.854656
channel-0,4040017,30343028,30343053,25,2025-02-25 19:08:20.324888,2025-02-25 19:08:52.269742,31.944854
channel-42,1490081,30343042,30343052,10,2025-02-25 19:08:38.321311,2025-02-25 19:08:51.131718,12.810407
channel-326,538427,30343052,30343057,5,2025-02-25 19:08:51.131718,2025-02-25 19:08:58.737801,7.606083
channel-750,684594,30343053,30343058,5,2025-02-25 19:08:52.269742,2025-02-25 19:08:59.860544,7.590802
channel-750,684595,30343055,30343073,18,2025-02-25 19:08:55.540878,2025-02-25 19:09:16.985098,21.44422
channel-6787,166798,30343062,30343067,5,2025-02-25 19:09:04.453558,2025-02-25 19:09:10.070479,5.616921
channel-750,684596,30343071,30343090,19,2025-02-25 19:09:14.649788,2025-02-25 19:09:42.677291,28.027503
channel-89321,19542,30343089,30343112,23,2025-02-25 19:09:40.928969,2025-02-25 19:10:10.173074,29.244105
channel-750,684597,30343097,30343101,4,2025-02-25 19:09:52.934641,2025-02-25 19:09:57.433864,4.499223
channel-750,684598,30343104,30343115,11,2025-02-25 19:10:00.561127,2025-02-25 19:10:13.468351,12.907224
channel-782,310282,30343109,30343115,6,2025-02-25 19:10:06.780555,2025-02-25 19:10:13.468351,6.687796
channel-6994,1325885,30343117,30343129,12,2025-02-25 19:10:19.158644,2025-02-25 19:10:34.392336,15.233692
channel-6994,1325886,30343120,30343129,9,2025-02-25 19:10:22.544323,2025-02-25 19:10:34.392336,11.848013
channel-75,845319,30343122,30343130,8,2025-02-25 19:10:25.325716,2025-02-25 19:10:35.468068,10.142352
channel-326,538428,30343122,30343128,6,2025-02-25 19:10:25.325716,2025-02-25 19:10:32.998908,7.673192
channel-0,4040018,30343124,30343136,12,2025-02-25 19:10:28.399762,2025-02-25 19:10:43.638002,15.23824
channel-97998,60,30343126,30343131,5,2025-02-25 19:10:30.552724,2025-02-25 19:10:36.559318,6.006594
channel-412,64653,30343142,30343165,23,2025-02-25 19:10:51.374694,2025-02-25 19:11:21.468245,30.093551
channel-750,684599,30343143,30343147,4,2025-02-25 19:10:52.550567,2025-02-25 19:10:57.000220,4.449653
channel-0,4040019,30343144,30343154,10,2025-02-25 19:10:53.677666,2025-02-25 19:11:07.008837,13.331171
channel-750,684600,30343149,30343180,31,2025-02-25 19:10:59.518899,2025-02-25 19:11:41.331771,41.812872
channel-874,293440,30343150,30343158,8,2025-02-25 19:11:00.616527,2025-02-25 19:11:12.560315,11.943788
channel-326,538429,30343150,30343155,5,2025-02-25 19:11:00.616527,2025-02-25 19:11:09.096316,8.479789
channel-750,684601,30343154,30343193,39,2025-02-25 19:11:07.008837,2025-02-25 19:11:58.509125,51.500288
channel-1,408643,30343156,30343166,10,2025-02-25 19:11:10.286470,2025-02-25 19:11:23.715598,13.429128
channel-750,684602,30343160,30343165,5,2025-02-25 19:11:14.782714,2025-02-25 19:11:21.468245,6.685531
channel-6994,1325887,30343160,30343169,9,2025-02-25 19:11:14.782714,2025-02-25 19:11:27.046336,12.263622
channel-750,684603,30343164,30343169,5,2025-02-25 19:11:20.351585,2025-02-25 19:11:27.046336,6.694751
channel-326,538430,30343164,30343169,5,2025-02-25 19:11:20.351585,2025-02-25 19:11:27.046336,6.694751
channel-0,4040020,30343175,30343187,12,2025-02-25 19:11:35.705402,2025-02-25 19:11:49.949729,14.244327
channel-750,684604,30343177,30343182,5,2025-02-25 19:11:37.964999,2025-02-25 19:11:43.748835,5.783836
channel-6994,1325888,30343183,30343212,29,2025-02-25 19:11:45.439252,2025-02-25 19:12:21.296689,35.857437
channel-94814,3796,30343183,30343199,16,2025-02-25 19:11:45.439252,2025-02-25 19:12:06.399285,20.960033
channel-326,538431,30343192,30343205,13,2025-02-25 19:11:57.421630,2025-02-25 19:12:13.136789,15.715159
channel-874,293441,30343196,30343202,6,2025-02-25 19:12:02.900978,2025-02-25 19:12:09.794175,6.893197
channel-6994,1325889,30343198,30343212,14,2025-02-25 19:12:05.202576,2025-02-25 19:12:21.296689,16.094113
channel-750,684605,30343201,30343206,5,2025-02-25 19:12:08.667963,2025-02-25 19:12:14.238856,5.570893
channel-72,516477,30343205,30343242,37,2025-02-25 19:12:13.136789,2025-02-25 19:12:59.068511,45.931722
channel-750,684606,30343206,30343228,22,2025-02-25 19:12:14.238856,2025-02-25 19:12:41.673748,27.434892
channel-750,684607,30343215,30343221,6,2025-02-25 19:12:25.703704,2025-02-25 19:12:33.379579,7.675875
channel-204,670861,30343222,30343229,7,2025-02-25 19:12:35.060969,2025-02-25 19:12:42.899875,7.838906
channel-208,1490974,30343225,30343238,13,2025-02-25 19:12:38.452847,2025-02-25 19:12:53.075100,14.622253
channel-750,684608,30343228,30343233,5,2025-02-25 19:12:41.673748,2025-02-25 19:12:47.463852,5.790104
channel-750,684609,30343237,30343243,6,2025-02-25 19:12:51.936859,2025-02-25 19:13:00.201911,8.265052
channel-6994,1325890,30343240,30343262,22,2025-02-25 19:12:56.697402,2025-02-25 19:13:24.925403,28.228001
channel-6994,1325891,30343240,30343262,22,2025-02-25 19:12:56.697402,2025-02-25 19:13:24.925403,28.228001
channel-0,4040021,30343241,30343251,10,2025-02-25 19:12:57.776207,2025-02-25 19:13:09.468297,11.69209
channel-229,55050,30343248,30343258,10,2025-02-25 19:13:05.937798,2025-02-25 19:13:19.924287,13.986489
channel-85077,61019,30343255,30343267,12,2025-02-25 19:13:16.427106,2025-02-25 19:13:31.752615,15.325509
channel-750,684610,30343261,30343275,14,2025-02-25 19:13:23.675456,2025-02-25 19:13:40.509179,16.833723
channel-85077,61020,30343265,30343277,12,2025-02-25 19:13:29.566254,2025-02-25 19:13:43.208486,13.642232
channel-89321,19543,30343272,30343279,7,2025-02-25 19:13:37.270818,2025-02-25 19:13:46.473799,9.202981
channel-750,684611,30343273,30343298,25,2025-02-25 19:13:38.355809,2025-02-25 19:14:11.690525,33.334716
channel-0,4040022,30343273,30343283,10,2025-02-25 19:13:38.355809,2025-02-25 19:13:52.472628,14.116819
channel-6994,1325892,30343282,30343292,10,2025-02-25 19:13:50.174443,2025-02-25 19:14:04.538501,14.364058
channel-208,1490975,30343288,30343297,9,2025-02-25 19:13:58.861072,2025-02-25 19:14:10.652116,11.791044
channel-0,4040023,30343292,30343302,10,2025-02-25 19:14:04.538501,2025-02-25 19:14:16.283280,11.744779
channel-0,4040024,30343294,30343307,13,2025-02-25 19:14:07.236275,2025-02-25 19:14:22.208787,14.972512
channel-874,293442,30343305,30343310,5,2025-02-25 19:14:19.698946,2025-02-25 19:14:25.575455,5.876509
channel-4,167070,30343306,30343316,10,2025-02-25 19:14:20.828680,2025-02-25 19:14:35.837696,15.009016
channel-0,4040025,30343307,30343315,8,2025-02-25 19:14:22.208787,2025-02-25 19:14:34.618366,12.409579
channel-85077,61021,30343309,30343319,10,2025-02-25 19:14:24.403857,2025-02-25 19:14:39.851143,15.447286
channel-19774,346161,30343312,30343321,9,2025-02-25 19:14:31.207817,2025-02-25 19:14:42.280668,11.072851
channel-326,538432,30343319,30343325,6,2025-02-25 19:14:39.851143,2025-02-25 19:14:47.886197,8.035054
channel-208,1490976,30343322,30343332,10,2025-02-25 19:14:43.446778,2025-02-25 19:14:56.009473,12.562695
channel-0,4040026,30343329,30343338,9,2025-02-25 19:14:52.381088,2025-02-25 19:15:03.994050,11.612962
channel-750,684612,30343345,30343349,4,2025-02-25 19:15:17.098925,2025-02-25 19:15:22.566523,5.467598
channel-199,132853,30343348,30343376,28,2025-02-25 19:15:20.356176,2025-02-25 19:15:55.339827,34.983651
channel-522,40449,30343358,30343370,12,2025-02-25 19:15:33.416246,2025-02-25 19:15:47.133037,13.716791
channel-208,1490977,30343359,30343370,11,2025-02-25 19:15:34.523446,2025-02-25 19:15:47.133037,12.609591
channel-783,104385,30343365,30343543,178,2025-02-25 19:15:41.217730,2025-02-25 19:19:34.714526,233.496796
channel-208,1490978,30343370,30343378,8,2025-02-25 19:15:47.133037,2025-02-25 19:15:58.656377,11.52334
channel-1424,7360,30343375,30343384,9,2025-02-25 19:15:54.107058,2025-02-25 19:16:07.297230,13.190172
channel-6994,1325893,30343375,30343388,13,2025-02-25 19:15:54.107058,2025-02-25 19:16:13.091233,18.984175
channel-6994,1325894,30343381,30343402,21,2025-02-25 19:16:03.408841,2025-02-25 19:16:30.342212,26.933371
channel-874,293443,30343381,30343389,8,2025-02-25 19:16:03.408841,2025-02-25 19:16:14.281613,10.872772
channel-216,94296,30343389,30343459,70,2025-02-25 19:16:14.281613,2025-02-25 19:17:43.160602,88.878989
channel-208,1490979,30343396,30343404,8,2025-02-25 19:16:22.517358,2025-02-25 19:16:33.712050,11.194692
channel-89321,19544,30343396,30343406,10,2025-02-25 19:16:22.517358,2025-02-25 19:16:35.888766,13.371408
channel-0,4040027,30343400,30343410,10,2025-02-25 19:16:27.058239,2025-02-25 19:16:40.258614,13.200375
channel-6994,1325895,30343412,30343425,13,2025-02-25 19:16:42.472321,2025-02-25 19:16:58.193639,15.721318
channel-0,4040028,30343412,30343425,13,2025-02-25 19:16:42.472321,2025-02-25 19:16:58.193639,15.721318
channel-1424,7361,30343413,30343425,12,2025-02-25 19:16:43.525580,2025-02-25 19:16:58.193639,14.668059
channel-216,94297,30343415,30343483,68,2025-02-25 19:16:45.879286,2025-02-25 19:18:15.583138,89.703852
channel-6994,1325896,30343420,30343445,25,2025-02-25 19:16:52.471856,2025-02-25 19:17:26.312930,33.841074
channel-208,1490980,30343421,30343431,10,2025-02-25 19:16:53.555943,2025-02-25 19:17:07.834283,14.27834
channel-750,684613,30343424,30343428,4,2025-02-25 19:16:57.010859,2025-02-25 19:17:01.608560,4.597701
channel-208,1490981,30343431,30343441,10,2025-02-25 19:17:07.834283,2025-02-25 19:17:21.006835,13.172552
channel-208,1490982,30343431,30343441,10,2025-02-25 19:17:07.834283,2025-02-25 19:17:21.006835,13.172552
channel-5,184356,30343439,30343449,10,2025-02-25 19:17:18.564046,2025-02-25 19:17:30.836239,12.272193
channel-1424,7362,30343441,30343450,9,2025-02-25 19:17:21.006835,2025-02-25 19:17:32.602720,11.595885
channel-42,1490082,30343460,30343467,7,2025-02-25 19:17:44.373143,2025-02-25 19:17:53.218771,8.845628
channel-208,1490983,30343460,30343469,9,2025-02-25 19:17:44.373143,2025-02-25 19:17:55.544663,11.17152
channel-6994,1325897,30343460,30343472,12,2025-02-25 19:17:44.373143,2025-02-25 19:17:59.130182,14.757039
channel-208,1490984,30343465,30343474,9,2025-02-25 19:17:49.915864,2025-02-25 19:18:01.490464,11.5746
channel-0,4040029,30343467,30343478,11,2025-02-25 19:17:53.218771,2025-02-25 19:18:08.349507,15.130736
channel-75,845320,30343476,30343493,17,2025-02-25 19:18:03.838923,2025-02-25 19:18:28.225817,24.386894
channel-6994,1325898,30343481,30343493,12,2025-02-25 19:18:12.815854,2025-02-25 19:18:28.225817,15.409963
channel-184,137455,30343483,30343497,14,2025-02-25 19:18:15.583138,2025-02-25 19:18:32.720448,17.13731
channel-75,845321,30343497,30343515,18,2025-02-25 19:18:32.720448,2025-02-25 19:18:56.574321,23.853873
channel-122,668319,30343497,30343510,13,2025-02-25 19:18:32.720448,2025-02-25 19:18:49.348982,16.628534
channel-208,1490985,30343508,30343518,10,2025-02-25 19:18:45.912506,2025-02-25 19:19:00.539025,14.626519
channel-6994,1325899,30343509,30343520,11,2025-02-25 19:18:47.184135,2025-02-25 19:19:02.774662,15.590527
channel-208,1490986,30343514,30343523,9,2025-02-25 19:18:53.900814,2025-02-25 19:19:06.305223,12.404409
channel-326,538433,30343520,30343524,4,2025-02-25 19:19:02.774662,2025-02-25 19:19:07.367103,4.592441
channel-208,1490987,30343528,30343539,11,2025-02-25 19:19:16.188466,2025-02-25 19:19:30.229520,14.041054
channel-6994,1325900,30343539,30343550,11,2025-02-25 19:19:30.229520,2025-02-25 19:19:43.071415,12.841895
channel-6787,166799,30343552,30343558,6,2025-02-25 19:19:45.448187,2025-02-25 19:19:52.464651,7.016464
channel-188,190599,30343553,30343571,18,2025-02-25 19:19:46.818344,2025-02-25 19:20:07.009155,20.190811
channel-326,538434,30343556,30343578,22,2025-02-25 19:19:50.240380,2025-02-25 19:20:16.074875,25.834495
channel-326,538435,30343556,30343578,22,2025-02-25 19:19:50.240380,2025-02-25 19:20:16.074875,25.834495
channel-326,538436,30343556,30343578,22,2025-02-25 19:19:50.240380,2025-02-25 19:20:16.074875,25.834495
channel-326,538437,30343556,30343578,22,2025-02-25 19:19:50.240380,2025-02-25 19:20:16.074875,25.834495
channel-326,538438,30343556,30343578,22,2025-02-25 19:19:50.240380,2025-02-25 19:20:16.074875,25.834495
channel-326,538439,30343556,30343578,22,2025-02-25 19:19:50.240380,2025-02-25 19:20:16.074875,25.834495
channel-750,684614,30343556,30343573,17,2025-02-25 19:19:50.240380,2025-02-25 19:20:09.449203,19.208823
channel-326,538440,30343556,30343578,22,2025-02-25 19:19:50.240380,2025-02-25 19:20:16.074875,25.834495
channel-750,684615,30343560,30343571,11,2025-02-25 19:19:54.611911,2025-02-25 19:20:07.009155,12.397244
channel-199,132854,30343560,30343588,28,2025-02-25 19:19:54.611911,2025-02-25 19:20:29.684792,35.072881
channel-6994,1325901,30343562,30343574,12,2025-02-25 19:19:56.831632,2025-02-25 19:20:10.588954,13.757322
channel-6994,1325902,30343569,30343578,9,2025-02-25 19:20:04.828823,2025-02-25 19:20:16.074875,11.246052
channel-1429,140797,30343571,30343584,13,2025-02-25 19:20:07.009155,2025-02-25 19:20:24.264196,17.255041
channel-208,1490988,30343575,30343587,12,2025-02-25 19:20:11.684708,2025-02-25 19:20:27.547532,15.862824
channel-750,684616,30343580,30343589,9,2025-02-25 19:20:18.228380,2025-02-25 19:20:30.777709,12.549329
channel-750,684617,30343583,30343595,12,2025-02-25 19:20:22.104196,2025-02-25 19:20:38.776279,16.672083
channel-169,117530,30343583,30343595,12,2025-02-25 19:20:22.104196,2025-02-25 19:20:38.776279,16.672083
channel-750,684618,30343584,30343594,10,2025-02-25 19:20:24.264196,2025-02-25 19:20:37.661203,13.397007
channel-326,538441,30343585,30343590,5,2025-02-25 19:20:25.332616,2025-02-25 19:20:31.934354,6.601738
channel-38946,124299,30343589,30343600,11,2025-02-25 19:20:30.777709,2025-02-25 19:20:44.721579,13.94387
channel-85077,61022,30343598,30343606,8,2025-02-25 19:20:42.385471,2025-02-25 19:20:55.723650,13.338179
channel-750,684619,30343603,30343608,5,2025-02-25 19:20:48.162981,2025-02-25 19:20:58.300696,10.137715
channel-2,130688,30343603,30343616,13,2025-02-25 19:20:48.162981,2025-02-25 19:21:08.379830,20.216849
channel-38946,124300,30343605,30358104,14499,2025-02-25 19:20:54.562536,2025-02-26 00:33:09.552262,18734.989726
channel-750,684620,30343606,30343612,6,2025-02-25 19:20:55.723650,2025-02-25 19:21:02.733324,7.009674
channel-5,184357,30343614,30343624,10,2025-02-25 19:21:05.762518,2025-02-25 19:21:19.908655,14.146137
channel-38946,124301,30343617,30348628,5011,2025-02-25 19:21:09.641501,2025-02-25 21:09:44.737424,6515.095923
channel-144,86703,30343622,30343632,10,2025-02-25 19:21:16.354407,2025-02-25 19:21:29.803695,13.449288
channel-38946,124302,30343625,30348631,5006,2025-02-25 19:21:21.072590,2025-02-25 21:09:48.381300,6507.30871
channel-750,684621,30343625,30343630,5,2025-02-25 19:21:21.072590,2025-02-25 19:21:26.311913,5.239323
channel-38946,124303,30343630,30348644,5014,2025-02-25 19:21:26.311913,2025-02-25 21:10:05.039025,6518.727112
channel-75,845322,30343630,30343645,15,2025-02-25 19:21:26.311913,2025-02-25 19:21:44.634890,18.322977
channel-412,64654,30343645,30343653,8,2025-02-25 19:21:44.634890,2025-02-25 19:21:55.846726,11.211836
channel-767,14381,30343649,30343658,9,2025-02-25 19:21:49.945919,2025-02-25 19:22:01.440333,11.494414
channel-1,408644,30343656,30343669,13,2025-02-25 19:21:59.186225,2025-02-25 19:22:14.581417,15.395192
channel-6787,166800,30343658,30343663,5,2025-02-25 19:22:01.440333,2025-02-25 19:22:07.440655,6.000322
channel-362,86685,30343669,30343682,13,2025-02-25 19:22:14.581417,2025-02-25 19:22:31.184545,16.603128
channel-750,684622,30343676,30343680,4,2025-02-25 19:22:23.721975,2025-02-25 19:22:28.895810,5.173835
channel-169,117531,30343677,30343689,12,2025-02-25 19:22:24.838016,2025-02-25 19:22:39.340237,14.502221
channel-0,4040030,30343683,30343690,7,2025-02-25 19:22:32.464202,2025-02-25 19:22:44.697588,12.233386
channel-72,516478,30343683,30343723,40,2025-02-25 19:22:32.464202,2025-02-25 19:23:30.792040,58.327838
channel-113,301363,30343684,30343745,61,2025-02-25 19:22:33.532826,2025-02-25 19:23:56.685610,83.152784
channel-1,408645,30343688,30343701,13,2025-02-25 19:22:38.253621,2025-02-25 19:22:58.410316,20.156695
channel-208,1490989,30343688,30343700,12,2025-02-25 19:22:38.253621,2025-02-25 19:22:57.366747,19.113126
channel-2494,31986,30343689,30343703,14,2025-02-25 19:22:39.340237,2025-02-25 19:23:00.744832,21.404595
channel-251,85276,30343694,30343705,11,2025-02-25 19:22:49.305822,2025-02-25 19:23:03.083613,13.777791
channel-251,85277,30343695,30343710,15,2025-02-25 19:22:50.476578,2025-02-25 19:23:08.750962,18.274384
channel-783,104386,30343695,30343704,9,2025-02-25 19:22:50.476578,2025-02-25 19:23:01.889484,11.412906
channel-199,132855,30343697,30343722,25,2025-02-25 19:22:54.181910,2025-02-25 19:23:26.460245,32.278335
channel-38946,124304,30343704,30343732,28,2025-02-25 19:23:01.889484,2025-02-25 19:23:41.194573,39.305089
channel-208,1490990,30343709,30343718,9,2025-02-25 19:23:07.672550,2025-02-25 19:23:20.623978,12.951428
channel-199,132856,30343720,30343745,25,2025-02-25 19:23:23.966143,2025-02-25 19:23:56.685610,32.719467
channel-199,132857,30343721,30343730,9,2025-02-25 19:23:25.291938,2025-02-25 19:23:38.950685,13.658747
channel-89298,18743,30343728,30343740,12,2025-02-25 19:23:36.650517,2025-02-25 19:23:51.190771,14.540254
channel-216,94298,30343736,30343816,80,2025-02-25 19:23:46.585409,2025-02-25 19:25:29.389590,102.804181
channel-2,130689,30343738,30343752,14,2025-02-25 19:23:48.790302,2025-02-25 19:24:06.769220,17.978918
channel-6787,166801,30343751,30343755,4,2025-02-25 19:24:05.527906,2025-02-25 19:24:10.584915,5.057009
channel-750,684623,30343751,30343763,12,2025-02-25 19:24:05.527906,2025-02-25 19:24:20.091660,14.563754
channel-0,4040031,30343757,30343768,11,2025-02-25 19:24:13.046308,2025-02-25 19:24:27.045378,13.99907
channel-85077,61023,30343767,30343775,8,2025-02-25 19:24:25.934843,2025-02-25 19:24:37.017564,11.082721
channel-750,684624,30343772,30343777,5,2025-02-25 19:24:33.127170,2025-02-25 19:24:40.227316,7.100146
channel-6994,1325903,30343775,30343784,9,2025-02-25 19:24:37.017564,2025-02-25 19:24:49.832645,12.815081
channel-0,4040032,30343776,30343801,25,2025-02-25 19:24:38.139878,2025-02-25 19:25:09.470346,31.330468
channel-1,408646,30343778,30343786,8,2025-02-25 19:24:41.950435,2025-02-25 19:24:52.304115,10.35368
channel-6994,1325904,30343790,30343804,14,2025-02-25 19:24:56.717894,2025-02-25 19:25:12.903043,16.185149
channel-1,408647,30343791,30343809,18,2025-02-25 19:24:58.019330,2025-02-25 19:25:20.758297,22.738967
channel-1,408648,30343798,30343809,11,2025-02-25 19:25:06.162414,2025-02-25 19:25:20.758297,14.595883
channel-122,668320,30343804,30343807,3,2025-02-25 19:25:12.903043,2025-02-25 19:25:17.384542,4.481499
channel-6994,1325905,30343811,30343820,9,2025-02-25 19:25:23.074030,2025-02-25 19:25:35.545385,12.471355
channel-0,4040033,30343816,30343826,10,2025-02-25 19:25:29.389590,2025-02-25 19:25:42.607633,13.218043
channel-750,684625,30343816,30343836,20,2025-02-25 19:25:29.389590,2025-02-25 19:25:55.002955,25.613365
channel-85077,61024,30343821,30343830,9,2025-02-25 19:25:36.681588,2025-02-25 19:25:47.086433,10.404845
channel-522,40450,30343822,30343834,12,2025-02-25 19:25:37.770479,2025-02-25 19:25:52.686651,14.916172
channel-85077,61025,30343823,30343833,10,2025-02-25 19:25:38.848963,2025-02-25 19:25:51.425335,12.576372
channel-113,301364,30343830,30343879,49,2025-02-25 19:25:47.086433,2025-02-25 19:26:50.393255,63.306822
channel-522,40451,30343837,30343848,11,2025-02-25 19:25:56.101134,2025-02-25 19:26:10.108589,14.007455
channel-750,684626,30343837,30343842,5,2025-02-25 19:25:56.101134,2025-02-25 19:26:02.849710,6.748576
channel-122,668321,30343842,30343847,5,2025-02-25 19:26:02.849710,2025-02-25 19:26:08.968044,6.118334
channel-19774,346162,30343851,30343859,8,2025-02-25 19:26:13.684818,2025-02-25 19:26:23.161186,9.476368
channel-326,538442,30343861,30343867,6,2025-02-25 19:26:27.018816,2025-02-25 19:26:35.287247,8.268431
channel-2188,43876,30343866,30343870,4,2025-02-25 19:26:34.008431,2025-02-25 19:26:39.688460,5.680029
channel-750,684627,30343882,30343891,9,2025-02-25 19:26:54.030309,2025-02-25 19:27:04.357666,10.327357
channel-85077,61026,30343882,30343892,10,2025-02-25 19:26:54.030309,2025-02-25 19:27:05.598805,11.568496
channel-326,538443,30343889,30343898,9,2025-02-25 19:27:02.032269,2025-02-25 19:27:12.452198,10.419929
channel-6994,1325906,30343890,30343901,11,2025-02-25 19:27:03.205865,2025-02-25 19:27:16.263868,13.058003
channel-522,40452,30343893,30343906,13,2025-02-25 19:27:06.737583,2025-02-25 19:27:22.107271,15.369688
channel-148,16096,30343896,30343903,7,2025-02-25 19:27:10.317471,2025-02-25 19:27:18.646134,8.328663
channel-4,167071,30343900,30343910,10,2025-02-25 19:27:15.094397,2025-02-25 19:27:27.838400,12.744003
channel-750,684628,30343906,30343911,5,2025-02-25 19:27:22.107271,2025-02-25 19:27:29.616905,7.509634
channel-208,1490991,30343917,30343930,13,2025-02-25 19:27:38.621958,2025-02-25 19:27:53.198722,14.576764
channel-6994,1325907,30343918,30343927,9,2025-02-25 19:27:39.735471,2025-02-25 19:27:49.804376,10.068905
channel-122,668322,30343923,30343931,8,2025-02-25 19:27:45.387173,2025-02-25 19:27:54.346770,8.959597
channel-4,167072,30343924,30343934,10,2025-02-25 19:27:46.433764,2025-02-25 19:27:57.851952,11.418188
channel-4,167073,30343930,30343939,9,2025-02-25 19:27:53.198722,2025-02-25 19:28:03.544977,10.346255
channel-6994,1325908,30343937,30343942,5,2025-02-25 19:28:01.246834,2025-02-25 19:28:11.494535,10.247701
channel-75,845323,30343941,30343948,7,2025-02-25 19:28:07.021786,2025-02-25 19:28:21.262258,14.240472
channel-750,684629,30343942,30343951,9,2025-02-25 19:28:11.494535,2025-02-25 19:28:26.194135,14.6996
channel-750,684630,30343944,30343959,15,2025-02-25 19:28:15.288535,2025-02-25 19:28:35.417765,20.12923
channel-122,668323,30343957,30343968,11,2025-02-25 19:28:33.184715,2025-02-25 19:28:46.843098,13.658383
channel-0,4040034,30343958,30343970,12,2025-02-25 19:28:34.279671,2025-02-25 19:28:50.176292,15.896621
channel-6787,166802,30343959,30343963,4,2025-02-25 19:28:35.417765,2025-02-25 19:28:41.073768,5.656003
channel-122,668324,30343960,30343963,3,2025-02-25 19:28:37.641318,2025-02-25 19:28:41.073768,3.43245
channel-750,684631,30343964,30343968,4,2025-02-25 19:28:42.212648,2025-02-25 19:28:46.843098,4.63045
channel-6994,1325909,30343969,30343982,13,2025-02-25 19:28:48.949357,2025-02-25 19:29:04.357693,15.408336
channel-42,1490083,30343978,30343988,10,2025-02-25 19:28:59.819427,2025-02-25 19:29:11.276913,11.457486
channel-75,845324,30343983,30343991,8,2025-02-25 19:29:05.504466,2025-02-25 19:29:14.770073,9.265607
channel-208,1490992,30343986,30344000,14,2025-02-25 19:29:08.803115,2025-02-25 19:29:24.777733,15.974618
channel-216,94299,30343991,30344047,56,2025-02-25 19:29:14.770073,2025-02-25 19:30:27.959051,73.188978
channel-122,668325,30343996,30344005,9,2025-02-25 19:29:20.217633,2025-02-25 19:29:30.593122,10.375489
channel-229,55051,30343999,30344013,14,2025-02-25 19:29:23.619716,2025-02-25 19:29:41.651637,18.031921
channel-208,1490993,30344003,30344014,11,2025-02-25 19:29:28.178926,2025-02-25 19:29:42.905199,14.726273
channel-750,684632,30344006,30344016,10,2025-02-25 19:29:32.892697,2025-02-25 19:29:45.181987,12.28929
channel-85077,61027,30344030,30344038,8,2025-02-25 19:30:02.794277,2025-02-25 19:30:16.138783,13.344506
channel-122,668326,30344044,30344053,9,2025-02-25 19:30:23.328170,2025-02-25 19:30:34.908287,11.580117
channel-750,684633,30344045,30344051,6,2025-02-25 19:30:24.731345,2025-02-25 19:30:32.602270,7.870925
channel-85077,61028,30344053,30344062,9,2025-02-25 19:30:34.908287,2025-02-25 19:30:47.109727,12.20144
channel-199,132858,30344054,30344081,27,2025-02-25 19:30:36.156113,2025-02-25 19:31:09.591722,33.435609
channel-750,684634,30344054,30344060,6,2025-02-25 19:30:36.156113,2025-02-25 19:30:44.144772,7.988659
channel-199,132859,30344054,30344067,13,2025-02-25 19:30:36.156113,2025-02-25 19:30:52.975609,16.819496
channel-750,684635,30344058,30344070,12,2025-02-25 19:30:41.942105,2025-02-25 19:30:56.462531,14.520426
channel-750,684636,30344062,30344078,16,2025-02-25 19:30:47.109727,2025-02-25 19:31:06.088771,18.979044
channel-75,845325,30344072,30344083,11,2025-02-25 19:30:58.673522,2025-02-25 19:31:11.977737,13.304215
channel-750,684637,30344078,30344083,5,2025-02-25 19:31:06.088771,2025-02-25 19:31:11.977737,5.888966
channel-85077,61029,30344081,30344091,10,2025-02-25 19:31:09.591722,2025-02-25 19:31:21.344590,11.752868
channel-122,668327,30344086,30344095,9,2025-02-25 19:31:15.575988,2025-02-25 19:31:26.896156,11.320168
channel-6994,1325910,30344096,30344104,8,2025-02-25 19:31:28.031056,2025-02-25 19:31:39.715656,11.6846
channel-47,198647,30344098,30344111,13,2025-02-25 19:31:31.870459,2025-02-25 19:31:49.462695,17.592236
channel-0,4040035,30344100,30344112,12,2025-02-25 19:31:35.051192,2025-02-25 19:31:50.562165,15.510973
channel-750,684638,30344105,30344109,4,2025-02-25 19:31:40.826478,2025-02-25 19:31:47.067773,6.241295
channel-165,71469,30344109,30344119,10,2025-02-25 19:31:47.067773,2025-02-25 19:31:58.387571,11.319798
channel-6787,166803,30344109,30344114,5,2025-02-25 19:31:47.067773,2025-02-25 19:31:52.761133,5.69336
channel-19774,346163,30344136,30344143,7,2025-02-25 19:32:20.687682,2025-02-25 19:32:32.878157,12.190475
channel-750,684639,30344142,30344147,5,2025-02-25 19:32:28.559410,2025-02-25 19:32:38.294789,9.735379
channel-6787,166804,30344142,30344146,4,2025-02-25 19:32:28.559410,2025-02-25 19:32:36.278622,7.719212
channel-19774,346164,30344144,30344151,7,2025-02-25 19:32:33.912502,2025-02-25 19:32:43.721889,9.809387
channel-19774,346165,30344146,30344155,9,2025-02-25 19:32:36.278622,2025-02-25 19:32:50.311900,14.033278
channel-6994,1325911,30344160,30344170,10,2025-02-25 19:32:56.086001,2025-02-25 19:33:07.519261,11.43326
channel-88,467215,30344172,30344192,20,2025-02-25 19:33:10.326910,2025-02-25 19:33:33.508753,23.181843
channel-783,104387,30344173,30344180,7,2025-02-25 19:33:11.497650,2025-02-25 19:33:19.705356,8.207706
channel-6994,1325912,30344181,30357781,13600,2025-02-25 19:33:20.774798,2025-02-26 00:26:14.534444,17573.759646
channel-143,128464,30344192,30344218,26,2025-02-25 19:33:33.508753,2025-02-25 19:34:07.472824,33.964071
channel-208,1490994,30344192,30344202,10,2025-02-25 19:33:33.508753,2025-02-25 19:33:46.108980,12.600227
channel-750,684640,30344195,30344203,8,2025-02-25 19:33:36.729982,2025-02-25 19:33:48.783791,12.053809
channel-0,4040036,30344198,30344207,9,2025-02-25 19:33:40.061286,2025-02-25 19:33:53.794442,13.733156
channel-208,1490995,30344199,30344207,8,2025-02-25 19:33:42.389534,2025-02-25 19:33:53.794442,11.404908
channel-326,538444,30344202,30344228,26,2025-02-25 19:33:46.108980,2025-02-25 19:34:18.577798,32.468818
channel-750,684641,30344203,30344212,9,2025-02-25 19:33:48.783791,2025-02-25 19:33:59.648721,10.86493
channel-6994,1325913,30344222,30344231,9,2025-02-25 19:34:11.988175,2025-02-25 19:34:22.091282,10.103107
channel-750,684642,30344231,30344237,6,2025-02-25 19:34:22.091282,2025-02-25 19:34:30.370297,8.279015
channel-208,1490996,30344231,30344240,9,2025-02-25 19:34:22.091282,2025-02-25 19:34:34.235305,12.144023
channel-208,1490997,30344249,30344261,12,2025-02-25 19:34:47.635509,2025-02-25 19:35:02.647580,15.012071
channel-76971,12256,30344250,30344272,22,2025-02-25 19:34:48.976511,2025-02-25 19:35:15.700429,26.723918
channel-6787,166805,30344259,30344264,5,2025-02-25 19:35:00.432259,2025-02-25 19:35:06.177521,5.745262
channel-6994,1325914,30344264,30344275,11,2025-02-25 19:35:06.177521,2025-02-25 19:35:19.019844,12.842323
channel-783,104388,30344266,30344275,9,2025-02-25 19:35:08.388613,2025-02-25 19:35:19.019844,10.631231
channel-208,1490998,30344281,30344290,9,2025-02-25 19:35:26.843123,2025-02-25 19:35:39.642100,12.798977
channel-88,467216,30344287,30344299,12,2025-02-25 19:35:34.326053,2025-02-25 19:35:51.207430,16.881377
channel-122,668328,30344292,30344295,3,2025-02-25 19:35:41.850106,2025-02-25 19:35:45.361897,3.511791
channel-21113,25359,30344298,30344305,7,2025-02-25 19:35:50.022944,2025-02-25 19:35:59.732755,9.709811
channel-6787,166806,30344340,30344344,4,2025-02-25 19:36:40.320562,2025-02-25 19:36:45.919779,5.599217
channel-19774,346166,30344341,30344352,11,2025-02-25 19:36:42.483001,2025-02-25 19:36:59.425638,16.942637
channel-362,86686,30344357,30344366,9,2025-02-25 19:37:05.169342,2025-02-25 19:37:16.605845,11.436503
channel-208,1490999,30344362,30344375,13,2025-02-25 19:37:11.057659,2025-02-25 19:37:27.633020,16.575361
channel-750,684643,30344374,30344378,4,2025-02-25 19:37:26.356982,2025-02-25 19:37:30.982509,4.625527
channel-1,408649,30344378,30344392,14,2025-02-25 19:37:30.982509,2025-02-25 19:37:48.578061,17.595552
channel-122,668329,30344393,30344401,8,2025-02-25 19:37:49.625002,2025-02-25 19:37:59.687595,10.062593
channel-6994,1325915,30344403,30344414,11,2025-02-25 19:38:02.692911,2025-02-25 19:38:17.337421,14.64451
channel-0,4040037,30344404,30344428,24,2025-02-25 19:38:03.906605,2025-02-25 19:38:34.939252,31.032647
channel-199,132860,30344409,30344424,15,2025-02-25 19:38:10.482687,2025-02-25 19:38:28.787511,18.304824
channel-222,3836,30344409,30344418,9,2025-02-25 19:38:10.482687,2025-02-25 19:38:21.745775,11.263088
channel-199,132861,30344413,30344424,11,2025-02-25 19:38:16.216139,2025-02-25 19:38:28.787511,12.571372
channel-85077,61030,30344414,30344425,11,2025-02-25 19:38:17.337421,2025-02-25 19:38:29.927392,12.589971
channel-1,408650,30344418,30344434,16,2025-02-25 19:38:21.745775,2025-02-25 19:38:41.897974,20.152199
channel-91017,2920,30344425,30344456,31,2025-02-25 19:38:29.927392,2025-02-25 19:39:10.185497,40.258105
channel-874,293444,30344427,30344433,6,2025-02-25 19:38:32.218781,2025-02-25 19:38:40.736293,8.517512
channel-122,668330,30344429,30344433,4,2025-02-25 19:38:36.214733,2025-02-25 19:38:40.736293,4.52156
channel-98451,62,30344433,30344443,10,2025-02-25 19:38:40.736293,2025-02-25 19:38:53.688809,12.952516
channel-75,845326,30344434,30344442,8,2025-02-25 19:38:41.897974,2025-02-25 19:38:51.454913,9.556939
channel-122,668331,30344436,30344449,13,2025-02-25 19:38:44.854328,2025-02-25 19:39:01.254170,16.399842
channel-6994,1325916,30344446,30344461,15,2025-02-25 19:38:56.910446,2025-02-25 19:39:16.078195,19.167749
channel-88,467217,30344452,30344477,25,2025-02-25 19:39:05.661456,2025-02-25 19:39:41.063403,35.401947
channel-0,4040038,30344452,30344465,13,2025-02-25 19:39:05.661456,2025-02-25 19:39:20.623182,14.961726
channel-0,4040039,30344461,30344468,7,2025-02-25 19:39:16.078195,2025-02-25 19:39:24.982645,8.90445
channel-72,516479,30344461,30344491,30,2025-02-25 19:39:16.078195,2025-02-25 19:39:59.454986,43.376791
channel-750,684644,30344466,30344477,11,2025-02-25 19:39:21.772976,2025-02-25 19:39:41.063403,19.290427
channel-6787,166807,30344466,30344468,2,2025-02-25 19:39:21.772976,2025-02-25 19:39:24.982645,3.209669
channel-6994,1325917,30344473,30344483,10,2025-02-25 19:39:35.562927,2025-02-25 19:39:47.851947,12.28902
channel-6994,1325918,30344477,30344487,10,2025-02-25 19:39:41.063403,2025-02-25 19:39:53.656082,12.592679
channel-122,668332,30344477,30344487,10,2025-02-25 19:39:41.063403,2025-02-25 19:39:53.656082,12.592679
channel-2188,43877,30344487,30344491,4,2025-02-25 19:39:53.656082,2025-02-25 19:39:59.454986,5.798904
channel-750,684645,30344491,30344496,5,2025-02-25 19:39:59.454986,2025-02-25 19:40:05.599983,6.144997
channel-6994,1325919,30344494,30344506,12,2025-02-25 19:40:03.044474,2025-02-25 19:40:17.917152,14.872678
channel-0,4040040,30344496,30344508,12,2025-02-25 19:40:05.599983,2025-02-25 19:40:20.167691,14.567708
channel-0,4040041,30344497,30344508,11,2025-02-25 19:40:06.806519,2025-02-25 19:40:20.167691,13.361172
channel-208,1491000,30344497,30344506,9,2025-02-25 19:40:06.806519,2025-02-25 19:40:17.917152,11.110633
channel-122,668333,30344506,30344510,4,2025-02-25 19:40:17.917152,2025-02-25 19:40:22.501601,4.584449
channel-89298,18744,30344513,30344526,13,2025-02-25 19:40:25.889203,2025-02-25 19:40:40.676888,14.787685
channel-208,1491001,30344524,30344536,12,2025-02-25 19:40:38.458093,2025-02-25 19:40:53.342972,14.884879
channel-89298,18745,30344529,30344539,10,2025-02-25 19:40:43.893407,2025-02-25 19:40:57.013807,13.1204
channel-19774,346167,30344530,30344539,9,2025-02-25 19:40:45.101856,2025-02-25 19:40:57.013807,11.911951
channel-362,86687,30344535,30344544,9,2025-02-25 19:40:51.608083,2025-02-25 19:41:04.799322,13.191239
channel-0,4040042,30344540,30344552,12,2025-02-25 19:40:59.438299,2025-02-25 19:41:15.314825,15.876526
channel-122,668334,30344540,30344544,4,2025-02-25 19:40:59.438299,2025-02-25 19:41:04.799322,5.361023
channel-750,684646,30344542,30344554,12,2025-02-25 19:41:02.267684,2025-02-25 19:41:17.759985,15.492301
channel-6787,166808,30344546,30344551,5,2025-02-25 19:41:07.105738,2025-02-25 19:41:12.683161,5.577423
channel-89321,19545,30344571,30344581,10,2025-02-25 19:41:44.392969,2025-02-25 19:41:55.569633,11.176664
channel-122,668335,30344589,30344593,4,2025-02-25 19:42:06.906063,2025-02-25 19:42:12.701807,5.795744
channel-6994,1325920,30344589,30344599,10,2025-02-25 19:42:06.906063,2025-02-25 19:42:21.125656,14.219593
channel-6787,166809,30344590,30344594,4,2025-02-25 19:42:08.194075,2025-02-25 19:42:14.819474,6.625399
channel-6787,166810,30344590,30344594,4,2025-02-25 19:42:08.194075,2025-02-25 19:42:14.819474,6.625399
channel-1429,140798,30344592,30344604,12,2025-02-25 19:42:11.646445,2025-02-25 19:42:26.920047,15.273602
channel-6787,166811,30344597,30344602,5,2025-02-25 19:42:18.292250,2025-02-25 19:42:24.694542,6.402292
channel-208,1491002,30344600,30344614,14,2025-02-25 19:42:22.536218,2025-02-25 19:42:38.703401,16.167183
channel-874,293445,30344606,30344613,7,2025-02-25 19:42:29.382869,2025-02-25 19:42:37.564131,8.181262
channel-0,4040043,30344614,30344625,11,2025-02-25 19:42:38.703401,2025-02-25 19:42:52.357069,13.653668
channel-750,684647,30344614,30344625,11,2025-02-25 19:42:38.703401,2025-02-25 19:42:52.357069,13.653668
channel-208,1491003,30344621,30344633,12,2025-02-25 19:42:46.536476,2025-02-25 19:43:01.383208,14.846732
channel-326,538445,30344621,30344635,14,2025-02-25 19:42:46.536476,2025-02-25 19:43:04.193269,17.656793
channel-0,4040044,30344632,30344644,12,2025-02-25 19:43:00.220911,2025-02-25 19:43:17.402167,17.181256
channel-2188,43878,30344639,30344644,5,2025-02-25 19:43:10.098045,2025-02-25 19:43:17.402167,7.304122
channel-208,1491004,30344642,30344654,12,2025-02-25 19:43:15.050121,2025-02-25 19:43:30.133301,15.08318
channel-874,293446,30344645,30344649,4,2025-02-25 19:43:18.724002,2025-02-25 19:43:23.366621,4.642619
channel-88,467218,30344646,30344673,27,2025-02-25 19:43:19.900482,2025-02-25 19:43:52.670275,32.769793
channel-208,1491005,30344653,30344664,11,2025-02-25 19:43:29.022964,2025-02-25 19:43:42.007935,12.984971
channel-6994,1325921,30344664,30344674,10,2025-02-25 19:43:42.007935,2025-02-25 19:43:53.951174,11.943239
channel-42,1490084,30344679,30344687,8,2025-02-25 19:43:59.599405,2025-02-25 19:44:09.799750,10.200345
channel-6994,1325922,30344682,30344693,11,2025-02-25 19:44:04.214410,2025-02-25 19:44:18.049532,13.835122
channel-229,55052,30344705,30344714,9,2025-02-25 19:44:34.571253,2025-02-25 19:44:44.604537,10.033284
channel-89298,18746,30344710,30344720,10,2025-02-25 19:44:40.193517,2025-02-25 19:44:52.868924,12.675407
channel-208,1491006,30344729,30344741,12,2025-02-25 19:45:04.525120,2025-02-25 19:45:19.770972,15.245852
channel-208,1491007,30344738,30344751,13,2025-02-25 19:45:16.142006,2025-02-25 19:45:31.700813,15.558807
channel-0,4040045,30344738,30344749,11,2025-02-25 19:45:16.142006,2025-02-25 19:45:29.343009,13.201003
channel-85791,3781,30344757,30344763,6,2025-02-25 19:45:41.871142,2025-02-25 19:45:48.924362,7.05322
channel-208,1491008,30344761,30344772,11,2025-02-25 19:45:46.525070,2025-02-25 19:46:00.695439,14.170369
channel-750,684648,30344767,30344778,11,2025-02-25 19:45:54.151173,2025-02-25 19:46:09.519203,15.36803
channel-2188,43879,30344771,30344776,5,2025-02-25 19:45:58.583708,2025-02-25 19:46:05.120374,6.536666
channel-1,408651,30344778,30344789,11,2025-02-25 19:46:09.519203,2025-02-25 19:46:22.406518,12.887315
channel-783,104389,30344785,30344797,12,2025-02-25 19:46:17.785129,2025-02-25 19:46:33.864913,16.079784
channel-199,132862,30344786,30344797,11,2025-02-25 19:46:18.946624,2025-02-25 19:46:33.864913,14.918289
channel-2188,43880,30344795,30344800,5,2025-02-25 19:46:30.058394,2025-02-25 19:46:38.170491,8.112097
channel-750,684649,30344804,30344807,3,2025-02-25 19:46:42.535957,2025-02-25 19:46:46.113404,3.577447
channel-0,4040046,30344809,30344822,13,2025-02-25 19:46:50.177841,2025-02-25 19:47:04.773807,14.595966
channel-0,4040047,30344811,30344837,26,2025-02-25 19:46:52.415064,2025-02-25 19:47:24.760654,32.34559
channel-0,4040048,30344825,30344837,12,2025-02-25 19:47:08.519299,2025-02-25 19:47:24.760654,16.241355
channel-6787,166812,30344826,30344832,6,2025-02-25 19:47:09.589966,2025-02-25 19:47:17.946957,8.356991
channel-0,4040049,30344836,30344847,11,2025-02-25 19:47:22.523720,2025-02-25 19:47:37.252652,14.728932
channel-208,1491009,30344837,30344850,13,2025-02-25 19:47:24.760654,2025-02-25 19:47:40.874846,16.114192
channel-85077,61031,30344839,30344850,11,2025-02-25 19:47:27.996712,2025-02-25 19:47:40.874846,12.878134
channel-122,668336,30344844,30344848,4,2025-02-25 19:47:33.732731,2025-02-25 19:47:38.414526,4.681795
channel-750,684650,30344846,30344857,11,2025-02-25 19:47:36.029075,2025-02-25 19:47:48.727741,12.698666
channel-19774,346168,30344849,30344864,15,2025-02-25 19:47:39.619711,2025-02-25 19:47:58.631629,19.011918
channel-89321,19546,30344852,30344874,22,2025-02-25 19:47:43.354320,2025-02-25 19:48:10.112083,26.757763
channel-750,684651,30344859,30344864,5,2025-02-25 19:47:52.191414,2025-02-25 19:47:58.631629,6.440215
channel-208,1491010,30344860,30344869,9,2025-02-25 19:47:53.899446,2025-02-25 19:48:04.332951,10.433505
channel-208,1491011,30344862,30344874,12,2025-02-25 19:47:56.083032,2025-02-25 19:48:10.112083,14.029051
channel-6994,1325923,30344866,30344876,10,2025-02-25 19:48:00.940959,2025-02-25 19:48:13.594152,12.653193
channel-19774,346169,30344866,30344879,13,2025-02-25 19:48:00.940959,2025-02-25 19:48:17.014684,16.073725
channel-0,4040050,30344870,30344881,11,2025-02-25 19:48:05.486733,2025-02-25 19:48:20.391671,14.904938
channel-0,4040051,30344873,30344881,8,2025-02-25 19:48:08.953822,2025-02-25 19:48:20.391671,11.437849
channel-2188,43881,30344873,30344877,4,2025-02-25 19:48:08.953822,2025-02-25 19:48:14.693606,5.739784
channel-326,538446,30344875,30344881,6,2025-02-25 19:48:11.281731,2025-02-25 19:48:20.391671,9.10994
channel-750,684652,30344875,30344890,15,2025-02-25 19:48:11.281731,2025-02-25 19:48:31.566523,20.284792
channel-750,684653,30344876,30344892,16,2025-02-25 19:48:13.594152,2025-02-25 19:48:33.879109,20.284957
channel-874,293447,30344877,30344897,20,2025-02-25 19:48:14.693606,2025-02-25 19:48:40.306244,25.612638
channel-204,670862,30344879,30344891,12,2025-02-25 19:48:17.014684,2025-02-25 19:48:32.589118,15.574434
channel-19774,346170,30344880,30344889,9,2025-02-25 19:48:19.179004,2025-02-25 19:48:30.392673,11.213669
channel-0,4040052,30344883,30344894,11,2025-02-25 19:48:22.589670,2025-02-25 19:48:36.236363,13.646693
channel-6994,1325924,30344885,30344898,13,2025-02-25 19:48:25.474699,2025-02-25 19:48:41.515591,16.040892
channel-326,538447,30344895,30344903,8,2025-02-25 19:48:37.503638,2025-02-25 19:48:48.632203,11.128565
channel-6994,1325925,30344898,30344907,9,2025-02-25 19:48:41.515591,2025-02-25 19:48:55.061687,13.546096
channel-98451,63,30344901,30344910,9,2025-02-25 19:48:44.822512,2025-02-25 19:48:58.440728,13.618216
channel-750,684654,30344909,30344920,11,2025-02-25 19:48:57.323894,2025-02-25 19:49:09.773126,12.449232
channel-326,538448,30344924,30344930,6,2025-02-25 19:49:16.838337,2025-02-25 19:49:25.218004,8.379667
channel-750,684655,30344926,30344931,5,2025-02-25 19:49:20.239271,2025-02-25 19:49:26.637332,6.398061
channel-326,538449,30344927,30344938,11,2025-02-25 19:49:21.913289,2025-02-25 19:49:34.933922,13.020633
channel-89298,18747,30344932,30344943,11,2025-02-25 19:49:27.940881,2025-02-25 19:49:40.711576,12.770695
channel-750,684656,30344943,30344955,12,2025-02-25 19:49:40.711576,2025-02-25 19:49:54.293232,13.581656
channel-750,684657,30344955,30344959,4,2025-02-25 19:49:54.293232,2025-02-25 19:49:58.775718,4.482486
channel-6994,1325926,30344955,30344965,10,2025-02-25 19:49:54.293232,2025-02-25 19:50:06.588987,12.295755
channel-326,538450,30344967,30344970,3,2025-02-25 19:50:09.815302,2025-02-25 19:50:17.079939,7.264637
channel-208,1491012,30344968,30344979,11,2025-02-25 19:50:11.010683,2025-02-25 19:50:28.782368,17.771685
channel-75,845327,30344968,30344976,8,2025-02-25 19:50:11.010683,2025-02-25 19:50:25.243722,14.233039
channel-122,668337,30344972,30344976,4,2025-02-25 19:50:20.507663,2025-02-25 19:50:25.243722,4.736059
channel-0,4040053,30344972,30344981,9,2025-02-25 19:50:20.507663,2025-02-25 19:50:31.274872,10.767209
channel-750,684658,30344980,30344989,9,2025-02-25 19:50:30.039259,2025-02-25 19:50:44.845759,14.8065
channel-0,4040054,30344981,30345000,19,2025-02-25 19:50:31.274872,2025-02-25 19:50:58.676870,27.401998
channel-326,538451,30344988,30344997,9,2025-02-25 19:50:43.765038,2025-02-25 19:50:54.359696,10.594658
channel-89321,19547,30344994,30345000,6,2025-02-25 19:50:50.415414,2025-02-25 19:50:58.676870,8.261456
channel-42,1490085,30344995,30345006,11,2025-02-25 19:50:51.525003,2025-02-25 19:51:05.689949,14.164946
channel-199,132863,30344998,30345040,42,2025-02-25 19:50:55.507707,2025-02-25 19:51:49.341505,53.833798
channel-783,104390,30345001,30345010,9,2025-02-25 19:50:59.878510,2025-02-25 19:51:10.105985,10.227475
channel-750,684659,30345004,30345010,6,2025-02-25 19:51:03.291819,2025-02-25 19:51:10.105985,6.814166
channel-216,94300,30345005,30345083,78,2025-02-25 19:51:04.484393,2025-02-25 19:52:46.273042,101.788649
channel-4,167074,30345008,30345020,12,2025-02-25 19:51:07.950891,2025-02-25 19:51:22.632268,14.681377
channel-750,684660,30345011,30345021,10,2025-02-25 19:51:11.275298,2025-02-25 19:51:24.887539,13.612241
channel-0,4040055,30345013,30345023,10,2025-02-25 19:51:14.508046,2025-02-25 19:51:28.259381,13.751335
channel-326,538452,30345015,30345021,6,2025-02-25 19:51:16.676440,2025-02-25 19:51:24.887539,8.211099
channel-1,408652,30345017,30345030,13,2025-02-25 19:51:19.058393,2025-02-25 19:51:37.748572,18.690179
channel-874,293448,30345019,30345036,17,2025-02-25 19:51:21.457181,2025-02-25 19:51:44.806006,23.348825
channel-750,684661,30345025,30345029,4,2025-02-25 19:51:30.575753,2025-02-25 19:51:36.645250,6.069497
channel-75,845328,30345029,30345035,6,2025-02-25 19:51:36.645250,2025-02-25 19:51:43.494805,6.849555
channel-0,4040056,30345038,30345050,12,2025-02-25 19:51:47.082966,2025-02-25 19:52:01.860668,14.777702
channel-874,293449,30345042,30345048,6,2025-02-25 19:51:52.117517,2025-02-25 19:51:59.495425,7.377908
channel-0,4040057,30345043,30345066,23,2025-02-25 19:51:54.016121,2025-02-25 19:52:20.623083,26.606962
channel-750,684662,30345045,30345056,11,2025-02-25 19:51:56.238368,2025-02-25 19:52:08.991015,12.752647
channel-216,94301,30345052,30345126,74,2025-02-25 19:52:04.069360,2025-02-25 19:53:44.471153,100.401793
channel-42,1490086,30345059,30345066,7,2025-02-25 19:52:12.876132,2025-02-25 19:52:20.623083,7.746951
channel-750,684663,30345063,30345081,18,2025-02-25 19:52:17.385050,2025-02-25 19:52:43.699429,26.314379
channel-750,684664,30345078,30345088,10,2025-02-25 19:52:39.132795,2025-02-25 19:52:52.631320,13.498525
channel-0,4040058,30345079,30345105,26,2025-02-25 19:52:41.006259,2025-02-25 19:53:16.491177,35.484918
channel-4,167075,30345080,30345090,10,2025-02-25 19:52:42.444520,2025-02-25 19:52:55.949261,13.504741
channel-750,684665,30345081,30345087,6,2025-02-25 19:52:43.699429,2025-02-25 19:52:51.065968,7.366539
channel-750,684666,30345088,30345092,4,2025-02-25 19:52:52.631320,2025-02-25 19:52:58.973984,6.342664
channel-6897,5650,30345088,30345096,8,2025-02-25 19:52:52.631320,2025-02-25 19:53:05.613547,12.982227
channel-0,4040059,30345090,30345100,10,2025-02-25 19:52:55.949261,2025-02-25 19:53:10.379960,14.430699
channel-750,684667,30345093,30345107,14,2025-02-25 19:53:00.064680,2025-02-25 19:53:19.011247,18.946567
channel-750,684668,30345095,30345111,16,2025-02-25 19:53:03.384431,2025-02-25 19:53:24.767015,21.382584
channel-750,684669,30345095,30345107,12,2025-02-25 19:53:03.384431,2025-02-25 19:53:19.011247,15.626816
channel-750,684670,30345097,30345102,5,2025-02-25 19:53:06.901466,2025-02-25 19:53:12.999801,6.098335
channel-216,94302,30345105,30345169,64,2025-02-25 19:53:16.491177,2025-02-25 19:54:41.082713,84.591536
channel-1,408653,30345105,30345117,12,2025-02-25 19:53:16.491177,2025-02-25 19:53:33.045465,16.554288
channel-750,684671,30345110,30345121,11,2025-02-25 19:53:23.618332,2025-02-25 19:53:38.667862,15.04953
channel-750,684672,30345113,30345135,22,2025-02-25 19:53:27.085006,2025-02-25 19:53:55.173901,28.088895
channel-108,39866,30345117,30345147,30,2025-02-25 19:53:33.045465,2025-02-25 19:54:09.730981,36.685516
channel-874,293450,30345127,30345147,20,2025-02-25 19:53:46.147146,2025-02-25 19:54:09.730981,23.583835
channel-4,167076,30345130,30345138,8,2025-02-25 19:53:49.633857,2025-02-25 19:53:59.718657,10.0848
channel-1,408654,30345135,30345150,15,2025-02-25 19:53:55.173901,2025-02-25 19:54:15.337921,20.16402
channel-750,684673,30345137,30345142,5,2025-02-25 19:53:58.595527,2025-02-25 19:54:04.189047,5.59352
channel-750,684674,30345143,30345153,10,2025-02-25 19:54:05.564969,2025-02-25 19:54:18.728793,13.163824
channel-1,408655,30345171,30345184,13,2025-02-25 19:54:43.416927,2025-02-25 19:54:59.387620,15.970693
channel-0,4040060,30345174,30345184,10,2025-02-25 19:54:46.844173,2025-02-25 19:54:59.387620,12.543447
channel-258,17761,30345178,30345184,6,2025-02-25 19:54:52.388086,2025-02-25 19:54:59.387620,6.999534
channel-750,684675,30345181,30345201,20,2025-02-25 19:54:55.751367,2025-02-25 19:55:22.988531,27.237164
channel-750,684676,30345182,30345205,23,2025-02-25 19:54:56.985598,2025-02-25 19:55:27.379031,30.393433
channel-0,4040061,30345182,30345206,24,2025-02-25 19:54:56.985598,2025-02-25 19:55:28.547503,31.561905
channel-216,94303,30345185,30345249,64,2025-02-25 19:55:03.791219,2025-02-25 19:56:26.909633,83.118414
channel-6994,1325927,30345191,30345203,12,2025-02-25 19:55:11.102337,2025-02-25 19:55:25.019024,13.916687
channel-326,538453,30345196,30345201,5,2025-02-25 19:55:17.383014,2025-02-25 19:55:22.988531,5.605517
channel-0,4040062,30345199,30345211,12,2025-02-25 19:55:20.697109,2025-02-25 19:55:35.399922,14.702813
channel-208,1491013,30345202,30345213,11,2025-02-25 19:55:24.028648,2025-02-25 19:55:38.825572,14.796924
channel-0,4040063,30345203,30345211,8,2025-02-25 19:55:25.019024,2025-02-25 19:55:35.399922,10.380898
channel-0,4040064,30345204,30345214,10,2025-02-25 19:55:26.264399,2025-02-25 19:55:39.928467,13.664068
channel-750,684677,30345207,30345220,13,2025-02-25 19:55:30.690311,2025-02-25 19:55:47.769594,17.079283
channel-0,4040065,30345207,30345214,7,2025-02-25 19:55:30.690311,2025-02-25 19:55:39.928467,9.238156
channel-750,684678,30345208,30345223,15,2025-02-25 19:55:31.829354,2025-02-25 19:55:51.059110,19.229756
channel-122,668338,30345214,30345224,10,2025-02-25 19:55:39.928467,2025-02-25 19:55:52.965249,13.036782
channel-216,94304,30345223,30345299,76,2025-02-25 19:55:51.059110,2025-02-25 19:57:28.028884,96.969774
channel-750,684679,30345223,30345237,14,2025-02-25 19:55:51.059110,2025-02-25 19:56:08.785671,17.726561
channel-750,684680,30345227,30345241,14,2025-02-25 19:55:57.610727,2025-02-25 19:56:13.525806,15.915079
channel-750,684681,30345227,30345231,4,2025-02-25 19:55:57.610727,2025-02-25 19:56:02.307105,4.696378
channel-0,4040066,30345229,30345242,13,2025-02-25 19:55:59.971493,2025-02-25 19:56:14.705321,14.733828
channel-6994,1325928,30345232,30345244,12,2025-02-25 19:56:03.437534,2025-02-25 19:56:21.142402,17.704868
channel-0,4040067,30345232,30345242,10,2025-02-25 19:56:03.437534,2025-02-25 19:56:14.705321,11.267787
channel-750,684682,30345236,30345249,13,2025-02-25 19:56:07.675459,2025-02-25 19:56:26.909633,19.234174
channel-0,4040068,30345240,30345250,10,2025-02-25 19:56:12.265235,2025-02-25 19:56:28.013994,15.748759
channel-750,684683,30345244,30345255,11,2025-02-25 19:56:21.142402,2025-02-25 19:56:33.738545,12.596143
channel-0,4040069,30345244,30345255,11,2025-02-25 19:56:21.142402,2025-02-25 19:56:33.738545,12.596143
channel-0,4040070,30345248,30345257,9,2025-02-25 19:56:25.763886,2025-02-25 19:56:36.549230,10.785344
channel-0,4040071,30345248,30345257,9,2025-02-25 19:56:25.763886,2025-02-25 19:56:36.549230,10.785344
channel-874,293451,30345248,30345254,6,2025-02-25 19:56:25.763886,2025-02-25 19:56:32.678802,6.914916
channel-89321,19548,30345250,30345260,10,2025-02-25 19:56:28.013994,2025-02-25 19:56:41.083174,13.06918
channel-750,684684,30345253,30345257,4,2025-02-25 19:56:31.437509,2025-02-25 19:56:36.549230,5.111721
channel-216,94305,30345254,30345319,65,2025-02-25 19:56:32.678802,2025-02-25 19:57:53.494562,80.81576
channel-208,1491014,30345255,30345267,12,2025-02-25 19:56:33.738545,2025-02-25 19:56:48.979888,15.241343
channel-1,408656,30345255,30345270,15,2025-02-25 19:56:33.738545,2025-02-25 19:56:52.769596,19.031051
channel-6994,1325929,30345260,30345272,12,2025-02-25 19:56:41.083174,2025-02-25 19:56:55.086384,14.00321
channel-750,684685,30345260,30345284,24,2025-02-25 19:56:41.083174,2025-02-25 19:57:09.701751,28.618577
channel-750,684686,30345260,30345271,11,2025-02-25 19:56:41.083174,2025-02-25 19:56:54.007774,12.9246
channel-750,684687,30345265,30345276,11,2025-02-25 19:56:46.791842,2025-02-25 19:56:59.510636,12.718794
channel-208,1491015,30345267,30345277,10,2025-02-25 19:56:48.979888,2025-02-25 19:57:00.515282,11.535394
channel-874,293452,30345267,30345285,18,2025-02-25 19:56:48.979888,2025-02-25 19:57:10.881911,21.902023
channel-0,4040072,30345273,30345286,13,2025-02-25 19:56:56.300370,2025-02-25 19:57:11.981298,15.680928
channel-0,4040073,30345273,30345286,13,2025-02-25 19:56:56.300370,2025-02-25 19:57:11.981298,15.680928
channel-750,684688,30345274,30345284,10,2025-02-25 19:56:57.452342,2025-02-25 19:57:09.701751,12.249409
channel-750,684689,30345278,30345291,13,2025-02-25 19:57:01.643919,2025-02-25 19:57:18.629441,16.985522
channel-750,684690,30345283,30345297,14,2025-02-25 19:57:08.559170,2025-02-25 19:57:25.778781,17.219611
channel-750,684691,30345284,30345301,17,2025-02-25 19:57:09.701751,2025-02-25 19:57:30.344466,20.642715
channel-0,4040074,30345289,30345307,18,2025-02-25 19:57:16.247728,2025-02-25 19:57:38.384630,22.136902
channel-199,132864,30345293,30345306,13,2025-02-25 19:57:21.278159,2025-02-25 19:57:36.139552,14.861393
channel-38946,124305,30345297,30345313,16,2025-02-25 19:57:25.778781,2025-02-25 19:57:46.445534,20.666753
channel-750,684692,30345297,30345302,5,2025-02-25 19:57:25.778781,2025-02-25 19:57:31.524649,5.745868
channel-216,94306,30345301,30345368,67,2025-02-25 19:57:30.344466,2025-02-25 19:58:57.560668,87.216202
channel-0,4040075,30345303,30345314,11,2025-02-25 19:57:32.579712,2025-02-25 19:57:47.696984,15.117272
channel-750,684693,30345304,30345319,15,2025-02-25 19:57:33.819201,2025-02-25 19:57:53.494562,19.675361
channel-750,684694,30345306,30345319,13,2025-02-25 19:57:36.139552,2025-02-25 19:57:53.494562,17.35501
channel-122,668339,30345306,30345309,3,2025-02-25 19:57:36.139552,2025-02-25 19:57:40.977142,4.83759
channel-750,684695,30345308,30345320,12,2025-02-25 19:57:39.835810,2025-02-25 19:57:55.333789,15.497979
channel-0,4040076,30345312,30345321,9,2025-02-25 19:57:45.325369,2025-02-25 19:57:56.471256,11.145887
channel-85077,61032,30345314,30345322,8,2025-02-25 19:57:47.696984,2025-02-25 19:57:58.819504,11.12252
channel-208,1491016,30345317,30345324,7,2025-02-25 19:57:51.185224,2025-02-25 19:58:02.538944,11.35372
channel-20082,9904,30345318,30345329,11,2025-02-25 19:57:52.254919,2025-02-25 19:58:08.295974,16.041055
channel-750,684696,30345322,30345347,25,2025-02-25 19:57:58.819504,2025-02-25 19:58:31.042149,32.222645
channel-0,4040077,30345323,30345349,26,2025-02-25 19:57:59.872839,2025-02-25 19:58:33.368616,33.495777
channel-208,1491017,30345323,30345334,11,2025-02-25 19:57:59.872839,2025-02-25 19:58:15.171135,15.298296
channel-750,684697,30345331,30345343,12,2025-02-25 19:58:11.616359,2025-02-25 19:58:26.206243,14.589884
channel-0,4040078,30345334,30345344,10,2025-02-25 19:58:15.171135,2025-02-25 19:58:27.424141,12.253006
channel-874,293453,30345334,30345340,6,2025-02-25 19:58:15.171135,2025-02-25 19:58:22.869566,7.698431
channel-143,128465,30345336,30345352,16,2025-02-25 19:58:17.506081,2025-02-25 19:58:36.801697,19.295616
channel-750,684698,30345338,30345343,5,2025-02-25 19:58:20.652185,2025-02-25 19:58:26.206243,5.554058
channel-750,684699,30345341,30345347,6,2025-02-25 19:58:23.986823,2025-02-25 19:58:31.042149,7.055326
channel-750,684700,30345344,30345360,16,2025-02-25 19:58:27.424141,2025-02-25 19:58:48.315300,20.891159
channel-122,668340,30345352,30345357,5,2025-02-25 19:58:36.801697,2025-02-25 19:58:43.331257,6.52956
channel-750,684701,30345355,30345370,15,2025-02-25 19:58:41.005487,2025-02-25 19:59:01.693892,20.688405
channel-6994,1325930,30345363,30345374,11,2025-02-25 19:58:51.704233,2025-02-25 19:59:06.366693,14.66246
channel-0,4040079,30345367,30345377,10,2025-02-25 19:58:56.369665,2025-02-25 19:59:09.872418,13.502753
channel-750,684702,30345369,30345378,9,2025-02-25 19:58:59.888851,2025-02-25 19:59:12.130029,12.241178
channel-208,1491018,30345371,30345383,12,2025-02-25 19:59:02.864877,2025-02-25 19:59:18.110647,15.24577
channel-750,684703,30345372,30345382,10,2025-02-25 19:59:04.047121,2025-02-25 19:59:16.835530,12.788409
channel-750,684704,30345375,30345378,3,2025-02-25 19:59:07.533730,2025-02-25 19:59:12.130029,4.596299
channel-750,684705,30345376,30345385,9,2025-02-25 19:59:08.714648,2025-02-25 19:59:21.457591,12.742943
channel-0,4040080,30345377,30345385,8,2025-02-25 19:59:09.872418,2025-02-25 19:59:21.457591,11.585173
channel-750,684706,30345378,30345400,22,2025-02-25 19:59:12.130029,2025-02-25 19:59:43.470480,31.340451
channel-750,684707,30345380,30345384,4,2025-02-25 19:59:14.494247,2025-02-25 19:59:19.223344,4.729097
channel-874,293454,30345381,30345397,16,2025-02-25 19:59:15.657885,2025-02-25 19:59:40.177717,24.519832
channel-750,684708,30345385,30345402,17,2025-02-25 19:59:21.457591,2025-02-25 19:59:46.806684,25.349093
channel-326,538454,30345385,30345390,5,2025-02-25 19:59:21.457591,2025-02-25 19:59:31.534107,10.076516
channel-750,684709,30345387,30345402,15,2025-02-25 19:59:27.541021,2025-02-25 19:59:46.806684,19.265663
channel-122,668341,30345395,30345399,4,2025-02-25 19:59:37.716584,2025-02-25 19:59:42.408780,4.692196
channel-750,684710,30345397,30345409,12,2025-02-25 19:59:40.177717,2025-02-25 19:59:55.691604,15.513887
channel-208,1491019,30345400,30345413,13,2025-02-25 19:59:43.470480,2025-02-25 20:00:00.173401,16.702921
channel-750,684711,30345400,30345411,11,2025-02-25 19:59:43.470480,2025-02-25 19:59:57.970086,14.499606
channel-1,408657,30345406,30345426,20,2025-02-25 19:59:52.530960,2025-02-25 20:00:22.578546,30.047586
channel-750,684712,30345414,30345419,5,2025-02-25 20:00:01.364329,2025-02-25 20:00:11.476680,10.112351
channel-143,128466,30345414,30345426,12,2025-02-25 20:00:01.364329,2025-02-25 20:00:22.578546,21.214217
channel-1,408658,30345416,30345426,10,2025-02-25 20:00:08.045361,2025-02-25 20:00:22.578546,14.533185
channel-0,4040081,30345420,30345430,10,2025-02-25 20:00:12.655828,2025-02-25 20:00:27.886172,15.230344
channel-750,684713,30345422,30345433,11,2025-02-25 20:00:16.510440,2025-02-25 20:00:31.292812,14.782372
channel-750,684714,30345422,30345427,5,2025-02-25 20:00:16.510440,2025-02-25 20:00:23.696278,7.185838
channel-184,137456,30345425,30345438,13,2025-02-25 20:00:21.441116,2025-02-25 20:00:38.219490,16.778374
channel-750,684715,30345429,30345442,13,2025-02-25 20:00:26.524475,2025-02-25 20:00:42.767222,16.242747
channel-6787,166813,30345430,30345434,4,2025-02-25 20:00:27.886172,2025-02-25 20:00:32.614389,4.728217
channel-750,684716,30345432,30345448,16,2025-02-25 20:00:30.199875,2025-02-25 20:00:49.775263,19.575388
channel-208,1491020,30345433,30345445,12,2025-02-25 20:00:31.292812,2025-02-25 20:00:46.297988,15.005176
channel-1,408659,30345435,30345465,30,2025-02-25 20:00:33.684888,2025-02-25 20:01:11.718831,38.033943
channel-6994,1325931,30345438,30345447,9,2025-02-25 20:00:38.219490,2025-02-25 20:00:48.657767,10.438277
channel-750,684717,30345441,30345451,10,2025-02-25 20:00:41.563069,2025-02-25 20:00:53.191014,11.627945
channel-750,684718,30345444,30345454,10,2025-02-25 20:00:45.172112,2025-02-25 20:00:57.727847,12.555735
channel-85077,61033,30345444,30345454,10,2025-02-25 20:00:45.172112,2025-02-25 20:00:57.727847,12.555735
channel-216,94307,30345449,30345508,59,2025-02-25 20:00:50.864835,2025-02-25 20:02:07.267496,76.402661
channel-750,684719,30345451,30345465,14,2025-02-25 20:00:53.191014,2025-02-25 20:01:11.718831,18.527817
channel-750,684720,30345453,30345467,14,2025-02-25 20:00:55.440417,2025-02-25 20:01:13.931673,18.491256
channel-326,538455,30345453,30345460,7,2025-02-25 20:00:55.440417,2025-02-25 20:01:05.047886,9.607469
channel-750,684721,30345458,30345486,28,2025-02-25 20:01:02.775096,2025-02-25 20:01:37.184796,34.4097
channel-326,538456,30345460,30345470,10,2025-02-25 20:01:05.047886,2025-02-25 20:01:17.276277,12.228391
channel-874,293455,30345463,30345468,5,2025-02-25 20:01:08.446820,2025-02-25 20:01:15.162181,6.715361
channel-204,670863,30345464,30345478,14,2025-02-25 20:01:10.581969,2025-02-25 20:01:26.592600,16.010631
channel-6994,1325932,30345466,30345479,13,2025-02-25 20:01:12.848978,2025-02-25 20:01:27.734076,14.885098
channel-750,684722,30345468,30345485,17,2025-02-25 20:01:15.162181,2025-02-25 20:01:35.695456,20.533275
channel-326,538457,30345470,30345477,7,2025-02-25 20:01:17.276277,2025-02-25 20:01:25.387886,8.111609
channel-208,1491021,30345472,30345483,11,2025-02-25 20:01:19.559306,2025-02-25 20:01:33.329151,13.769845
channel-750,684723,30345474,30345492,18,2025-02-25 20:01:21.725435,2025-02-25 20:01:44.696803,22.971368
channel-42,1490087,30345475,30345488,13,2025-02-25 20:01:22.919987,2025-02-25 20:01:40.148880,17.228893
channel-750,684724,30345477,30345482,5,2025-02-25 20:01:25.387886,2025-02-25 20:01:31.146950,5.759064
channel-122,668342,30345485,30345488,3,2025-02-25 20:01:35.695456,2025-02-25 20:01:40.148880,4.453424
channel-208,1491022,30345485,30345497,12,2025-02-25 20:01:35.695456,2025-02-25 20:01:51.446469,15.751013
channel-874,293456,30345488,30345506,18,2025-02-25 20:01:40.148880,2025-02-25 20:02:04.743996,24.595116
channel-326,538458,30345488,30345493,5,2025-02-25 20:01:40.148880,2025-02-25 20:01:46.804665,6.655785
channel-1429,140799,30345492,30345503,11,2025-02-25 20:01:44.696803,2025-02-25 20:02:01.087933,16.39113
channel-1,408660,30345500,30345514,14,2025-02-25 20:01:54.763293,2025-02-25 20:02:14.183390,19.420097
channel-326,538459,30345501,30345507,6,2025-02-25 20:01:57.437530,2025-02-25 20:02:06.106476,8.668946
channel-750,684725,30345503,30345514,11,2025-02-25 20:02:01.087933,2025-02-25 20:02:14.183390,13.095457
channel-89298,18748,30345507,30345519,12,2025-02-25 20:02:06.106476,2025-02-25 20:02:20.739235,14.632759
channel-184,137457,30345508,30345519,11,2025-02-25 20:02:07.267496,2025-02-25 20:02:20.739235,13.471739
channel-750,684726,30345511,30345522,11,2025-02-25 20:02:10.724048,2025-02-25 20:02:25.002821,14.278773
channel-750,684727,30345513,30345535,22,2025-02-25 20:02:13.106693,2025-02-25 20:02:41.678764,28.572071
channel-94814,3797,30345518,30345528,10,2025-02-25 20:02:18.978739,2025-02-25 20:02:32.706287,13.727548
channel-208,1491023,30345518,30345527,9,2025-02-25 20:02:18.978739,2025-02-25 20:02:31.618616,12.639877
channel-6994,1325933,30345527,30345536,9,2025-02-25 20:02:31.618616,2025-02-25 20:02:42.897955,11.279339
channel-1,408661,30345527,30345538,11,2025-02-25 20:02:31.618616,2025-02-25 20:02:45.139328,13.520712
channel-750,684728,30345529,30345533,4,2025-02-25 20:02:34.813527,2025-02-25 20:02:39.216239,4.402712
channel-0,4040082,30345530,30345549,19,2025-02-25 20:02:35.882032,2025-02-25 20:02:59.547253,23.665221
channel-1424,7363,30345536,30345546,10,2025-02-25 20:02:42.897955,2025-02-25 20:02:56.098763,13.200808
channel-199,132865,30345548,30345558,10,2025-02-25 20:02:58.449486,2025-02-25 20:03:12.069243,13.619757
channel-1,408662,30345553,30345571,18,2025-02-25 20:03:06.187355,2025-02-25 20:03:26.698545,20.51119
channel-750,684729,30345554,30345561,7,2025-02-25 20:03:07.294434,2025-02-25 20:03:15.427015,8.132581
channel-216,94308,30345555,30345636,81,2025-02-25 20:03:08.436257,2025-02-25 20:04:55.908860,107.472603
channel-1,408663,30345557,30345571,14,2025-02-25 20:03:10.929548,2025-02-25 20:03:26.698545,15.768997
channel-0,4040083,30345564,30345585,21,2025-02-25 20:03:18.760983,2025-02-25 20:03:43.377151,24.616168
channel-750,684730,30345574,30345589,15,2025-02-25 20:03:30.243999,2025-02-25 20:03:53.326474,23.082475
channel-326,538460,30345574,30345582,8,2025-02-25 20:03:30.243999,2025-02-25 20:03:39.288309,9.04431
channel-874,293457,30345579,30345584,5,2025-02-25 20:03:36.014992,2025-02-25 20:03:42.272877,6.257885
channel-85077,61034,30345582,30345588,6,2025-02-25 20:03:39.288309,2025-02-25 20:03:52.137215,12.848906
channel-199,132866,30345584,30345590,6,2025-02-25 20:03:42.272877,2025-02-25 20:03:57.834783,15.561906
channel-1,408664,30345585,30345595,10,2025-02-25 20:03:43.377151,2025-02-25 20:04:03.535635,20.158484
channel-1,408665,30345585,30345595,10,2025-02-25 20:03:43.377151,2025-02-25 20:04:03.535635,20.158484
channel-750,684731,30345586,30345595,9,2025-02-25 20:03:48.841500,2025-02-25 20:04:03.535635,14.694135
channel-89321,19549,30345588,30345593,5,2025-02-25 20:03:52.137215,2025-02-25 20:04:01.281697,9.144482
channel-89298,18749,30345589,30345597,8,2025-02-25 20:03:53.326474,2025-02-25 20:04:07.165384,13.83891
channel-0,4040084,30345596,30345616,20,2025-02-25 20:04:06.020312,2025-02-25 20:04:30.052317,24.032005
channel-0,4040085,30345607,30345616,9,2025-02-25 20:04:19.727715,2025-02-25 20:04:30.052317,10.324602
channel-85077,61035,30345607,30345619,12,2025-02-25 20:04:19.727715,2025-02-25 20:04:34.177996,14.450281
channel-115,20434,30345610,30345622,12,2025-02-25 20:04:23.221938,2025-02-25 20:04:38.181183,14.959245
channel-6994,1325934,30345611,30345622,11,2025-02-25 20:04:24.337836,2025-02-25 20:04:38.181183,13.843347
channel-251,85278,30345613,30345623,10,2025-02-25 20:04:26.706699,2025-02-25 20:04:39.214780,12.508081
channel-1,408666,30345618,30345632,14,2025-02-25 20:04:32.950162,2025-02-25 20:04:51.482930,18.532768
channel-0,4040086,30345619,30345649,30,2025-02-25 20:04:34.177996,2025-02-25 20:05:11.872298,37.694302
channel-750,684732,30345621,30345631,10,2025-02-25 20:04:36.509451,2025-02-25 20:04:49.299364,12.789913
channel-2,130690,30345631,30345644,13,2025-02-25 20:04:49.299364,2025-02-25 20:05:05.050179,15.750815
channel-0,4040087,30345632,30345658,26,2025-02-25 20:04:51.482930,2025-02-25 20:05:25.702646,34.219716
channel-85077,61036,30345633,30345653,20,2025-02-25 20:04:52.570247,2025-02-25 20:05:19.056401,26.486154
channel-85077,61037,30345639,30345650,11,2025-02-25 20:04:59.266458,2025-02-25 20:05:13.117316,13.850858
channel-750,684733,30345642,30345663,21,2025-02-25 20:05:02.690467,2025-02-25 20:05:31.407725,28.717258
channel-188,190600,30345644,30345850,206,2025-02-25 20:05:05.050179,2025-02-25 20:09:32.422672,267.372493
channel-216,94309,30345647,30345720,73,2025-02-25 20:05:09.770191,2025-02-25 20:06:42.750704,92.980513
channel-143,128467,30345648,30345658,10,2025-02-25 20:05:10.841994,2025-02-25 20:05:25.702646,14.860652
channel-1,408667,30345650,30345665,15,2025-02-25 20:05:13.117316,2025-02-25 20:05:33.877690,20.760374
channel-750,684734,30345651,30345670,19,2025-02-25 20:05:14.823658,2025-02-25 20:05:39.960127,25.136469
channel-208,1491024,30345651,30345663,12,2025-02-25 20:05:14.823658,2025-02-25 20:05:31.407725,16.584067
channel-750,684735,30345651,30345663,12,2025-02-25 20:05:14.823658,2025-02-25 20:05:31.407725,16.584067
channel-750,684736,30345653,30345670,17,2025-02-25 20:05:19.056401,2025-02-25 20:05:39.960127,20.903726
channel-750,684737,30345654,30345672,18,2025-02-25 20:05:21.247800,2025-02-25 20:05:43.904650,22.65685
channel-0,4040088,30345666,30345684,18,2025-02-25 20:05:35.013037,2025-02-25 20:05:58.617177,23.60414
channel-750,684738,30345666,30345675,9,2025-02-25 20:05:35.013037,2025-02-25 20:05:47.230650,12.217613
channel-750,684739,30345671,30345676,5,2025-02-25 20:05:41.152515,2025-02-25 20:05:48.397315,7.2448
channel-0,4040089,30345672,30345698,26,2025-02-25 20:05:43.904650,2025-02-25 20:06:16.109098,32.204448
channel-199,132867,30345675,30345683,8,2025-02-25 20:05:47.230650,2025-02-25 20:05:57.423517,10.192867
channel-251,85279,30345675,30345683,8,2025-02-25 20:05:47.230650,2025-02-25 20:05:57.423517,10.192867
channel-85077,61038,30345677,30345686,9,2025-02-25 20:05:49.500118,2025-02-25 20:06:01.174919,11.674801
channel-6994,1325935,30345684,30345695,11,2025-02-25 20:05:58.617177,2025-02-25 20:06:12.701262,14.084085
channel-750,684740,30345685,30345695,10,2025-02-25 20:05:59.866173,2025-02-25 20:06:12.701262,12.835089
channel-0,4040090,30345686,30345705,19,2025-02-25 20:06:01.174919,2025-02-25 20:06:23.890942,22.716023
channel-750,684741,30345686,30345707,21,2025-02-25 20:06:01.174919,2025-02-25 20:06:26.222501,25.047582
channel-143,128468,30345692,30345713,21,2025-02-25 20:06:08.142494,2025-02-25 20:06:33.952048,25.809554
channel-1,408668,30345694,30345707,13,2025-02-25 20:06:10.428900,2025-02-25 20:06:26.222501,15.793601
channel-0,4040091,30345696,30345705,9,2025-02-25 20:06:13.842412,2025-02-25 20:06:23.890942,10.04853
channel-0,4040092,30345708,30345737,29,2025-02-25 20:06:27.345226,2025-02-25 20:07:02.138857,34.793631
channel-320,119278,30345709,30345746,37,2025-02-25 20:06:28.493261,2025-02-25 20:07:14.621870,46.128609
channel-750,684742,30345711,30345722,11,2025-02-25 20:06:30.786826,2025-02-25 20:06:45.089040,14.302214
channel-19774,346171,30345714,30345727,13,2025-02-25 20:06:35.138242,2025-02-25 20:06:50.892242,15.754
channel-89321,19550,30345715,30345747,32,2025-02-25 20:06:36.242069,2025-02-25 20:07:15.708667,39.466598
channel-750,684743,30345716,30345743,27,2025-02-25 20:06:38.047863,2025-02-25 20:07:10.163529,32.115666
channel-85077,61039,30345717,30345726,9,2025-02-25 20:06:39.245271,2025-02-25 20:06:49.833122,10.587851
channel-122,668343,30345717,30345722,5,2025-02-25 20:06:39.245271,2025-02-25 20:06:45.089040,5.843769
channel-750,684744,30345717,30345727,10,2025-02-25 20:06:39.245271,2025-02-25 20:06:50.892242,11.646971
channel-208,1491025,30345719,30345728,9,2025-02-25 20:06:41.521397,2025-02-25 20:06:51.977566,10.456169
channel-165,71470,30345720,30345730,10,2025-02-25 20:06:42.750704,2025-02-25 20:06:54.255665,11.504961
channel-2,130691,30345722,30345735,13,2025-02-25 20:06:45.089040,2025-02-25 20:07:00.001300,14.91226
channel-750,684745,30345724,30345739,15,2025-02-25 20:06:47.525099,2025-02-25 20:07:04.439955,16.914856
channel-750,684746,30345728,30345740,12,2025-02-25 20:06:51.977566,2025-02-25 20:07:05.646333,13.668767
channel-208,1491026,30345734,30345744,10,2025-02-25 20:06:58.860017,2025-02-25 20:07:11.248901,12.388884
channel-259,314463,30345734,30345740,6,2025-02-25 20:06:58.860017,2025-02-25 20:07:05.646333,6.786316
channel-326,538461,30345734,30345740,6,2025-02-25 20:06:58.860017,2025-02-25 20:07:05.646333,6.786316
channel-750,684747,30345736,30345746,10,2025-02-25 20:07:01.105605,2025-02-25 20:07:14.621870,13.516265
channel-750,684748,30345738,30345747,9,2025-02-25 20:07:03.294700,2025-02-25 20:07:15.708667,12.413967
channel-143,128469,30345738,30345746,8,2025-02-25 20:07:03.294700,2025-02-25 20:07:14.621870,11.32717
channel-412,64655,30345742,30345752,10,2025-02-25 20:07:08.934487,2025-02-25 20:07:21.965555,13.031068
channel-0,4040093,30345744,30345764,20,2025-02-25 20:07:11.248901,2025-02-25 20:07:38.332076,27.083175
channel-6994,1325936,30345745,30345759,14,2025-02-25 20:07:13.572738,2025-02-25 20:07:31.129244,17.556506
channel-0,4040094,30345746,30345756,10,2025-02-25 20:07:14.621870,2025-02-25 20:07:26.778467,12.156597
channel-874,293458,30345746,30345766,20,2025-02-25 20:07:14.621870,2025-02-25 20:07:40.579862,25.957992
channel-0,4040095,30345750,30345774,24,2025-02-25 20:07:19.592506,2025-02-25 20:07:49.961658,30.369152
channel-750,684749,30345752,30345760,8,2025-02-25 20:07:21.965555,2025-02-25 20:07:33.797615,11.83206
channel-750,684750,30345752,30345768,16,2025-02-25 20:07:21.965555,2025-02-25 20:07:42.892257,20.926702
channel-750,684751,30345756,30345768,12,2025-02-25 20:07:26.778467,2025-02-25 20:07:42.892257,16.11379
channel-750,684752,30345758,30345771,13,2025-02-25 20:07:28.993833,2025-02-25 20:07:46.324254,17.330421
channel-412,64656,30345759,30345774,15,2025-02-25 20:07:31.129244,2025-02-25 20:07:49.961658,18.832414
channel-165,71471,30345763,30345774,11,2025-02-25 20:07:37.202003,2025-02-25 20:07:49.961658,12.759655
channel-115,20435,30345766,30345781,15,2025-02-25 20:07:40.579862,2025-02-25 20:07:59.415247,18.835385
channel-188,190601,30345769,30345850,81,2025-02-25 20:07:44.014094,2025-02-25 20:09:32.422672,108.408578
channel-326,538462,30345773,30345780,7,2025-02-25 20:07:48.621968,2025-02-25 20:07:58.190199,9.568231
channel-750,684753,30345780,30345800,20,2025-02-25 20:07:58.190199,2025-02-25 20:08:24.646999,26.4568
channel-0,4040096,30345781,30345803,22,2025-02-25 20:07:59.415247,2025-02-25 20:08:31.277166,31.861919
channel-750,684754,30345784,30345795,11,2025-02-25 20:08:03.690480,2025-02-25 20:08:18.516893,14.826413
channel-326,538463,30345785,30345793,8,2025-02-25 20:08:04.979040,2025-02-25 20:08:16.135800,11.15676
channel-1575,15202,30345786,30345794,8,2025-02-25 20:08:06.081358,2025-02-25 20:08:17.342390,11.261032
channel-89321,19551,30345788,30345797,9,2025-02-25 20:08:08.369858,2025-02-25 20:08:21.195545,12.825687
channel-0,4040097,30345790,30345808,18,2025-02-25 20:08:11.730697,2025-02-25 20:08:36.896984,25.166287
channel-750,684755,30345793,30345798,5,2025-02-25 20:08:16.135800,2025-02-25 20:08:22.458024,6.322224
channel-750,684756,30345795,30345802,7,2025-02-25 20:08:18.516893,2025-02-25 20:08:30.240959,11.724066
channel-326,538464,30345798,30345800,2,2025-02-25 20:08:22.458024,2025-02-25 20:08:24.646999,2.188975
channel-750,684757,30345800,30345810,10,2025-02-25 20:08:24.646999,2025-02-25 20:08:39.193013,14.546014
channel-91942,129,30345800,30345825,25,2025-02-25 20:08:24.646999,2025-02-25 20:08:57.466470,32.819471
channel-208,1491027,30345800,30345810,10,2025-02-25 20:08:24.646999,2025-02-25 20:08:39.193013,14.546014
channel-122,668344,30345800,30345804,4,2025-02-25 20:08:24.646999,2025-02-25 20:08:32.436442,7.789443
channel-326,538465,30345807,30345815,8,2025-02-25 20:08:35.775420,2025-02-25 20:08:45.793263,10.017843
channel-122,668345,30345812,30345815,3,2025-02-25 20:08:42.215659,2025-02-25 20:08:45.793263,3.577604
channel-85077,61040,30345819,30345829,10,2025-02-25 20:08:50.562187,2025-02-25 20:09:03.202975,12.640788
channel-1,408669,30345819,30345844,25,2025-02-25 20:08:50.562187,2025-02-25 20:09:22.662554,32.100367
channel-85077,61041,30345822,30345832,10,2025-02-25 20:08:54.020646,2025-02-25 20:09:06.566435,12.545789
channel-115,20436,30345824,30345834,10,2025-02-25 20:08:56.321483,2025-02-25 20:09:09.069320,12.747837
channel-143,128470,30345825,30345843,18,2025-02-25 20:08:57.466470,2025-02-25 20:09:21.569532,24.103062
channel-0,4040098,30345826,30345844,18,2025-02-25 20:08:58.650129,2025-02-25 20:09:22.662554,24.012425
channel-750,684758,30345826,30345836,10,2025-02-25 20:08:58.650129,2025-02-25 20:09:11.434258,12.784129
channel-88,467219,30345833,30345848,15,2025-02-25 20:09:07.937112,2025-02-25 20:09:30.231407,22.294295
channel-750,684759,30345833,30345854,21,2025-02-25 20:09:07.937112,2025-02-25 20:09:37.887291,29.950179
channel-122,668346,30345836,30345848,12,2025-02-25 20:09:11.434258,2025-02-25 20:09:30.231407,18.797149
channel-1,408670,30345838,30345851,13,2025-02-25 20:09:15.806663,2025-02-25 20:09:33.580380,17.773717
channel-750,684760,30345838,30345849,11,2025-02-25 20:09:15.806663,2025-02-25 20:09:31.346161,15.539498
channel-750,684761,30345842,30345852,10,2025-02-25 20:09:20.419886,2025-02-25 20:09:35.722832,15.302946
channel-75016,4670,30345844,30345860,16,2025-02-25 20:09:22.662554,2025-02-25 20:09:44.656323,21.993769
channel-1,408671,30345844,30345857,13,2025-02-25 20:09:22.662554,2025-02-25 20:09:41.084450,18.421896
channel-122,668347,30345844,30345847,3,2025-02-25 20:09:22.662554,2025-02-25 20:09:28.609928,5.947374
channel-108,39867,30345848,30345881,33,2025-02-25 20:09:30.231407,2025-02-25 20:10:10.604267,40.37286
channel-874,293459,30345850,30345870,20,2025-02-25 20:09:32.422672,2025-02-25 20:09:56.980207,24.557535
channel-208,1491028,30345851,30345862,11,2025-02-25 20:09:33.580380,2025-02-25 20:09:46.902171,13.321791
channel-750,684762,30345854,30345863,9,2025-02-25 20:09:37.887291,2025-02-25 20:09:49.112456,11.225165
channel-0,4040099,30345858,30345879,21,2025-02-25 20:09:42.340923,2025-02-25 20:10:07.693035,25.352112
channel-0,4040100,30345860,30345869,9,2025-02-25 20:09:44.656323,2025-02-25 20:09:55.917983,11.26166
channel-76971,12257,30345860,30345877,17,2025-02-25 20:09:44.656323,2025-02-25 20:10:05.024093,20.36777
channel-750,684763,30345860,30345870,10,2025-02-25 20:09:44.656323,2025-02-25 20:09:56.980207,12.323884
channel-750,684764,30345862,30345880,18,2025-02-25 20:09:46.902171,2025-02-25 20:10:09.463410,22.561239
channel-320,119279,30345867,30345937,70,2025-02-25 20:09:53.724868,2025-02-25 20:11:23.791580,90.066712
channel-0,4040101,30345874,30345896,22,2025-02-25 20:10:01.565979,2025-02-25 20:10:29.483074,27.917095
channel-326,538466,30345881,30345886,5,2025-02-25 20:10:10.604267,2025-02-25 20:10:17.452740,6.848473
channel-750,684765,30345883,30345894,11,2025-02-25 20:10:12.836991,2025-02-25 20:10:27.182911,14.34592
channel-6994,1325937,30345885,30345896,11,2025-02-25 20:10:16.182795,2025-02-25 20:10:29.483074,13.300279
channel-208,1491029,30345886,30345895,9,2025-02-25 20:10:17.452740,2025-02-25 20:10:28.303864,10.851124
channel-750,684766,30345886,30345898,12,2025-02-25 20:10:17.452740,2025-02-25 20:10:31.762276,14.309536
channel-75,845329,30345892,30345899,7,2025-02-25 20:10:24.521176,2025-02-25 20:10:33.062534,8.541358
channel-750,684767,30345895,30345925,30,2025-02-25 20:10:28.303864,2025-02-25 20:11:07.311494,39.00763
channel-75,845330,30345896,30345903,7,2025-02-25 20:10:29.483074,2025-02-25 20:10:38.530174,9.0471
channel-6994,1325938,30345900,30345908,8,2025-02-25 20:10:35.244856,2025-02-25 20:10:45.657669,10.412813
channel-0,4040102,30345901,30345921,20,2025-02-25 20:10:36.366236,2025-02-25 20:11:02.617122,26.250886
channel-122,668348,30345906,30345909,3,2025-02-25 20:10:43.372512,2025-02-25 20:10:47.049920,3.677408
channel-0,4040103,30345908,30345919,11,2025-02-25 20:10:45.657669,2025-02-25 20:10:59.189781,13.532112
channel-0,4040104,30345908,30345931,23,2025-02-25 20:10:45.657669,2025-02-25 20:11:14.214105,28.556436
channel-750,684768,30345912,30345934,22,2025-02-25 20:10:50.595460,2025-02-25 20:11:20.406793,29.811333
channel-1,408672,30345916,30345926,10,2025-02-25 20:10:55.772752,2025-02-25 20:11:08.590361,12.817609
channel-199,132868,30345924,30345933,9,2025-02-25 20:11:06.197109,2025-02-25 20:11:18.037976,11.840867
channel-0,4040105,30345936,30345959,23,2025-02-25 20:11:22.717748,2025-02-25 20:11:51.359053,28.641305
channel-0,4040106,30345937,30345950,13,2025-02-25 20:11:23.791580,2025-02-25 20:11:40.310475,16.518895
channel-0,4040107,30345941,30345964,23,2025-02-25 20:11:28.135772,2025-02-25 20:11:57.138585,29.002813
channel-874,293460,30345944,30345963,19,2025-02-25 20:11:32.659754,2025-02-25 20:11:55.977444,23.31769
channel-750,684769,30345951,30345961,10,2025-02-25 20:11:41.344775,2025-02-25 20:11:53.690223,12.345448
channel-750,684770,30345951,30345961,10,2025-02-25 20:11:41.344775,2025-02-25 20:11:53.690223,12.345448
channel-85077,61042,30345958,30345976,18,2025-02-25 20:11:50.180491,2025-02-25 20:12:13.093717,22.913226
channel-767,14382,30345961,30345970,9,2025-02-25 20:11:53.690223,2025-02-25 20:12:05.020579,11.330356
channel-412,64657,30345966,30345977,11,2025-02-25 20:12:00.426147,2025-02-25 20:12:14.242809,13.816662
channel-0,4040108,30345966,30345978,12,2025-02-25 20:12:00.426147,2025-02-25 20:12:15.468499,15.042352
channel-750,684771,30345972,30345997,25,2025-02-25 20:12:07.298281,2025-02-25 20:12:39.203387,31.905106
channel-0,4040109,30345972,30345993,21,2025-02-25 20:12:07.298281,2025-02-25 20:12:34.787077,27.488796
channel-122,668349,30345976,30345995,19,2025-02-25 20:12:13.093717,2025-02-25 20:12:36.928056,23.834339
channel-750,684772,30345977,30345987,10,2025-02-25 20:12:14.242809,2025-02-25 20:12:27.965937,13.723128
channel-0,4040110,30345978,30345987,9,2025-02-25 20:12:15.468499,2025-02-25 20:12:27.965937,12.497438
channel-91017,2921,30345978,30345988,10,2025-02-25 20:12:15.468499,2025-02-25 20:12:29.086801,13.618302
channel-750,684773,30345983,30345995,12,2025-02-25 20:12:21.848549,2025-02-25 20:12:36.928056,15.079507
channel-783,104391,30345984,30345992,8,2025-02-25 20:12:24.143437,2025-02-25 20:12:33.559783,9.416346
channel-750,684774,30345990,30345996,6,2025-02-25 20:12:31.317720,2025-02-25 20:12:37.988433,6.670713
channel-4,167077,30345992,30346003,11,2025-02-25 20:12:33.559783,2025-02-25 20:12:47.171642,13.611859
channel-1,408673,30345992,30346004,12,2025-02-25 20:12:33.559783,2025-02-25 20:12:48.209219,14.649436
channel-5,184358,30345993,30346003,10,2025-02-25 20:12:34.787077,2025-02-25 20:12:47.171642,12.384565
channel-85077,61043,30345996,30346003,7,2025-02-25 20:12:37.988433,2025-02-25 20:12:47.171642,9.183209
channel-1279,67139,30346000,30346041,41,2025-02-25 20:12:42.756061,2025-02-25 20:13:38.545029,55.788968
channel-6787,166814,30346002,30346006,4,2025-02-25 20:12:45.004459,2025-02-25 20:12:53.751777,8.747318
channel-0,4040111,30346002,30346009,7,2025-02-25 20:12:45.004459,2025-02-25 20:12:57.247615,12.243156
channel-750,684775,30346003,30346017,14,2025-02-25 20:12:47.171642,2025-02-25 20:13:06.780076,19.608434
channel-208,1491030,30346003,30346015,12,2025-02-25 20:12:47.171642,2025-02-25 20:13:04.648425,17.476783
channel-0,4040112,30346005,30346028,23,2025-02-25 20:12:52.637091,2025-02-25 20:13:22.047154,29.410063
channel-750,684776,30346010,30346020,10,2025-02-25 20:12:58.380001,2025-02-25 20:13:11.736127,13.356126
channel-0,4040113,30346012,30346033,21,2025-02-25 20:13:01.222825,2025-02-25 20:13:29.385183,28.162358
channel-122,668350,30346016,30346024,8,2025-02-25 20:13:05.705889,2025-02-25 20:13:16.477581,10.771692
channel-208,1491031,30346019,30346029,10,2025-02-25 20:13:09.063424,2025-02-25 20:13:23.311025,14.247601
channel-6994,1325939,30346021,30346043,22,2025-02-25 20:13:12.779540,2025-02-25 20:13:40.766201,27.986661
channel-0,4040114,30346022,30346033,11,2025-02-25 20:13:14.250093,2025-02-25 20:13:29.385183,15.13509
channel-4,167078,30346024,30346033,9,2025-02-25 20:13:16.477581,2025-02-25 20:13:29.385183,12.907602
channel-750,684777,30346026,30346038,12,2025-02-25 20:13:18.819773,2025-02-25 20:13:34.903471,16.083698
channel-1279,67140,30346027,30346060,33,2025-02-25 20:13:20.874137,2025-02-25 20:14:02.100376,41.226239
channel-165,71472,30346033,30346045,12,2025-02-25 20:13:29.385183,2025-02-25 20:13:43.592651,14.207468
channel-750,684778,30346037,30346061,24,2025-02-25 20:13:33.775174,2025-02-25 20:14:03.306139,29.530965
channel-251,85280,30346037,30346046,9,2025-02-25 20:13:33.775174,2025-02-25 20:13:44.683871,10.908697
channel-0,4040115,30346040,30346070,30,2025-02-25 20:13:37.157669,2025-02-25 20:14:14.651011,37.493342
channel-229,55053,30346042,30346053,11,2025-02-25 20:13:39.647363,2025-02-25 20:13:53.113391,13.466028
channel-208,1491032,30346051,30346062,11,2025-02-25 20:13:50.783190,2025-02-25 20:14:04.455351,13.672161
channel-1279,67141,30346053,30346063,10,2025-02-25 20:13:53.113391,2025-02-25 20:14:05.719694,12.606303
channel-2186,40804,30346054,30346066,12,2025-02-25 20:13:54.231135,2025-02-25 20:14:10.010223,15.779088
channel-874,293461,30346055,30346074,19,2025-02-25 20:13:56.355309,2025-02-25 20:14:19.341977,22.986668
channel-0,4040116,30346061,30346083,22,2025-02-25 20:14:03.306139,2025-02-25 20:14:31.196102,27.889963
channel-6,66642,30346064,30346079,15,2025-02-25 20:14:06.827479,2025-02-25 20:14:25.476922,18.649443
channel-2,130692,30346070,30346081,11,2025-02-25 20:14:14.651011,2025-02-25 20:14:27.787445,13.136434
channel-0,4040117,30346081,30346100,19,2025-02-25 20:14:27.787445,2025-02-25 20:14:56.038381,28.250936
channel-88,467220,30346089,30346128,39,2025-02-25 20:14:39.801327,2025-02-25 20:15:31.063863,51.262536
channel-216,94310,30346092,30346165,73,2025-02-25 20:14:44.068447,2025-02-25 20:16:17.422789,93.354342
channel-122,668351,30346093,30346101,8,2025-02-25 20:14:45.195403,2025-02-25 20:14:57.203546,12.008143
channel-6994,1325940,30346094,30346101,7,2025-02-25 20:14:46.836747,2025-02-25 20:14:57.203546,10.366799
channel-750,684779,30346095,30346118,23,2025-02-25 20:14:48.017074,2025-02-25 20:15:18.720847,30.703773
channel-0,4040118,30346109,30346117,8,2025-02-25 20:15:08.139014,2025-02-25 20:15:17.608033,9.469019
channel-0,4040119,30346114,30346143,29,2025-02-25 20:15:14.258973,2025-02-25 20:15:48.672058,34.413085
channel-750,684780,30346117,30346129,12,2025-02-25 20:15:17.608033,2025-02-25 20:15:32.420229,14.812196
channel-326,538467,30346119,30346128,9,2025-02-25 20:15:19.874862,2025-02-25 20:15:31.063863,11.189001
channel-208,1491033,30346120,30346129,9,2025-02-25 20:15:20.981017,2025-02-25 20:15:32.420229,11.439212
channel-750,684781,30346121,30346127,6,2025-02-25 20:15:22.017968,2025-02-25 20:15:28.793017,6.775049
channel-750,684782,30346123,30346127,4,2025-02-25 20:15:24.283121,2025-02-25 20:15:28.793017,4.509896
channel-0,4040120,30346130,30346153,23,2025-02-25 20:15:33.608339,2025-02-25 20:16:02.034954,28.426615
channel-750,684783,30346152,30346163,11,2025-02-25 20:15:59.894874,2025-02-25 20:16:14.241939,14.347065
channel-750,684784,30346156,30346182,26,2025-02-25 20:16:05.625282,2025-02-25 20:16:39.951345,34.326063
channel-0,4040121,30346156,30346176,20,2025-02-25 20:16:05.625282,2025-02-25 20:16:32.462097,26.836815
channel-6994,1325941,30346160,30346171,11,2025-02-25 20:16:10.834818,2025-02-25 20:16:24.430200,13.595382
channel-122,668352,30346165,30346172,7,2025-02-25 20:16:17.422789,2025-02-25 20:16:26.578937,9.156148
channel-251,85281,30346176,30346186,10,2025-02-25 20:16:32.462097,2025-02-25 20:16:44.487363,12.025266
channel-122,668353,30346185,30346189,4,2025-02-25 20:16:43.398981,2025-02-25 20:16:48.935904,5.536923
channel-208,1491034,30346186,30346196,10,2025-02-25 20:16:44.487363,2025-02-25 20:16:59.734723,15.24736
channel-750,684785,30346187,30346197,10,2025-02-25 20:16:46.679726,2025-02-25 20:17:00.892229,14.212503
channel-6787,166815,30346191,30346195,4,2025-02-25 20:16:52.207724,2025-02-25 20:16:58.602666,6.394942
channel-19774,346172,30346194,30346202,8,2025-02-25 20:16:57.218081,2025-02-25 20:17:07.625257,10.407176
channel-251,85282,30346200,30346209,9,2025-02-25 20:17:04.304280,2025-02-25 20:17:19.577375,15.273095
channel-0,4040122,30346203,30346222,19,2025-02-25 20:17:08.745654,2025-02-25 20:17:35.209780,26.464126
channel-874,293462,30346204,30346212,8,2025-02-25 20:17:09.754348,2025-02-25 20:17:24.044512,14.290164
channel-0,4040123,30346207,30346220,13,2025-02-25 20:17:16.701127,2025-02-25 20:17:32.911277,16.21015
channel-20082,9905,30346213,30346225,12,2025-02-25 20:17:25.154693,2025-02-25 20:17:39.817482,14.662789
channel-750,684786,30346213,30346228,15,2025-02-25 20:17:25.154693,2025-02-25 20:17:43.060500,17.905807
channel-750,684787,30346215,30346240,25,2025-02-25 20:17:27.389861,2025-02-25 20:17:56.820110,29.430249
channel-0,4040124,30346219,30346228,9,2025-02-25 20:17:31.732436,2025-02-25 20:17:43.060500,11.328064
channel-750,684788,30346224,30346229,5,2025-02-25 20:17:38.708085,2025-02-25 20:17:44.179706,5.471621
channel-0,4040125,30346231,30346244,13,2025-02-25 20:17:46.384149,2025-02-25 20:18:01.909298,15.525149
channel-0,4040126,30346232,30346244,12,2025-02-25 20:17:47.566907,2025-02-25 20:18:01.909298,14.342391
channel-89321,19552,30346235,30346244,9,2025-02-25 20:17:50.979616,2025-02-25 20:18:01.909298,10.929682
channel-199,132869,30346239,30346248,9,2025-02-25 20:17:55.621582,2025-02-25 20:18:06.683507,11.061925
channel-208,1491035,30346243,30346253,10,2025-02-25 20:18:00.823104,2025-02-25 20:18:13.470240,12.647136
channel-2188,43882,30346247,30346251,4,2025-02-25 20:18:05.436532,2025-02-25 20:18:11.102364,5.665832
channel-85077,61044,30346253,30346263,10,2025-02-25 20:18:13.470240,2025-02-25 20:18:25.115171,11.644931
channel-750,684789,30346253,30346264,11,2025-02-25 20:18:13.470240,2025-02-25 20:18:26.249769,12.779529
channel-6994,1325942,30346271,30346279,8,2025-02-25 20:18:35.149926,2025-02-25 20:18:50.238238,15.088312
channel-750,684790,30346272,30346282,10,2025-02-25 20:18:36.322136,2025-02-25 20:18:54.778719,18.456583
channel-0,4040127,30346277,30346289,12,2025-02-25 20:18:43.695491,2025-02-25 20:19:03.710393,20.014902
channel-750,684791,30346277,30346303,26,2025-02-25 20:18:43.695491,2025-02-25 20:19:21.973653,38.278162
channel-750,684792,30346279,30346290,11,2025-02-25 20:18:50.238238,2025-02-25 20:19:04.895789,14.657551
channel-750,684793,30346282,30346291,9,2025-02-25 20:18:54.778719,2025-02-25 20:19:07.108554,12.329835
channel-2188,43883,30346283,30346287,4,2025-02-25 20:18:55.926674,2025-02-25 20:19:01.048290,5.121616
channel-0,4040128,30346290,30346299,9,2025-02-25 20:19:04.895789,2025-02-25 20:19:17.052257,12.156468
channel-76971,12258,30346295,30346314,19,2025-02-25 20:19:11.589096,2025-02-25 20:19:35.778831,24.189735
channel-0,4040129,30346298,30346319,21,2025-02-25 20:19:15.977689,2025-02-25 20:19:42.570668,26.592979
channel-750,684794,30346301,30346310,9,2025-02-25 20:19:19.801860,2025-02-25 20:19:31.129738,11.327878
channel-874,293463,30346309,30346330,21,2025-02-25 20:19:29.928491,2025-02-25 20:19:55.099558,25.171067
channel-88,467221,30346311,30346354,43,2025-02-25 20:19:32.327240,2025-02-25 20:20:24.943370,52.61613
channel-750,684795,30346314,30346326,12,2025-02-25 20:19:35.778831,2025-02-25 20:19:50.562822,14.783991
channel-750,684796,30346316,30346321,5,2025-02-25 20:19:38.060904,2025-02-25 20:19:44.927605,6.866701
channel-750,684797,30346318,30346331,13,2025-02-25 20:19:40.258698,2025-02-25 20:19:56.136206,15.877508
channel-1,408674,30346319,30346329,10,2025-02-25 20:19:42.570668,2025-02-25 20:19:54.077386,11.506718
channel-143,128471,30346321,30346376,55,2025-02-25 20:19:44.927605,2025-02-25 20:21:01.340465,76.41286
channel-750,684798,30346322,30346333,11,2025-02-25 20:19:46.050877,2025-02-25 20:19:58.349801,12.298924
channel-750,684799,30346322,30346336,14,2025-02-25 20:19:46.050877,2025-02-25 20:20:02.124136,16.073259
channel-229,55054,30346323,30346333,10,2025-02-25 20:19:47.232700,2025-02-25 20:19:58.349801,11.117101
channel-0,4040130,30346324,30346335,11,2025-02-25 20:19:48.272037,2025-02-25 20:20:00.877310,12.605273
channel-6994,1325943,30346324,30346336,12,2025-02-25 20:19:48.272037,2025-02-25 20:20:02.124136,13.852099
channel-750,684800,30346324,30346336,12,2025-02-25 20:19:48.272037,2025-02-25 20:20:02.124136,13.852099
channel-750,684801,30346327,30346340,13,2025-02-25 20:19:51.927963,2025-02-25 20:20:08.389781,16.461818
channel-94814,3798,30346328,30346339,11,2025-02-25 20:19:53.041528,2025-02-25 20:20:06.564328,13.5228
channel-0,4040131,30346330,30346339,9,2025-02-25 20:19:55.099558,2025-02-25 20:20:06.564328,11.46477
channel-750,684802,30346332,30346348,16,2025-02-25 20:19:57.236897,2025-02-25 20:20:17.253450,20.016553
channel-750,684803,30346332,30346336,4,2025-02-25 20:19:57.236897,2025-02-25 20:20:02.124136,4.887239
channel-750,684804,30346333,30346342,9,2025-02-25 20:19:58.349801,2025-02-25 20:20:10.613245,12.263444
channel-750,684805,30346335,30346351,16,2025-02-25 20:20:00.877310,2025-02-25 20:20:21.252075,20.374765
channel-750,684806,30346335,30346364,29,2025-02-25 20:20:00.877310,2025-02-25 20:20:44.224339,43.347029
channel-19774,346173,30346338,30346349,11,2025-02-25 20:20:05.382689,2025-02-25 20:20:18.648606,13.265917
channel-122,668354,30346339,30346344,5,2025-02-25 20:20:06.564328,2025-02-25 20:20:12.755439,6.191111
channel-750,684807,30346341,30346352,11,2025-02-25 20:20:09.422184,2025-02-25 20:20:22.677813,13.255629
channel-750,684808,30346341,30346364,23,2025-02-25 20:20:09.422184,2025-02-25 20:20:44.224339,34.802155
channel-750,684809,30346341,30346348,7,2025-02-25 20:20:09.422184,2025-02-25 20:20:17.253450,7.831266
channel-143,128472,30346342,30346357,15,2025-02-25 20:20:10.613245,2025-02-25 20:20:31.584002,20.970757
channel-85077,61045,30346348,30346358,10,2025-02-25 20:20:17.253450,2025-02-25 20:20:32.707180,15.45373
channel-750,684810,30346355,30346364,9,2025-02-25 20:20:26.113907,2025-02-25 20:20:44.224339,18.110432
channel-143,128473,30346358,30346409,51,2025-02-25 20:20:32.707180,2025-02-25 20:21:43.929303,71.222123
channel-750,684811,30346360,30346368,8,2025-02-25 20:20:35.120520,2025-02-25 20:20:51.313411,16.192891
channel-259,314464,30346360,30346369,9,2025-02-25 20:20:35.120520,2025-02-25 20:20:52.501719,17.381199
channel-0,4040132,30346360,30346385,25,2025-02-25 20:20:35.120520,2025-02-25 20:21:12.629720,37.5092
channel-208,1491036,30346361,30346368,7,2025-02-25 20:20:40.543889,2025-02-25 20:20:51.313411,10.769522
channel-750,684812,30346362,30346366,4,2025-02-25 20:20:41.776196,2025-02-25 20:20:47.627865,5.851669
channel-750,684813,30346366,30346376,10,2025-02-25 20:20:47.627865,2025-02-25 20:21:01.340465,13.7126
channel-75,845331,30346367,30346382,15,2025-02-25 20:20:50.182154,2025-02-25 20:21:09.076409,18.894255
channel-204,670864,30346372,30346378,6,2025-02-25 20:20:56.144253,2025-02-25 20:21:03.632942,7.488689
channel-6994,1325944,30346393,30346401,8,2025-02-25 20:21:22.048939,2025-02-25 20:21:33.070920,11.021981
channel-0,4040133,30346394,30346416,22,2025-02-25 20:21:23.293816,2025-02-25 20:21:51.869096,28.57528
channel-122,668355,30346395,30346399,4,2025-02-25 20:21:24.418679,2025-02-25 20:21:28.780585,4.361906
channel-75,845332,30346397,30346420,23,2025-02-25 20:21:26.633546,2025-02-25 20:21:57.941484,31.307938
channel-1,408675,30346400,30346435,35,2025-02-25 20:21:30.895921,2025-02-25 20:22:18.821452,47.925531
channel-208,1491037,30346400,30346409,9,2025-02-25 20:21:30.895921,2025-02-25 20:21:43.929303,13.033382
channel-750,684814,30346406,30346412,6,2025-02-25 20:21:39.516245,2025-02-25 20:21:47.293658,7.777413
channel-874,293464,30346406,30346427,21,2025-02-25 20:21:39.516245,2025-02-25 20:22:09.237797,29.721552
channel-750,684815,30346407,30346427,20,2025-02-25 20:21:40.575541,2025-02-25 20:22:09.237797,28.662256
channel-1279,67142,30346414,30346420,6,2025-02-25 20:21:49.559703,2025-02-25 20:21:57.941484,8.381781
channel-6994,1325945,30346418,30346425,7,2025-02-25 20:21:55.573890,2025-02-25 20:22:07.137938,11.564048
channel-75,845333,30346419,30346429,10,2025-02-25 20:21:56.702101,2025-02-25 20:22:11.542459,14.840358
channel-0,4040134,30346422,30346430,8,2025-02-25 20:22:03.549605,2025-02-25 20:22:12.676877,9.127272
channel-208,1491038,30346422,30346435,13,2025-02-25 20:22:03.549605,2025-02-25 20:22:18.821452,15.271847
channel-75,845334,30346424,30346442,18,2025-02-25 20:22:05.967952,2025-02-25 20:22:27.906627,21.938675
channel-750,684816,30346427,30346441,14,2025-02-25 20:22:09.237797,2025-02-25 20:22:26.760785,17.522988
channel-85077,61046,30346427,30346436,9,2025-02-25 20:22:09.237797,2025-02-25 20:22:20.091093,10.853296
channel-6994,1325946,30346427,30346440,13,2025-02-25 20:22:09.237797,2025-02-25 20:22:25.457773,16.219976
channel-0,4040135,30346429,30346452,23,2025-02-25 20:22:11.542459,2025-02-25 20:22:40.966314,29.423855
channel-85077,61047,30346432,30346440,8,2025-02-25 20:22:15.068691,2025-02-25 20:22:25.457773,10.389082
channel-750,684817,30346435,30346448,13,2025-02-25 20:22:18.821452,2025-02-25 20:22:34.817963,15.996511
channel-208,1491039,30346436,30346449,13,2025-02-25 20:22:20.091093,2025-02-25 20:22:35.955828,15.864735
channel-750,684818,30346441,30346455,14,2025-02-25 20:22:26.760785,2025-02-25 20:22:45.358404,18.597619
channel-750,684819,30346442,30346448,6,2025-02-25 20:22:27.906627,2025-02-25 20:22:34.817963,6.911336
channel-750,684820,30346443,30346451,8,2025-02-25 20:22:29.033224,2025-02-25 20:22:39.752042,10.718818
channel-750,684821,30346445,30346459,14,2025-02-25 20:22:31.477922,2025-02-25 20:22:50.246646,18.768724
channel-6994,1325947,30346448,30346456,8,2025-02-25 20:22:34.817963,2025-02-25 20:22:46.796250,11.978287
channel-750,684822,30346449,30346459,10,2025-02-25 20:22:35.955828,2025-02-25 20:22:50.246646,14.290818
channel-0,4040136,30346453,30346463,10,2025-02-25 20:22:42.088536,2025-02-25 20:22:59.230481,17.141945
channel-0,4040137,30346457,30346463,6,2025-02-25 20:22:47.959146,2025-02-25 20:22:59.230481,11.271335
channel-750,684823,30346460,30346466,6,2025-02-25 20:22:51.427505,2025-02-25 20:23:03.928381,12.500876
channel-4,167079,30346460,30346471,11,2025-02-25 20:22:51.427505,2025-02-25 20:23:09.965074,18.537569
channel-204,670865,30346461,30346466,5,2025-02-25 20:22:52.554186,2025-02-25 20:23:03.928381,11.374195
channel-42,1490088,30346461,30346466,5,2025-02-25 20:22:52.554186,2025-02-25 20:23:03.928381,11.374195
channel-1,408676,30346463,30346473,10,2025-02-25 20:22:59.230481,2025-02-25 20:23:12.447313,13.216832
channel-0,4040138,30346466,30346476,10,2025-02-25 20:23:03.928381,2025-02-25 20:23:16.373278,12.444897
channel-6994,1325948,30346466,30346475,9,2025-02-25 20:23:03.928381,2025-02-25 20:23:14.785143,10.856762
channel-0,4040139,30346466,30346486,20,2025-02-25 20:23:03.928381,2025-02-25 20:23:29.131761,25.20338
channel-750,684824,30346467,30346491,24,2025-02-25 20:23:04.984414,2025-02-25 20:23:35.940209,30.955795
channel-75,845335,30346467,30346473,6,2025-02-25 20:23:04.984414,2025-02-25 20:23:12.447313,7.462899
channel-4,167080,30346472,30346481,9,2025-02-25 20:23:11.269755,2025-02-25 20:23:23.045803,11.776048
channel-6994,1325949,30346473,30346484,11,2025-02-25 20:23:12.447313,2025-02-25 20:23:26.755367,14.308054
channel-750,684825,30346474,30346489,15,2025-02-25 20:23:13.540912,2025-02-25 20:23:32.593782,19.05287
channel-750,684826,30346474,30346508,34,2025-02-25 20:23:13.540912,2025-02-25 20:23:56.929991,43.389079
channel-6994,1325950,30346479,30346488,9,2025-02-25 20:23:20.817186,2025-02-25 20:23:31.449042,10.631856
channel-1429,140800,30346485,30346495,10,2025-02-25 20:23:27.998090,2025-02-25 20:23:40.303107,12.305017
channel-19774,346174,30346489,30346500,11,2025-02-25 20:23:32.593782,2025-02-25 20:23:46.054986,13.461204
channel-0,4040140,30346489,30346510,21,2025-02-25 20:23:32.593782,2025-02-25 20:24:00.222222,27.62844
channel-750,684827,30346498,30346511,13,2025-02-25 20:23:43.769747,2025-02-25 20:24:01.410308,17.640561
channel-6994,1325951,30346499,30346511,12,2025-02-25 20:23:44.844222,2025-02-25 20:24:01.410308,16.566086
channel-750,684828,30346499,30346511,12,2025-02-25 20:23:44.844222,2025-02-25 20:24:01.410308,16.566086
channel-750,684829,30346501,30346511,10,2025-02-25 20:23:48.308248,2025-02-25 20:24:01.410308,13.10206
channel-0,4040141,30346502,30346529,27,2025-02-25 20:23:49.633463,2025-02-25 20:24:24.298405,34.664942
channel-6994,1325952,30346503,30346514,11,2025-02-25 20:23:50.847964,2025-02-25 20:24:06.008758,15.160794
channel-750,684830,30346508,30346524,16,2025-02-25 20:23:56.929991,2025-02-25 20:24:17.453394,20.523403
channel-85077,61048,30346508,30346519,11,2025-02-25 20:23:56.929991,2025-02-25 20:24:11.948389,15.018398
channel-750,684831,30346511,30346515,4,2025-02-25 20:24:01.410308,2025-02-25 20:24:07.091108,5.6808
channel-199,132870,30346518,30346533,15,2025-02-25 20:24:10.789276,2025-02-25 20:24:29.113770,18.324494
channel-259,314465,30346520,30346526,6,2025-02-25 20:24:13.065457,2025-02-25 20:24:20.638795,7.573338
channel-750,684832,30346523,30346536,13,2025-02-25 20:24:16.354707,2025-02-25 20:24:32.477770,16.123063
channel-0,4040142,30346523,30346534,11,2025-02-25 20:24:16.354707,2025-02-25 20:24:30.203435,13.848728
channel-750,684833,30346524,30346538,14,2025-02-25 20:24:17.453394,2025-02-25 20:24:39.863258,22.409864
channel-750,684834,30346526,30346545,19,2025-02-25 20:24:20.638795,2025-02-25 20:24:48.990472,28.351677
channel-258,17762,30346526,30346538,12,2025-02-25 20:24:20.638795,2025-02-25 20:24:39.863258,19.224463
channel-0,4040143,30346528,30346536,8,2025-02-25 20:24:23.175266,2025-02-25 20:24:32.477770,9.302504
channel-0,4040144,30346531,30346540,9,2025-02-25 20:24:26.901649,2025-02-25 20:24:42.226183,15.324534
channel-750,684835,30346533,30346543,10,2025-02-25 20:24:29.113770,2025-02-25 20:24:45.728430,16.61466
channel-750,684836,30346533,30346543,10,2025-02-25 20:24:29.113770,2025-02-25 20:24:45.728430,16.61466
channel-1,408677,30346536,30346545,9,2025-02-25 20:24:32.477770,2025-02-25 20:24:48.990472,16.512702
channel-0,4040145,30346541,30346560,19,2025-02-25 20:24:43.532382,2025-02-25 20:25:11.117777,27.585395
channel-216,94311,30346548,30346612,64,2025-02-25 20:24:52.503783,2025-02-25 20:26:15.881890,83.378107
channel-750,684837,30346548,30346560,12,2025-02-25 20:24:52.503783,2025-02-25 20:25:11.117777,18.613994
channel-750,684838,30346551,30346556,5,2025-02-25 20:24:56.218303,2025-02-25 20:25:05.648367,9.430064
channel-0,4040146,30346560,30346570,10,2025-02-25 20:25:11.117777,2025-02-25 20:25:23.745833,12.628056
channel-750,684839,30346563,30346574,11,2025-02-25 20:25:15.963798,2025-02-25 20:25:28.968900,13.005102
channel-6994,1325953,30346564,30346576,12,2025-02-25 20:25:17.039071,2025-02-25 20:25:31.184315,14.145244
channel-750,684840,30346565,30346577,12,2025-02-25 20:25:18.149660,2025-02-25 20:25:32.297037,14.147377
channel-0,4040147,30346567,30346577,10,2025-02-25 20:25:20.291854,2025-02-25 20:25:32.297037,12.005183
channel-750,684841,30346568,30346578,10,2025-02-25 20:25:21.476029,2025-02-25 20:25:33.411173,11.935144
channel-85077,61049,30346568,30346578,10,2025-02-25 20:25:21.476029,2025-02-25 20:25:33.411173,11.935144
channel-0,4040148,30346573,30346592,19,2025-02-25 20:25:27.863108,2025-02-25 20:25:50.322682,22.459574
channel-750,684842,30346580,30346590,10,2025-02-25 20:25:35.653385,2025-02-25 20:25:47.841741,12.188356
channel-750,684843,30346584,30346617,33,2025-02-25 20:25:39.957776,2025-02-25 20:26:21.758484,41.800708
channel-412,64658,30346590,30346601,11,2025-02-25 20:25:47.841741,2025-02-25 20:26:00.499940,12.658199
channel-259,314466,30346592,30346599,7,2025-02-25 20:25:50.322682,2025-02-25 20:25:58.243965,7.921283
channel-750,684844,30346592,30346606,14,2025-02-25 20:25:50.322682,2025-02-25 20:26:07.033550,16.710868
channel-1,408678,30346594,30346604,10,2025-02-25 20:25:52.423435,2025-02-25 20:26:04.137652,11.714217
channel-122,668356,30346604,30346607,3,2025-02-25 20:26:04.137652,2025-02-25 20:26:09.192197,5.054545
channel-782,310283,30346604,30346609,5,2025-02-25 20:26:04.137652,2025-02-25 20:26:11.397286,7.259634
channel-750,684845,30346604,30346615,11,2025-02-25 20:26:04.137652,2025-02-25 20:26:19.332359,15.194707
channel-750,684846,30346604,30346612,8,2025-02-25 20:26:04.137652,2025-02-25 20:26:15.881890,11.744238
channel-750,684847,30346605,30346619,14,2025-02-25 20:26:05.821688,2025-02-25 20:26:23.970654,18.148966
channel-0,4040149,30346606,30346626,20,2025-02-25 20:26:07.033550,2025-02-25 20:26:33.237758,26.204208
channel-750,684848,30346606,30346611,5,2025-02-25 20:26:07.033550,2025-02-25 20:26:14.787492,7.753942
channel-0,4040150,30346615,30346626,11,2025-02-25 20:26:19.332359,2025-02-25 20:26:33.237758,13.905399
channel-750,684849,30346618,30346628,10,2025-02-25 20:26:22.797462,2025-02-25 20:26:37.131126,14.333664
channel-750,684850,30346620,30346638,18,2025-02-25 20:26:25.073481,2025-02-25 20:26:49.525878,24.452397
channel-208,1491040,30346621,30346630,9,2025-02-25 20:26:27.218018,2025-02-25 20:26:39.586474,12.368456
channel-750,684851,30346622,30346638,16,2025-02-25 20:26:28.474839,2025-02-25 20:26:49.525878,21.051039
channel-85077,61050,30346622,30346630,8,2025-02-25 20:26:28.474839,2025-02-25 20:26:39.586474,11.111635
channel-0,4040151,30346623,30346647,24,2025-02-25 20:26:29.543205,2025-02-25 20:27:03.159537,33.616332
channel-783,104392,30346623,30346629,6,2025-02-25 20:26:29.543205,2025-02-25 20:26:38.225596,8.682391
channel-750,684852,30346627,30346639,12,2025-02-25 20:26:35.960352,2025-02-25 20:26:50.644638,14.684286
channel-750,684853,30346634,30346641,7,2025-02-25 20:26:44.424728,2025-02-25 20:26:56.100849,11.676121
channel-0,4040152,30346639,30346660,21,2025-02-25 20:26:50.644638,2025-02-25 20:27:20.962997,30.318359
channel-782,310284,30346639,30346649,10,2025-02-25 20:26:50.644638,2025-02-25 20:27:05.577963,14.933325
channel-0,4040153,30346640,30346651,11,2025-02-25 20:26:55.027082,2025-02-25 20:27:07.923576,12.896494
channel-216,94312,30346651,30346730,79,2025-02-25 20:27:07.923576,2025-02-25 20:28:51.103439,103.179863
channel-19774,346175,30346657,30346669,12,2025-02-25 20:27:16.360674,2025-02-25 20:27:31.720284,15.35961
channel-0,4040154,30346657,30346684,27,2025-02-25 20:27:16.360674,2025-02-25 20:27:49.300187,32.939513
channel-750,684854,30346657,30346682,25,2025-02-25 20:27:16.360674,2025-02-25 20:27:46.897812,30.537138
channel-0,4040155,30346660,30346670,10,2025-02-25 20:27:20.962997,2025-02-25 20:27:32.877504,11.914507
channel-750,684855,30346666,30346670,4,2025-02-25 20:27:27.748678,2025-02-25 20:27:32.877504,5.128826
channel-208,1491041,30346667,30346679,12,2025-02-25 20:27:28.886648,2025-02-25 20:27:43.539236,14.652588
channel-0,4040156,30346669,30346679,10,2025-02-25 20:27:31.720284,2025-02-25 20:27:43.539236,11.818952
channel-85077,61051,30346670,30346681,11,2025-02-25 20:27:32.877504,2025-02-25 20:27:45.818347,12.940843
channel-750,684856,30346676,30346688,12,2025-02-25 20:27:39.928449,2025-02-25 20:27:53.791671,13.863222
channel-0,4040157,30346686,30346700,14,2025-02-25 20:27:51.592799,2025-02-25 20:28:07.167599,15.5748
channel-0,4040158,30346687,30346707,20,2025-02-25 20:27:52.710173,2025-02-25 20:28:19.344476,26.634303
channel-6994,1325954,30346696,30346717,21,2025-02-25 20:28:02.675664,2025-02-25 20:28:32.831676,30.156012
channel-6994,1325955,30346697,30346704,7,2025-02-25 20:28:03.811590,2025-02-25 20:28:13.529689,9.718099
channel-6994,1325956,30346703,30346712,9,2025-02-25 20:28:11.276505,2025-02-25 20:28:26.132841,14.856336
channel-750,684857,30346704,30346709,5,2025-02-25 20:28:13.529689,2025-02-25 20:28:21.512400,7.982711
channel-5,184359,30346704,30346715,11,2025-02-25 20:28:13.529689,2025-02-25 20:28:30.593400,17.063711
channel-750,684858,30346705,30346715,10,2025-02-25 20:28:15.641843,2025-02-25 20:28:30.593400,14.951557
channel-208,1491042,30346707,30346719,12,2025-02-25 20:28:19.344476,2025-02-25 20:28:35.153825,15.809349
channel-6994,1325957,30346708,30346722,14,2025-02-25 20:28:20.424394,2025-02-25 20:28:39.525205,19.100811
channel-216,94313,30346713,30346799,86,2025-02-25 20:28:27.282971,2025-02-25 20:30:16.712084,109.429113
channel-750,684859,30346713,30346723,10,2025-02-25 20:28:27.282971,2025-02-25 20:28:40.718783,13.435812
channel-122,668357,30346715,30346718,3,2025-02-25 20:28:30.593400,2025-02-25 20:28:33.896477,3.303077
channel-750,684860,30346719,30346739,20,2025-02-25 20:28:35.153825,2025-02-25 20:29:01.632561,26.478736
channel-184,137458,30346741,30346757,16,2025-02-25 20:29:03.786246,2025-02-25 20:29:23.422637,19.636391
channel-750,684861,30346744,30346755,11,2025-02-25 20:29:07.328418,2025-02-25 20:29:21.280655,13.952237
channel-208,1491043,30346754,30346766,12,2025-02-25 20:29:20.191133,2025-02-25 20:29:34.269964,14.078831
channel-0,4040159,30346756,30346769,13,2025-02-25 20:29:22.429542,2025-02-25 20:29:38.417575,15.988033
channel-6994,1325958,30346756,30346768,12,2025-02-25 20:29:22.429542,2025-02-25 20:29:37.137218,14.707676
channel-750,684862,30346758,30346763,5,2025-02-25 20:29:24.610477,2025-02-25 20:29:30.308939,5.698462
channel-750,684863,30346760,30346779,19,2025-02-25 20:29:26.967499,2025-02-25 20:29:50.860778,23.893279
channel-6994,1325959,30346767,30346777,10,2025-02-25 20:29:35.925119,2025-02-25 20:29:48.630319,12.7052
channel-750,684864,30346775,30346785,10,2025-02-25 20:29:46.176744,2025-02-25 20:29:57.941249,11.764505
channel-0,4040160,30346775,30346787,12,2025-02-25 20:29:46.176744,2025-02-25 20:30:00.318445,14.141701
channel-750,684865,30346778,30346800,22,2025-02-25 20:29:49.728241,2025-02-25 20:30:19.104319,29.376078
channel-122,668358,30346779,30346783,4,2025-02-25 20:29:50.860778,2025-02-25 20:29:55.816654,4.955876
channel-91017,2922,30346792,30346851,59,2025-02-25 20:30:06.252822,2025-02-25 20:31:27.170254,80.917432
channel-91017,2923,30346798,30346811,13,2025-02-25 20:30:15.017741,2025-02-25 20:30:31.857460,16.839719
channel-0,4040161,30346807,30346820,13,2025-02-25 20:30:27.162830,2025-02-25 20:30:44.742689,17.579859
channel-72,516480,30346813,30346854,41,2025-02-25 20:30:34.556810,2025-02-25 20:31:30.660880,56.10407
channel-750,684866,30346816,30346827,11,2025-02-25 20:30:38.126707,2025-02-25 20:30:53.485081,15.358374
channel-208,1491044,30346826,30346835,9,2025-02-25 20:30:52.331232,2025-02-25 20:31:03.264591,10.933359
channel-750,684867,30346833,30346859,26,2025-02-25 20:31:00.253946,2025-02-25 20:31:36.349405,36.095459
channel-750,684868,30346833,30346850,17,2025-02-25 20:31:00.253946,2025-02-25 20:31:26.042016,25.78807
channel-0,4040162,30346833,30346851,18,2025-02-25 20:31:00.253946,2025-02-25 20:31:27.170254,26.916308
channel-340,3201,30346840,30346846,6,2025-02-25 20:31:13.437371,2025-02-25 20:31:20.087430,6.650059
channel-0,4040163,30346858,30346867,9,2025-02-25 20:31:35.208944,2025-02-25 20:31:46.013864,10.80492
channel-326,538468,30346868,30346873,5,2025-02-25 20:31:48.200615,2025-02-25 20:31:53.929348,5.728733
channel-0,4040164,30346876,30346884,8,2025-02-25 20:31:57.228306,2025-02-25 20:32:12.180636,14.95233
channel-204,670866,30346880,30346890,10,2025-02-25 20:32:07.539751,2025-02-25 20:32:18.823287,11.283536
channel-2186,40805,30346888,30346900,12,2025-02-25 20:32:16.541911,2025-02-25 20:32:33.775334,17.233423
channel-750,684869,30346890,30346913,23,2025-02-25 20:32:18.823287,2025-02-25 20:32:48.731035,29.907748
channel-0,4040165,30346893,30346900,7,2025-02-25 20:32:23.241629,2025-02-25 20:32:33.775334,10.533705
channel-2186,40806,30346895,30346904,9,2025-02-25 20:32:25.434536,2025-02-25 20:32:38.323474,12.888938
channel-750,684870,30346900,30346916,16,2025-02-25 20:32:33.775334,2025-02-25 20:32:52.084023,18.308689
channel-750,684871,30346902,30346924,22,2025-02-25 20:32:35.982045,2025-02-25 20:33:01.421128,25.439083
channel-0,4040166,30346902,30346930,28,2025-02-25 20:32:35.982045,2025-02-25 20:33:09.275121,33.293076
channel-783,104393,30346913,30346922,9,2025-02-25 20:32:48.731035,2025-02-25 20:32:59.135834,10.404799
channel-208,1491045,30346916,30346924,8,2025-02-25 20:32:52.084023,2025-02-25 20:33:01.421128,9.337105
channel-1,408679,30346919,30346930,11,2025-02-25 20:32:55.379594,2025-02-25 20:33:09.275121,13.895527
channel-6994,1325960,30346923,30346934,11,2025-02-25 20:33:00.275995,2025-02-25 20:33:14.482958,14.206963
channel-113,301365,30346931,30346970,39,2025-02-25 20:33:11.044538,2025-02-25 20:34:00.886439,49.841901
channel-2188,43884,30346932,30346936,4,2025-02-25 20:33:12.256688,2025-02-25 20:33:17.709588,5.4529
channel-98451,67,30346943,30346957,14,2025-02-25 20:33:25.800233,2025-02-25 20:33:43.578108,17.777875
channel-0,4040167,30346946,30346966,20,2025-02-25 20:33:29.423306,2025-02-25 20:33:56.341118,26.917812
channel-750,684872,30346948,30346960,12,2025-02-25 20:33:32.767439,2025-02-25 20:33:46.847804,14.080365
channel-326,538469,30346950,30346962,12,2025-02-25 20:33:35.035654,2025-02-25 20:33:50.243417,15.207763
channel-750,684873,30346952,30346963,11,2025-02-25 20:33:37.511721,2025-02-25 20:33:51.357302,13.845581
channel-208,1491046,30346954,30346966,12,2025-02-25 20:33:39.745278,2025-02-25 20:33:56.341118,16.59584
channel-216,94314,30346955,30347021,66,2025-02-25 20:33:41.132956,2025-02-25 20:35:05.944167,84.811211
channel-750,684874,30346956,30346965,9,2025-02-25 20:33:42.379902,2025-02-25 20:33:54.582872,12.20297
channel-91017,2924,30346958,30346969,11,2025-02-25 20:33:44.752751,2025-02-25 20:33:59.791650,15.038899
channel-750,684875,30346961,30346981,20,2025-02-25 20:33:48.076496,2025-02-25 20:34:16.858558,28.782062
channel-750,684876,30346964,30346971,7,2025-02-25 20:33:53.502016,2025-02-25 20:34:05.231215,11.729199
channel-874,293465,30346967,30346972,5,2025-02-25 20:33:57.418986,2025-02-25 20:34:06.368302,8.949316
channel-0,4040168,30346973,30346984,11,2025-02-25 20:34:07.538553,2025-02-25 20:34:21.016783,13.47823
channel-783,104394,30346976,30346982,6,2025-02-25 20:34:11.082483,2025-02-25 20:34:18.022841,6.940358
channel-0,4040169,30346977,30346989,12,2025-02-25 20:34:12.258506,2025-02-25 20:34:26.935879,14.677373
channel-6994,1325961,30346977,30346985,8,2025-02-25 20:34:12.258506,2025-02-25 20:34:22.282065,10.023559
channel-0,4040170,30346980,30346998,18,2025-02-25 20:34:15.637909,2025-02-25 20:34:38.610579,22.97267
channel-750,684877,30346982,30347000,18,2025-02-25 20:34:18.022841,2025-02-25 20:34:41.913207,23.890366
channel-782,310285,30346985,30346993,8,2025-02-25 20:34:22.282065,2025-02-25 20:34:31.217453,8.935388
channel-222,3837,30346986,30346995,9,2025-02-25 20:34:23.330235,2025-02-25 20:34:34.532291,11.202056
channel-750,684878,30346992,30347002,10,2025-02-25 20:34:30.151122,2025-02-25 20:34:44.265005,14.113883
channel-0,4040171,30346997,30347008,11,2025-02-25 20:34:37.299164,2025-02-25 20:34:51.052356,13.753192
channel-1,408680,30346999,30347010,11,2025-02-25 20:34:40.827071,2025-02-25 20:34:53.285733,12.458662
channel-874,293466,30347000,30347009,9,2025-02-25 20:34:41.913207,2025-02-25 20:34:52.168975,10.255768
channel-326,538470,30347003,30347084,81,2025-02-25 20:34:45.380136,2025-02-25 20:36:31.025231,105.645095
channel-326,538471,30347003,30347084,81,2025-02-25 20:34:45.380136,2025-02-25 20:36:31.025231,105.645095
channel-326,538472,30347003,30347084,81,2025-02-25 20:34:45.380136,2025-02-25 20:36:31.025231,105.645095
channel-326,538473,30347003,30347084,81,2025-02-25 20:34:45.380136,2025-02-25 20:36:31.025231,105.645095
channel-326,538474,30347003,30347084,81,2025-02-25 20:34:45.380136,2025-02-25 20:36:31.025231,105.645095
channel-750,684879,30347011,30347023,12,2025-02-25 20:34:54.493638,2025-02-25 20:35:08.339249,13.845611
channel-750,684880,30347017,30347041,24,2025-02-25 20:35:01.319881,2025-02-25 20:35:32.887048,31.567167
channel-750,684881,30347017,30347027,10,2025-02-25 20:35:01.319881,2025-02-25 20:35:14.857287,13.537406
channel-750,684882,30347018,30347034,16,2025-02-25 20:35:02.513598,2025-02-25 20:35:23.728134,21.214536
channel-0,4040172,30347020,30347045,25,2025-02-25 20:35:04.689899,2025-02-25 20:35:42.026134,37.336235
channel-204,670867,30347021,30347029,8,2025-02-25 20:35:05.944167,2025-02-25 20:35:17.288529,11.344362
channel-188,190602,30347029,30347042,13,2025-02-25 20:35:17.288529,2025-02-25 20:35:37.552034,20.263505
channel-0,4040173,30347033,30347041,8,2025-02-25 20:35:22.543597,2025-02-25 20:35:32.887048,10.343451
channel-750,684883,30347039,30347045,6,2025-02-25 20:35:30.645942,2025-02-25 20:35:42.026134,11.380192
channel-216,94315,30347041,30347109,68,2025-02-25 20:35:32.887048,2025-02-25 20:37:02.194820,89.307772
channel-6994,1325962,30347041,30347051,10,2025-02-25 20:35:32.887048,2025-02-25 20:35:49.377140,16.490092
channel-750,684884,30347041,30347058,17,2025-02-25 20:35:32.887048,2025-02-25 20:35:59.044086,26.157038
channel-750,684885,30347041,30347055,14,2025-02-25 20:35:32.887048,2025-02-25 20:35:55.647001,22.759953
channel-5,184360,30347042,30347052,10,2025-02-25 20:35:37.552034,2025-02-25 20:35:50.463331,12.911297
channel-750,684886,30347042,30347053,11,2025-02-25 20:35:37.552034,2025-02-25 20:35:51.633270,14.081236
channel-2186,40807,30347043,30347055,12,2025-02-25 20:35:39.903544,2025-02-25 20:35:55.647001,15.743457
channel-1,408681,30347043,30347054,11,2025-02-25 20:35:39.903544,2025-02-25 20:35:54.396914,14.49337
channel-874,293467,30347045,30347173,128,2025-02-25 20:35:42.026134,2025-02-25 20:38:22.834953,160.808819
channel-4,167081,30347050,30347057,7,2025-02-25 20:35:48.382765,2025-02-25 20:35:57.867071,9.484306
channel-0,4040174,30347053,30347079,26,2025-02-25 20:35:51.633270,2025-02-25 20:36:25.073163,33.439893
channel-750,684887,30347055,30347065,10,2025-02-25 20:35:55.647001,2025-02-25 20:36:08.813384,13.166383
channel-2188,43885,30347059,30347064,5,2025-02-25 20:36:00.182433,2025-02-25 20:36:07.396975,7.214542
channel-0,4040175,30347059,30347068,9,2025-02-25 20:36:00.182433,2025-02-25 20:36:12.342862,12.160429
channel-38946,124306,30347059,30347072,13,2025-02-25 20:36:00.182433,2025-02-25 20:36:17.142630,16.960197
channel-750,684888,30347060,30347083,23,2025-02-25 20:36:01.364952,2025-02-25 20:36:29.940694,28.575742
channel-0,4040176,30347061,30347074,13,2025-02-25 20:36:02.974104,2025-02-25 20:36:19.464592,16.490488
channel-42,1490089,30347064,30347076,12,2025-02-25 20:36:07.396975,2025-02-25 20:36:21.515871,14.118896
channel-782,310286,30347068,30347076,8,2025-02-25 20:36:12.342862,2025-02-25 20:36:21.515871,9.173009
channel-1,408682,30347084,30347093,9,2025-02-25 20:36:31.025231,2025-02-25 20:36:42.118495,11.093264
channel-0,4040177,30347090,30347107,17,2025-02-25 20:36:37.748277,2025-02-25 20:36:59.945051,22.196774
channel-750,684889,30347092,30347098,6,2025-02-25 20:36:40.939626,2025-02-25 20:36:48.976737,8.037111
channel-143,128474,30347096,30347108,12,2025-02-25 20:36:46.686292,2025-02-25 20:37:01.071911,14.385619
channel-208,1491047,30347096,30347109,13,2025-02-25 20:36:46.686292,2025-02-25 20:37:02.194820,15.508528
channel-4,167082,30347099,30347124,25,2025-02-25 20:36:50.695548,2025-02-25 20:37:19.369977,28.674429
channel-0,4040178,30347099,30347107,8,2025-02-25 20:36:50.695548,2025-02-25 20:36:59.945051,9.249503
channel-148,16097,30347103,30347110,7,2025-02-25 20:36:55.550078,2025-02-25 20:37:03.368830,7.818752
channel-750,684890,30347112,30347136,24,2025-02-25 20:37:05.757962,2025-02-25 20:37:34.806832,29.04887
channel-0,4040179,30347116,30347145,29,2025-02-25 20:37:10.109836,2025-02-25 20:37:47.822151,37.712315
channel-750,684891,30347120,30347128,8,2025-02-25 20:37:14.669832,2025-02-25 20:37:24.809696,10.139864
channel-208,1491048,30347123,30347133,10,2025-02-25 20:37:18.321853,2025-02-25 20:37:30.343476,12.021623
channel-750,684892,30347124,30347135,11,2025-02-25 20:37:19.369977,2025-02-25 20:37:33.629188,14.259211
channel-0,4040180,30347125,30347149,24,2025-02-25 20:37:20.467870,2025-02-25 20:37:53.416234,32.948364
channel-75,845336,30347141,30347158,17,2025-02-25 20:37:43.122912,2025-02-25 20:38:04.864583,21.741671
channel-750,684893,30347144,30347162,18,2025-02-25 20:37:46.658380,2025-02-25 20:38:10.209085,23.550705
channel-750,684894,30347145,30347153,8,2025-02-25 20:37:47.822151,2025-02-25 20:37:59.244948,11.422797
channel-148,16098,30347149,30347160,11,2025-02-25 20:37:53.416234,2025-02-25 20:38:07.198594,13.78236
channel-38946,124307,30347151,30347164,13,2025-02-25 20:37:55.915427,2025-02-25 20:38:12.439145,16.523718
channel-750,684895,30347151,30347177,26,2025-02-25 20:37:55.915427,2025-02-25 20:38:27.502159,31.586732
channel-750,684896,30347152,30347162,10,2025-02-25 20:37:57.111876,2025-02-25 20:38:10.209085,13.097209
channel-750,684897,30347152,30347166,14,2025-02-25 20:37:57.111876,2025-02-25 20:38:14.632187,17.520311
channel-98451,69,30347156,30347166,10,2025-02-25 20:38:02.658293,2025-02-25 20:38:14.632187,11.973894
channel-0,4040181,30347161,30347181,20,2025-02-25 20:38:08.506749,2025-02-25 20:38:32.947605,24.440856
channel-85077,61052,30347162,30347175,13,2025-02-25 20:38:10.209085,2025-02-25 20:38:25.079396,14.870311
channel-750,684898,30347167,30347188,21,2025-02-25 20:38:15.905191,2025-02-25 20:38:43.355124,27.449933
channel-1,408683,30347168,30347179,11,2025-02-25 20:38:17.062805,2025-02-25 20:38:29.702326,12.639521
channel-326,538475,30347168,30347175,7,2025-02-25 20:38:17.062805,2025-02-25 20:38:25.079396,8.016591
channel-5,184361,30347168,30347178,10,2025-02-25 20:38:17.062805,2025-02-25 20:38:28.534319,11.471514
channel-6994,1325963,30347173,30347182,9,2025-02-25 20:38:22.834953,2025-02-25 20:38:35.230035,12.395082
channel-750,684899,30347190,30347203,13,2025-02-25 20:38:45.698780,2025-02-25 20:39:01.545934,15.847154
channel-208,1491049,30347191,30347201,10,2025-02-25 20:38:46.814677,2025-02-25 20:38:58.902689,12.088012
channel-1,408684,30347192,30347202,10,2025-02-25 20:38:47.830274,2025-02-25 20:39:00.257243,12.426969
channel-0,4040182,30347195,30347218,23,2025-02-25 20:38:51.294285,2025-02-25 20:39:19.372068,28.077783
channel-75,845337,30347197,30347217,20,2025-02-25 20:38:54.282746,2025-02-25 20:39:18.296092,24.013346
channel-750,684900,30347202,30347211,9,2025-02-25 20:39:00.257243,2025-02-25 20:39:11.536261,11.279018
channel-6994,1325964,30347202,30347215,13,2025-02-25 20:39:00.257243,2025-02-25 20:39:16.137026,15.879783
channel-2188,43886,30347203,30347207,4,2025-02-25 20:39:01.545934,2025-02-25 20:39:06.100953,4.555019
channel-783,104395,30347206,30347219,13,2025-02-25 20:39:04.966486,2025-02-25 20:39:20.490438,15.523952
channel-1,408685,30347214,30347225,11,2025-02-25 20:39:15.012451,2025-02-25 20:39:30.454016,15.441565
channel-750,684901,30347228,30347250,22,2025-02-25 20:39:34.391271,2025-02-25 20:40:05.834694,31.443423
channel-0,4040183,30347231,30347251,20,2025-02-25 20:39:37.863980,2025-02-25 20:40:07.191591,29.327611
channel-0,4040184,30347231,30347246,15,2025-02-25 20:39:37.863980,2025-02-25 20:40:01.327336,23.463356
channel-208,1491050,30347232,30347240,8,2025-02-25 20:39:39.087460,2025-02-25 20:39:50.254225,11.166765
channel-750,684902,30347233,30347245,12,2025-02-25 20:39:40.125635,2025-02-25 20:39:59.210995,19.08536
channel-750,684903,30347234,30347237,3,2025-02-25 20:39:41.201288,2025-02-25 20:39:46.835384,5.634096
channel-6994,1325965,30347245,30347257,12,2025-02-25 20:39:59.210995,2025-02-25 20:40:14.941003,15.730008
channel-1,408686,30347248,30347259,11,2025-02-25 20:40:03.606784,2025-02-25 20:40:18.269960,14.663176
channel-0,4040185,30347249,30347259,10,2025-02-25 20:40:04.641937,2025-02-25 20:40:18.269960,13.628023
channel-0,4040186,30347259,30347279,20,2025-02-25 20:40:18.269960,2025-02-25 20:40:43.902072,25.632112
channel-5,184362,30347260,30347271,11,2025-02-25 20:40:19.917618,2025-02-25 20:40:33.545383,13.627765
channel-1279,67143,30347260,30347271,11,2025-02-25 20:40:19.917618,2025-02-25 20:40:33.545383,13.627765
channel-750,684904,30347265,30347278,13,2025-02-25 20:40:25.323607,2025-02-25 20:40:42.765771,17.442164
channel-750,684905,30347269,30347272,3,2025-02-25 20:40:31.358155,2025-02-25 20:40:34.825067,3.466912
channel-1,408687,30347273,30347282,9,2025-02-25 20:40:36.931133,2025-02-25 20:40:47.524034,10.592901
channel-750,684906,30347277,30347288,11,2025-02-25 20:40:41.579870,2025-02-25 20:40:55.809399,14.229529
channel-783,104396,30347279,30347287,8,2025-02-25 20:40:43.902072,2025-02-25 20:40:54.417905,10.515833
channel-750,684907,30347283,30347318,35,2025-02-25 20:40:49.802848,2025-02-25 20:41:32.689975,42.887127
channel-750,684908,30347293,30347310,17,2025-02-25 20:41:01.993668,2025-02-25 20:41:21.616478,19.62281
channel-0,4040187,30347293,30347320,27,2025-02-25 20:41:01.993668,2025-02-25 20:41:35.078287,33.084619
channel-259,314467,30347295,30347301,6,2025-02-25 20:41:04.212494,2025-02-25 20:41:11.547312,7.334818
channel-75,845338,30347300,30347319,19,2025-02-25 20:41:10.334336,2025-02-25 20:41:33.875329,23.540993
channel-208,1491051,30347303,30347316,13,2025-02-25 20:41:13.823963,2025-02-25 20:41:30.384881,16.560918
channel-208,1491052,30347305,30347316,11,2025-02-25 20:41:15.914970,2025-02-25 20:41:30.384881,14.469911
channel-783,104397,30347311,30347318,7,2025-02-25 20:41:23.179704,2025-02-25 20:41:32.689975,9.510271
channel-199,132871,30347326,30347334,8,2025-02-25 20:41:41.567778,2025-02-25 20:41:52.890181,11.322403
channel-143,128475,30347327,30347338,11,2025-02-25 20:41:43.337795,2025-02-25 20:41:59.433450,16.095655
channel-750,684909,30347331,30347342,11,2025-02-25 20:41:47.768858,2025-02-25 20:42:04.214630,16.445772
channel-0,4040188,30347332,30347341,9,2025-02-25 20:41:49.998345,2025-02-25 20:42:02.980424,12.982079
channel-0,4040189,30347332,30347356,24,2025-02-25 20:41:49.998345,2025-02-25 20:42:21.248523,31.250178
channel-326,538476,30347338,30347364,26,2025-02-25 20:41:59.433450,2025-02-25 20:42:30.753573,31.320123
channel-6994,1325966,30347340,30347352,12,2025-02-25 20:42:01.735575,2025-02-25 20:42:15.742916,14.007341
channel-98451,70,30347357,30347371,14,2025-02-25 20:42:22.310457,2025-02-25 20:42:39.867510,17.557053
channel-75,845339,30347359,30347378,19,2025-02-25 20:42:25.088779,2025-02-25 20:42:49.262544,24.173765
channel-750,684910,30347360,30347382,22,2025-02-25 20:42:26.135153,2025-02-25 20:42:54.963159,28.828006
channel-0,4040190,30347362,30347372,10,2025-02-25 20:42:28.427328,2025-02-25 20:42:41.022754,12.595426
channel-1,408688,30347366,30347378,12,2025-02-25 20:42:33.106071,2025-02-25 20:42:49.262544,16.156473
channel-0,4040191,30347366,30347391,25,2025-02-25 20:42:33.106071,2025-02-25 20:43:05.979190,32.873119
channel-19774,346176,30347376,30347392,16,2025-02-25 20:42:45.535464,2025-02-25 20:43:07.077796,21.542332
channel-208,1491053,30347384,30347393,9,2025-02-25 20:42:57.302354,2025-02-25 20:43:08.143688,10.841334
channel-85077,61053,30347386,30347396,10,2025-02-25 20:42:59.704083,2025-02-25 20:43:11.519633,11.81555
channel-208,1491054,30347389,30347397,8,2025-02-25 20:43:03.089662,2025-02-25 20:43:13.619592,10.52993
channel-750,684911,30347392,30347396,4,2025-02-25 20:43:07.077796,2025-02-25 20:43:11.519633,4.441837
channel-0,4040192,30347394,30347402,8,2025-02-25 20:43:09.234730,2025-02-25 20:43:21.057155,11.822425
channel-122,668359,30347398,30347402,4,2025-02-25 20:43:15.011331,2025-02-25 20:43:21.057155,6.045824
channel-88,467222,30347398,30347431,33,2025-02-25 20:43:15.011331,2025-02-25 20:43:57.631225,42.619894
channel-0,4040193,30347399,30347418,19,2025-02-25 20:43:17.712220,2025-02-25 20:43:40.972920,23.2607
channel-750,684912,30347400,30347418,18,2025-02-25 20:43:18.865919,2025-02-25 20:43:40.972920,22.107001
channel-75,845340,30347408,30347416,8,2025-02-25 20:43:29.065494,2025-02-25 20:43:38.468614,9.40312
channel-750,684913,30347411,30347437,26,2025-02-25 20:43:32.722081,2025-02-25 20:44:04.415175,31.693094
channel-98451,72,30347412,30347425,13,2025-02-25 20:43:33.922109,2025-02-25 20:43:49.501174,15.579065
channel-750,684914,30347413,30347417,4,2025-02-25 20:43:35.095494,2025-02-25 20:43:39.569765,4.474271
channel-122,668360,30347418,30347423,5,2025-02-25 20:43:40.972920,2025-02-25 20:43:46.699834,5.726914
channel-750,684915,30347420,30347424,4,2025-02-25 20:43:43.214696,2025-02-25 20:43:47.807545,4.592849
channel-750,684916,30347421,30347433,12,2025-02-25 20:43:44.356884,2025-02-25 20:43:59.945524,15.58864
channel-6994,1325967,30347421,30347431,10,2025-02-25 20:43:44.356884,2025-02-25 20:43:57.631225,13.274341
channel-216,94316,30347424,30347490,66,2025-02-25 20:43:47.807545,2025-02-25 20:45:17.481156,89.673611
channel-750,684917,30347427,30347443,16,2025-02-25 20:43:51.793094,2025-02-25 20:44:11.316140,19.523046
channel-6994,1325968,30347428,30347441,13,2025-02-25 20:43:52.947710,2025-02-25 20:44:09.057344,16.109634
channel-6994,1325969,30347430,30347446,16,2025-02-25 20:43:56.500906,2025-02-25 20:44:14.650921,18.150015
channel-0,4040194,30347434,30347456,22,2025-02-25 20:44:01.085333,2025-02-25 20:44:30.188599,29.103266
channel-85077,61054,30347451,30347460,9,2025-02-25 20:44:21.091742,2025-02-25 20:44:36.220292,15.12855
channel-122,668361,30347460,30347463,3,2025-02-25 20:44:36.220292,2025-02-25 20:44:41.181944,4.961652
channel-6994,1325970,30347461,30347472,11,2025-02-25 20:44:38.366858,2025-02-25 20:44:52.603633,14.236775
channel-750,684918,30347467,30347489,22,2025-02-25 20:44:46.086132,2025-02-25 20:45:15.609710,29.523578
channel-750,684919,30347467,30347481,14,2025-02-25 20:44:46.086132,2025-02-25 20:45:03.803300,17.717168
channel-0,4040195,30347467,30347487,20,2025-02-25 20:44:46.086132,2025-02-25 20:45:12.320196,26.234064
channel-6994,1325971,30347475,30357781,10306,2025-02-25 20:44:57.290670,2025-02-26 00:26:14.534444,13277.243774
channel-122,668362,30347481,30347485,4,2025-02-25 20:45:03.803300,2025-02-25 20:45:10.043533,6.240233
channel-2494,31987,30347481,30347490,9,2025-02-25 20:45:03.803300,2025-02-25 20:45:17.481156,13.677856
channel-144,86704,30347487,30347496,9,2025-02-25 20:45:12.320196,2025-02-25 20:45:24.288009,11.967813
channel-0,4040196,30347501,30347525,24,2025-02-25 20:45:29.955214,2025-02-25 20:45:59.987720,30.032506
channel-0,4040197,30347503,30347512,9,2025-02-25 20:45:32.229660,2025-02-25 20:45:42.255921,10.026261
channel-199,132872,30347506,30347516,10,2025-02-25 20:45:35.393484,2025-02-25 20:45:46.945145,11.551661
channel-199,132873,30347506,30347516,10,2025-02-25 20:45:35.393484,2025-02-25 20:45:46.945145,11.551661
channel-89298,18750,30347516,30347525,9,2025-02-25 20:45:46.945145,2025-02-25 20:45:59.987720,13.042575
channel-750,684920,30347527,30347551,24,2025-02-25 20:46:02.193488,2025-02-25 20:46:30.832971,28.639483
channel-0,4040198,30347531,30347542,11,2025-02-25 20:46:06.545916,2025-02-25 20:46:20.488274,13.942358
channel-42,1490090,30347535,30347562,27,2025-02-25 20:46:12.416982,2025-02-25 20:46:43.972348,31.555366
channel-0,4040199,30347542,30347558,16,2025-02-25 20:46:20.488274,2025-02-25 20:46:39.312093,18.823819
channel-6994,1325972,30347554,30347564,10,2025-02-25 20:46:34.072644,2025-02-25 20:46:46.681361,12.608717
channel-0,4040200,30347569,30347575,6,2025-02-25 20:46:53.289331,2025-02-25 20:47:05.800306,12.510975
channel-94814,3799,30347569,30347576,7,2025-02-25 20:46:53.289331,2025-02-25 20:47:06.869299,13.579968
channel-232,49224,30347574,30347586,12,2025-02-25 20:47:00.501321,2025-02-25 20:47:19.301002,18.799681
channel-6994,1325973,30347576,30347587,11,2025-02-25 20:47:06.869299,2025-02-25 20:47:20.452878,13.583579
channel-750,684921,30347589,30347611,22,2025-02-25 20:47:23.707107,2025-02-25 20:47:50.868653,27.161546
channel-750,684922,30347595,30347600,5,2025-02-25 20:47:30.971871,2025-02-25 20:47:36.545833,5.573962
channel-75,845341,30347600,30347616,16,2025-02-25 20:47:36.545833,2025-02-25 20:47:56.470113,19.92428
channel-750,684923,30347600,30347605,5,2025-02-25 20:47:36.545833,2025-02-25 20:47:43.146086,6.600253
channel-0,4040201,30347615,30347626,11,2025-02-25 20:47:55.300023,2025-02-25 20:48:09.721036,14.421013
channel-6994,1325974,30347617,30347627,10,2025-02-25 20:47:57.616210,2025-02-25 20:48:10.832950,13.21674
channel-750,684924,30347621,30347626,5,2025-02-25 20:48:03.762498,2025-02-25 20:48:09.721036,5.958538
channel-0,4040202,30347639,30347649,10,2025-02-25 20:48:25.798044,2025-02-25 20:48:39.103412,13.305368
channel-750,684925,30347639,30347644,5,2025-02-25 20:48:25.798044,2025-02-25 20:48:32.420808,6.622764
channel-0,4040203,30347643,30347655,12,2025-02-25 20:48:31.376176,2025-02-25 20:48:46.691431,15.315255
channel-750,684926,30347653,30347686,33,2025-02-25 20:48:43.762377,2025-02-25 20:49:29.562913,45.800536
channel-199,132874,30347657,30347668,11,2025-02-25 20:48:53.971723,2025-02-25 20:49:07.984095,14.012372
channel-326,538477,30347668,30347677,9,2025-02-25 20:49:07.984095,2025-02-25 20:49:19.255177,11.271082
channel-326,538478,30347668,30347677,9,2025-02-25 20:49:07.984095,2025-02-25 20:49:19.255177,11.271082
channel-122,668363,30347669,30347673,4,2025-02-25 20:49:09.156115,2025-02-25 20:49:13.793629,4.637514
channel-642,126546,30347686,30347700,14,2025-02-25 20:49:29.562913,2025-02-25 20:49:47.423336,17.860423
channel-750,684927,30347693,30347700,7,2025-02-25 20:49:39.224397,2025-02-25 20:49:47.423336,8.198939
channel-208,1491055,30347707,30347717,10,2025-02-25 20:49:55.469698,2025-02-25 20:50:07.666553,12.196855
channel-208,1491056,30347711,30347721,10,2025-02-25 20:50:00.899965,2025-02-25 20:50:13.311084,12.411119
channel-216,94317,30347717,30347743,26,2025-02-25 20:50:07.666553,2025-02-25 20:50:39.259471,31.592918
channel-750,684928,30347717,30347741,24,2025-02-25 20:50:07.666553,2025-02-25 20:50:36.964204,29.297651
channel-326,538479,30347724,30347733,9,2025-02-25 20:50:17.203772,2025-02-25 20:50:27.559226,10.355454
channel-326,538480,30347724,30347733,9,2025-02-25 20:50:17.203772,2025-02-25 20:50:27.559226,10.355454
channel-75755,5555,30347724,30347739,15,2025-02-25 20:50:17.203772,2025-02-25 20:50:34.799560,17.595788
channel-750,684929,30347738,30347742,4,2025-02-25 20:50:33.547902,2025-02-25 20:50:38.094652,4.54675
channel-251,85283,30347753,30347762,9,2025-02-25 20:50:51.768809,2025-02-25 20:51:02.692334,10.923525
channel-199,132875,30347754,30347766,12,2025-02-25 20:50:53.624976,2025-02-25 20:51:07.375336,13.75036
channel-1429,140801,30347757,30347767,10,2025-02-25 20:50:57.055987,2025-02-25 20:51:09.656949,12.600962
channel-6994,1325975,30347762,30347772,10,2025-02-25 20:51:02.692334,2025-02-25 20:51:15.411443,12.719109
channel-85077,61055,30347763,30347772,9,2025-02-25 20:51:03.861214,2025-02-25 20:51:15.411443,11.550229
channel-6994,1325976,30347769,30347780,11,2025-02-25 20:51:12.007370,2025-02-25 20:51:25.707933,13.700563
channel-79703,4461,30347770,30347782,12,2025-02-25 20:51:13.079153,2025-02-25 20:51:27.955316,14.876163
channel-208,1491057,30347778,30347788,10,2025-02-25 20:51:23.409117,2025-02-25 20:51:35.704829,12.295712
channel-750,684930,30347778,30347792,14,2025-02-25 20:51:23.409117,2025-02-25 20:51:41.496780,18.087663
channel-750,684931,30347785,30347806,21,2025-02-25 20:51:31.488917,2025-02-25 20:52:00.670221,29.181304
channel-259,314468,30347787,30347792,5,2025-02-25 20:51:33.833570,2025-02-25 20:51:41.496780,7.66321
channel-91017,2925,30347788,30347800,12,2025-02-25 20:51:35.704829,2025-02-25 20:51:52.815823,17.110994
channel-199,132876,30347802,30347813,11,2025-02-25 20:51:56.024840,2025-02-25 20:52:08.931518,12.906678
channel-320,119280,30347803,30347828,25,2025-02-25 20:51:57.029888,2025-02-25 20:52:27.770555,30.740667
channel-89298,18751,30347836,30347845,9,2025-02-25 20:52:39.246704,2025-02-25 20:52:49.932498,10.685794
channel-181,13594,30347841,30347852,11,2025-02-25 20:52:44.935925,2025-02-25 20:52:59.616604,14.680679
channel-259,314469,30347841,30347848,7,2025-02-25 20:52:44.935925,2025-02-25 20:52:53.465792,8.529867
channel-750,684932,30347843,30347863,20,2025-02-25 20:52:47.547173,2025-02-25 20:53:13.337797,25.790624
channel-85077,61056,30347849,30347857,8,2025-02-25 20:52:54.597721,2025-02-25 20:53:05.186569,10.588848
channel-6994,1325977,30347856,30347867,11,2025-02-25 20:53:04.032580,2025-02-25 20:53:22.663618,18.631038
channel-0,4040204,30347858,30347866,8,2025-02-25 20:53:06.253885,2025-02-25 20:53:21.396173,15.142288
channel-19774,346177,30347860,30347865,5,2025-02-25 20:53:08.929756,2025-02-25 20:53:20.249582,11.319826
channel-0,4040205,30347862,30347871,9,2025-02-25 20:53:12.176598,2025-02-25 20:53:27.240498,15.0639
channel-181,13595,30347870,30347887,17,2025-02-25 20:53:26.102989,2025-02-25 20:53:46.097098,19.994109
channel-750,684933,30347887,30347893,6,2025-02-25 20:53:46.097098,2025-02-25 20:53:53.207385,7.110287
channel-85077,61057,30347893,30347901,8,2025-02-25 20:53:53.207385,2025-02-25 20:54:05.310559,12.103174
channel-216,94318,30347901,30347973,72,2025-02-25 20:54:05.310559,2025-02-25 20:55:35.943010,90.632451
channel-0,4040206,30347904,30347915,11,2025-02-25 20:54:08.803476,2025-02-25 20:54:22.631744,13.828268
channel-750,684934,30347904,30347927,23,2025-02-25 20:54:08.803476,2025-02-25 20:54:38.317713,29.514237
channel-181,13596,30347920,30347932,12,2025-02-25 20:54:28.855684,2025-02-25 20:54:44.681191,15.825507
channel-75,845342,30347935,30347943,8,2025-02-25 20:54:48.056812,2025-02-25 20:54:56.800887,8.744075
channel-1,408689,30347957,30347968,11,2025-02-25 20:55:15.304582,2025-02-25 20:55:30.125077,14.820495
channel-98451,73,30347959,30347973,14,2025-02-25 20:55:18.782994,2025-02-25 20:55:35.943010,17.160016
channel-85077,61058,30347977,30347988,11,2025-02-25 20:55:40.964827,2025-02-25 20:55:54.342678,13.377851
channel-750,684935,30347980,30348013,33,2025-02-25 20:55:44.470072,2025-02-25 20:56:27.785652,43.31558
channel-19774,346178,30347994,30348006,12,2025-02-25 20:56:01.119171,2025-02-25 20:56:17.388878,16.269707
channel-98451,74,30347999,30348021,22,2025-02-25 20:56:07.530170,2025-02-25 20:56:38.420005,30.889835
channel-750,684936,30348004,30348013,9,2025-02-25 20:56:13.496273,2025-02-25 20:56:27.785652,14.289379
channel-208,1491058,30348007,30348019,12,2025-02-25 20:56:19.856771,2025-02-25 20:56:35.230556,15.373785
channel-6787,166816,30348012,30348016,4,2025-02-25 20:56:26.457615,2025-02-25 20:56:31.826843,5.369228
channel-82819,487,30348034,30348048,14,2025-02-25 20:56:52.909908,2025-02-25 20:57:09.934161,17.024253
channel-750,684937,30348036,30348060,24,2025-02-25 20:56:55.328917,2025-02-25 20:57:25.253449,29.924532
channel-204,670868,30348040,30348047,7,2025-02-25 20:56:59.986033,2025-02-25 20:57:08.166885,8.180852
channel-6994,1325978,30348043,30348054,11,2025-02-25 20:57:03.357976,2025-02-25 20:57:16.801571,13.443595
channel-122,668364,30348051,30348054,3,2025-02-25 20:57:13.515637,2025-02-25 20:57:16.801571,3.285934
channel-199,132877,30348054,30348064,10,2025-02-25 20:57:16.801571,2025-02-25 20:57:30.131267,13.329696
channel-94814,3800,30348055,30348063,8,2025-02-25 20:57:19.225281,2025-02-25 20:57:29.019357,9.794076
channel-6994,1325979,30348064,30348078,14,2025-02-25 20:57:30.131267,2025-02-25 20:57:46.274285,16.143018
channel-89321,19553,30348070,30348081,11,2025-02-25 20:57:37.200130,2025-02-25 20:57:53.286299,16.086169
channel-6994,1325980,30348080,30348088,8,2025-02-25 20:57:48.426908,2025-02-25 20:58:02.586400,14.159492
channel-98451,75,30348080,30348092,12,2025-02-25 20:57:48.426908,2025-02-25 20:58:08.337340,19.910432
channel-6787,166817,30348080,30348085,5,2025-02-25 20:57:48.426908,2025-02-25 20:57:58.062239,9.635331
channel-89298,18752,30348085,30348093,8,2025-02-25 20:57:58.062239,2025-02-25 20:58:10.578847,12.516608
channel-874,293468,30348090,30348094,4,2025-02-25 20:58:06.017950,2025-02-25 20:58:11.730123,5.712173
channel-1,408690,30348091,30348099,8,2025-02-25 20:58:07.099430,2025-02-25 20:58:19.409627,12.310197
channel-750,684938,30348093,30348115,22,2025-02-25 20:58:10.578847,2025-02-25 20:58:41.454867,30.87602
channel-122,668365,30348098,30348102,4,2025-02-25 20:58:17.754175,2025-02-25 20:58:23.941270,6.187095
channel-143,128476,30348110,30348122,12,2025-02-25 20:58:35.056634,2025-02-25 20:58:50.330936,15.274302
channel-1,408691,30348119,30348132,13,2025-02-25 20:58:46.848385,2025-02-25 20:59:01.938392,15.090007
channel-232,49225,30348121,30348131,10,2025-02-25 20:58:49.140461,2025-02-25 20:59:00.850232,11.709771
channel-85077,61059,30348133,30348143,10,2025-02-25 20:59:03.032561,2025-02-25 20:59:14.496186,11.463625
channel-122,668366,30348144,30348149,5,2025-02-25 20:59:15.545792,2025-02-25 20:59:22.775668,7.229876
channel-75,845343,30348146,30348160,14,2025-02-25 20:59:17.797869,2025-02-25 20:59:36.540516,18.742647
channel-19774,346179,30348150,30348160,10,2025-02-25 20:59:23.897692,2025-02-25 20:59:36.540516,12.642824
channel-750,684939,30348152,30348175,23,2025-02-25 20:59:27.313839,2025-02-25 20:59:54.142702,26.828863
channel-208,1491059,30348167,30348177,10,2025-02-25 20:59:44.990476,2025-02-25 20:59:57.923853,12.933377
channel-216,94319,30348181,30348233,52,2025-02-25 21:00:03.235326,2025-02-25 21:01:07.566027,64.330701
channel-0,4040207,30348186,30348196,10,2025-02-25 21:00:09.075115,2025-02-25 21:00:20.426413,11.351298
channel-750,684940,30348191,30348196,5,2025-02-25 21:00:14.764536,2025-02-25 21:00:20.426413,5.661877
channel-750,684941,30348197,30348208,11,2025-02-25 21:00:21.531491,2025-02-25 21:00:36.572548,15.041057
channel-0,4040208,30348210,30348220,10,2025-02-25 21:00:38.793167,2025-02-25 21:00:52.815154,14.021987
channel-0,4040209,30348210,30348220,10,2025-02-25 21:00:38.793167,2025-02-25 21:00:52.815154,14.021987
channel-0,4040210,30348210,30348220,10,2025-02-25 21:00:38.793167,2025-02-25 21:00:52.815154,14.021987
channel-85077,61060,30348210,30348220,10,2025-02-25 21:00:38.793167,2025-02-25 21:00:52.815154,14.021987
channel-0,4040211,30348211,30348224,13,2025-02-25 21:00:40.978924,2025-02-25 21:00:57.488249,16.509325
channel-0,4040212,30348212,30348224,12,2025-02-25 21:00:42.816378,2025-02-25 21:00:57.488249,14.671871
channel-229,55055,30348215,30348225,10,2025-02-25 21:00:46.092421,2025-02-25 21:00:58.568386,12.475965
channel-208,1491060,30348222,30348234,12,2025-02-25 21:00:55.150061,2025-02-25 21:01:08.723553,13.573492
channel-75,845344,30348230,30348237,7,2025-02-25 21:01:04.070073,2025-02-25 21:01:12.165020,8.094947
channel-320,119281,30348230,30348245,15,2025-02-25 21:01:04.070073,2025-02-25 21:01:23.292206,19.222133
channel-750,684942,30348235,30348259,24,2025-02-25 21:01:09.900586,2025-02-25 21:01:40.541656,30.64107
channel-0,4040213,30348240,30348249,9,2025-02-25 21:01:15.570400,2025-02-25 21:01:27.742893,12.172493
channel-42,1490091,30348244,30348254,10,2025-02-25 21:01:20.820395,2025-02-25 21:01:33.995485,13.17509
channel-0,4040214,30348247,30348261,14,2025-02-25 21:01:25.521086,2025-02-25 21:01:44.396639,18.875553
channel-4,167083,30348257,30348265,8,2025-02-25 21:01:38.322887,2025-02-25 21:01:49.116500,10.793613
channel-1634,6720,30348257,30348272,15,2025-02-25 21:01:38.322887,2025-02-25 21:01:58.122139,19.799252
channel-208,1491061,30348261,30348270,9,2025-02-25 21:01:44.396639,2025-02-25 21:01:55.920426,11.523787
channel-0,4040215,30348264,30348273,9,2025-02-25 21:01:47.941070,2025-02-25 21:01:59.275303,11.334233
channel-0,4040216,30348273,30348283,10,2025-02-25 21:01:59.275303,2025-02-25 21:02:14.575727,15.300424
channel-232,49226,30348275,30348286,11,2025-02-25 21:02:05.082452,2025-02-25 21:02:20.173714,15.091262
channel-38946,124308,30348278,30348293,15,2025-02-25 21:02:09.011547,2025-02-25 21:02:29.029712,20.018165
channel-2188,43887,30348284,30348290,6,2025-02-25 21:02:16.907332,2025-02-25 21:02:25.375704,8.468372
channel-0,4040217,30348285,30348295,10,2025-02-25 21:02:18.992230,2025-02-25 21:02:32.742656,13.750426
channel-750,684943,30348295,30348316,21,2025-02-25 21:02:32.742656,2025-02-25 21:02:57.983336,25.24068
channel-1,408692,30348300,30348314,14,2025-02-25 21:02:38.126103,2025-02-25 21:02:55.645406,17.519303
channel-75,845345,30348304,30348326,22,2025-02-25 21:02:43.554459,2025-02-25 21:03:10.252568,26.698109
channel-122,668367,30348304,30348308,4,2025-02-25 21:02:43.554459,2025-02-25 21:02:47.956179,4.40172
channel-0,4040218,30348310,30348320,10,2025-02-25 21:02:50.783876,2025-02-25 21:03:03.528316,12.74444
channel-0,4040219,30348311,30348320,9,2025-02-25 21:02:52.020221,2025-02-25 21:03:03.528316,11.508095
channel-75,845346,30348320,30348328,8,2025-02-25 21:03:03.528316,2025-02-25 21:03:13.589768,10.061452
channel-0,4040220,30348330,30348342,12,2025-02-25 21:03:15.975807,2025-02-25 21:03:30.253135,14.277328
channel-122,668368,30348335,30348339,4,2025-02-25 21:03:22.531341,2025-02-25 21:03:26.951533,4.420192
channel-0,4040221,30348336,30348346,10,2025-02-25 21:03:23.665965,2025-02-25 21:03:36.400429,12.734464
channel-0,4040222,30348338,30348346,8,2025-02-25 21:03:25.804247,2025-02-25 21:03:36.400429,10.596182
channel-98451,78,30348339,30348355,16,2025-02-25 21:03:26.951533,2025-02-25 21:03:48.139271,21.187738
channel-750,684944,30348340,30348349,9,2025-02-25 21:03:27.998596,2025-02-25 21:03:39.819771,11.821175
channel-258,17763,30348341,30348349,8,2025-02-25 21:03:29.093618,2025-02-25 21:03:39.819771,10.726153
channel-5,184363,30348342,30348352,10,2025-02-25 21:03:30.253135,2025-02-25 21:03:44.817748,14.564613
channel-0,4040223,30348346,30348357,11,2025-02-25 21:03:36.400429,2025-02-25 21:03:50.627176,14.226747
channel-750,684945,30348349,30348373,24,2025-02-25 21:03:39.819771,2025-02-25 21:04:10.706628,30.886857
channel-208,1491062,30348353,30348363,10,2025-02-25 21:03:45.907224,2025-02-25 21:03:58.387214,12.47999
channel-1,408693,30348360,30348370,10,2025-02-25 21:03:55.024790,2025-02-25 21:04:07.184291,12.159501
channel-874,293469,30348365,30348373,8,2025-02-25 21:04:01.185883,2025-02-25 21:04:10.706628,9.520745
channel-0,4040224,30348374,30348385,11,2025-02-25 21:04:11.863988,2025-02-25 21:04:26.700578,14.83659
channel-0,4040225,30348377,30348391,14,2025-02-25 21:04:17.420177,2025-02-25 21:04:34.194522,16.774345
channel-6994,1325981,30348379,30348389,10,2025-02-25 21:04:19.857273,2025-02-25 21:04:31.311311,11.454038
channel-0,4040226,30348381,30348391,10,2025-02-25 21:04:22.143251,2025-02-25 21:04:34.194522,12.051271
channel-122,668369,30348395,30348397,2,2025-02-25 21:04:40.095480,2025-02-25 21:04:43.272593,3.177113
channel-75,845347,30348397,30348406,9,2025-02-25 21:04:43.272593,2025-02-25 21:04:56.905382,13.632789
channel-750,684946,30348397,30348420,23,2025-02-25 21:04:43.272593,2025-02-25 21:05:14.966504,31.693911
channel-0,4040227,30348400,30348411,11,2025-02-25 21:04:49.939009,2025-02-25 21:05:03.254069,13.31506
channel-258,17764,30348406,30348417,11,2025-02-25 21:04:56.905382,2025-02-25 21:05:10.506510,13.601128
channel-750,684947,30348411,30348421,10,2025-02-25 21:05:03.254069,2025-02-25 21:05:16.668686,13.414617
channel-0,4040228,30348424,30348435,11,2025-02-25 21:05:20.080667,2025-02-25 21:05:34.524464,14.443797
channel-1,408694,30348437,30348449,12,2025-02-25 21:05:36.698999,2025-02-25 21:05:54.223660,17.524661
channel-199,132878,30348441,30348454,13,2025-02-25 21:05:44.774758,2025-02-25 21:05:59.856732,15.081974
channel-0,4040229,30348441,30348452,11,2025-02-25 21:05:44.774758,2025-02-25 21:05:57.563918,12.78916
channel-1,408695,30348451,30348464,13,2025-02-25 21:05:56.479972,2025-02-25 21:06:12.315460,15.835488
channel-750,684948,30348452,30348474,22,2025-02-25 21:05:57.563918,2025-02-25 21:06:24.441556,26.877638
channel-75,845348,30348461,30348469,8,2025-02-25 21:06:07.912772,2025-02-25 21:06:18.401241,10.488469
channel-0,4040230,30348464,30348475,11,2025-02-25 21:06:12.315460,2025-02-25 21:06:25.463589,13.148129
channel-6994,1325982,30348472,30348484,12,2025-02-25 21:06:22.032698,2025-02-25 21:06:36.307727,14.275029
channel-2,130693,30348480,30348490,10,2025-02-25 21:06:31.823745,2025-02-25 21:06:47.951266,16.127521
channel-88,467223,30348485,30348503,18,2025-02-25 21:06:37.576309,2025-02-25 21:07:02.675904,25.099595
channel-0,4040231,30348511,30348522,11,2025-02-25 21:07:12.772468,2025-02-25 21:07:25.868309,13.095841
channel-750,684949,30348517,30348537,20,2025-02-25 21:07:19.309299,2025-02-25 21:07:45.976269,26.66697
channel-750,684950,30348522,30348532,10,2025-02-25 21:07:25.868309,2025-02-25 21:07:39.139809,13.2715
channel-476,11802,30348522,30348539,17,2025-02-25 21:07:25.868309,2025-02-25 21:07:48.144444,22.276135
channel-89298,18753,30348532,30348539,7,2025-02-25 21:07:39.139809,2025-02-25 21:07:48.144444,9.004635
channel-0,4040232,30348545,30348559,14,2025-02-25 21:07:57.741963,2025-02-25 21:08:15.193684,17.451721
channel-85077,61061,30348545,30348555,10,2025-02-25 21:07:57.741963,2025-02-25 21:08:10.614300,12.872337
channel-208,1491063,30348561,30348573,12,2025-02-25 21:08:17.481696,2025-02-25 21:08:31.033127,13.551431
channel-750,684951,30348573,30348592,19,2025-02-25 21:08:31.033127,2025-02-25 21:08:57.205786,26.172659
channel-6897,5651,30348575,30348584,9,2025-02-25 21:08:34.011302,2025-02-25 21:08:45.195042,11.18374
channel-0,4040233,30348580,30348591,11,2025-02-25 21:08:39.745630,2025-02-25 21:08:55.646619,15.900989
channel-6994,1325983,30348580,30348592,12,2025-02-25 21:08:39.745630,2025-02-25 21:08:57.205786,17.460156
channel-75,845349,30348597,30348604,7,2025-02-25 21:09:03.271658,2025-02-25 21:09:11.473639,8.201981
channel-750,684952,30348606,30348608,2,2025-02-25 21:09:13.719193,2025-02-25 21:09:16.585543,2.86635
channel-750,684953,30348608,30348625,17,2025-02-25 21:09:16.585543,2025-02-25 21:09:41.346646,24.761103
channel-75,845350,30348608,30348615,7,2025-02-25 21:09:16.585543,2025-02-25 21:09:28.804778,12.219235
channel-6994,1325984,30348608,30348622,14,2025-02-25 21:09:16.585543,2025-02-25 21:09:36.791102,20.205559
channel-39535,10296,30348618,30349009,391,2025-02-25 21:09:32.014898,2025-02-25 21:17:57.836852,505.821954
channel-750,684954,30348619,30348628,9,2025-02-25 21:09:33.110363,2025-02-25 21:09:44.737424,11.627061
channel-750,684955,30348622,30348627,5,2025-02-25 21:09:36.791102,2025-02-25 21:09:43.628648,6.837546
channel-204,670869,30348622,30348642,20,2025-02-25 21:09:36.791102,2025-02-25 21:10:02.777305,25.986203
channel-0,4040234,30348624,30348634,10,2025-02-25 21:09:40.262083,2025-02-25 21:09:52.920458,12.658375
channel-326,538481,30348627,30348647,20,2025-02-25 21:09:43.628648,2025-02-25 21:10:09.450414,25.821766
channel-750,684956,30348632,30348659,27,2025-02-25 21:09:49.563790,2025-02-25 21:10:26.321197,36.757407
channel-2188,43888,30348633,30348638,5,2025-02-25 21:09:50.684386,2025-02-25 21:09:57.482705,6.798319
channel-874,293470,30348642,30348647,5,2025-02-25 21:10:02.777305,2025-02-25 21:10:09.450414,6.673109
channel-750,684957,30348647,30348668,21,2025-02-25 21:10:09.450414,2025-02-25 21:10:37.028090,27.577676
channel-750,684958,30348647,30348655,8,2025-02-25 21:10:09.450414,2025-02-25 21:10:20.376605,10.926191
channel-85077,61062,30348650,30348658,8,2025-02-25 21:10:14.765006,2025-02-25 21:10:25.248257,10.483251
channel-2188,43889,30348658,30348662,4,2025-02-25 21:10:25.248257,2025-02-25 21:10:29.902382,4.654125
channel-0,4040235,30348661,30348672,11,2025-02-25 21:10:28.699791,2025-02-25 21:10:42.462645,13.762854
channel-42,1490092,30348677,30348684,7,2025-02-25 21:10:49.161392,2025-02-25 21:10:58.159760,8.998368
channel-6994,1325985,30348679,30348687,8,2025-02-25 21:10:51.458465,2025-02-25 21:11:01.875484,10.417019
channel-2188,43890,30348681,30348686,5,2025-02-25 21:10:53.705327,2025-02-25 21:11:00.608414,6.903087
channel-6994,1325986,30348685,30348696,11,2025-02-25 21:10:59.210790,2025-02-25 21:11:12.272319,13.061529
channel-108,39868,30348687,30348740,53,2025-02-25 21:11:01.875484,2025-02-25 21:12:12.120262,70.244778
channel-0,4040236,30348689,30348697,8,2025-02-25 21:11:04.412880,2025-02-25 21:11:14.938214,10.525334
channel-85077,61063,30348692,30348701,9,2025-02-25 21:11:07.773775,2025-02-25 21:11:19.433944,11.660169
channel-750,684959,30348696,30348721,25,2025-02-25 21:11:12.272319,2025-02-25 21:11:47.382231,35.109912
channel-0,4040237,30348701,30348715,14,2025-02-25 21:11:19.433944,2025-02-25 21:11:40.537717,21.103773
channel-2188,43891,30348703,30348707,4,2025-02-25 21:11:25.503074,2025-02-25 21:11:30.723745,5.220671
channel-6994,1325987,30348711,30348726,15,2025-02-25 21:11:35.081852,2025-02-25 21:11:53.077080,17.995228
channel-85077,61064,30348711,30348724,13,2025-02-25 21:11:35.081852,2025-02-25 21:11:50.752555,15.670703
channel-0,4040238,30348714,30348725,11,2025-02-25 21:11:39.432892,2025-02-25 21:11:51.907517,12.474625
channel-85077,61065,30348719,30348727,8,2025-02-25 21:11:45.084369,2025-02-25 21:11:55.377915,10.293546
channel-75,845351,30348728,30348734,6,2025-02-25 21:11:57.798533,2025-02-25 21:12:04.687642,6.889109
channel-122,668370,30348730,30348734,4,2025-02-25 21:12:00.170000,2025-02-25 21:12:04.687642,4.517642
channel-783,104398,30348734,30348740,6,2025-02-25 21:12:04.687642,2025-02-25 21:12:12.120262,7.43262
channel-42,1490093,30348737,30348748,11,2025-02-25 21:12:08.071579,2025-02-25 21:12:21.403980,13.332401
channel-216,94320,30348738,30348841,103,2025-02-25 21:12:09.210628,2025-02-25 21:14:22.064626,132.853998
channel-85077,61066,30348742,30348758,16,2025-02-25 21:12:14.399534,2025-02-25 21:12:34.723061,20.323527
channel-750,684960,30348746,30348758,12,2025-02-25 21:12:19.238474,2025-02-25 21:12:34.723061,15.484587
channel-0,4040239,30348747,30348756,9,2025-02-25 21:12:20.280971,2025-02-25 21:12:31.390604,11.109633
channel-0,4040240,30348748,30348759,11,2025-02-25 21:12:21.403980,2025-02-25 21:12:35.854337,14.450357
channel-6994,1325988,30348748,30348756,8,2025-02-25 21:12:21.403980,2025-02-25 21:12:31.390604,9.986624
channel-6994,1325989,30348750,30348760,10,2025-02-25 21:12:23.538025,2025-02-25 21:12:38.030265,14.49224
channel-750,684961,30348755,30348776,21,2025-02-25 21:12:30.192714,2025-02-25 21:12:59.386101,29.193387
channel-6994,1325990,30348758,30348769,11,2025-02-25 21:12:34.723061,2025-02-25 21:12:48.625815,13.902754
channel-85077,61067,30348763,30348779,16,2025-02-25 21:12:41.472078,2025-02-25 21:13:02.599058,21.12698
channel-6994,1325991,30348767,30348777,10,2025-02-25 21:12:46.400274,2025-02-25 21:13:00.386866,13.986592
channel-85077,61068,30348775,30348782,7,2025-02-25 21:12:57.053954,2025-02-25 21:13:10.081635,13.027681
channel-89298,18754,30348776,30348782,6,2025-02-25 21:12:59.386101,2025-02-25 21:13:10.081635,10.695534
channel-6994,1325992,30348777,30348783,6,2025-02-25 21:13:00.386866,2025-02-25 21:13:11.233365,10.846499
channel-216,94321,30348782,30348866,84,2025-02-25 21:13:10.081635,2025-02-25 21:14:55.540124,105.458489
channel-91017,2926,30348786,30348801,15,2025-02-25 21:13:14.475367,2025-02-25 21:13:31.456072,16.980705
channel-85077,61069,30348804,30348816,12,2025-02-25 21:13:35.489144,2025-02-25 21:13:49.222827,13.733683
channel-6994,1325993,30348808,30348821,13,2025-02-25 21:13:39.944935,2025-02-25 21:13:56.227717,16.282782
channel-750,684962,30348815,30348826,11,2025-02-25 21:13:48.197825,2025-02-25 21:14:01.953574,13.755749
channel-750,684963,30348822,30348847,25,2025-02-25 21:13:57.323367,2025-02-25 21:14:29.374778,32.051411
channel-642,126547,30348831,30348842,11,2025-02-25 21:14:08.272196,2025-02-25 21:14:23.180406,14.90821
channel-208,1491064,30348843,30348854,11,2025-02-25 21:14:24.212107,2025-02-25 21:14:37.281027,13.06892
channel-6897,5652,30348857,30348866,9,2025-02-25 21:14:42.670367,2025-02-25 21:14:55.540124,12.869757
channel-5,184364,30348859,30348867,8,2025-02-25 21:14:45.593964,2025-02-25 21:14:56.719547,11.125583
channel-113,301366,30348859,30348920,61,2025-02-25 21:14:45.593964,2025-02-25 21:16:05.729144,80.13518
channel-750,684964,30348865,30348869,4,2025-02-25 21:14:54.354208,2025-02-25 21:14:59.518603,5.164395
channel-85077,61070,30348872,30348882,10,2025-02-25 21:15:02.909297,2025-02-25 21:15:16.651214,13.741917
channel-750,684965,30348878,30348900,22,2025-02-25 21:15:11.891556,2025-02-25 21:15:38.971987,27.080431
channel-85077,61071,30348878,30348887,9,2025-02-25 21:15:11.891556,2025-02-25 21:15:23.537271,11.645715
channel-6994,1325994,30348893,30348904,11,2025-02-25 21:15:30.331825,2025-02-25 21:15:44.050705,13.71888
channel-208,1491065,30348895,30348904,9,2025-02-25 21:15:32.566244,2025-02-25 21:15:44.050705,11.484461
channel-750,684966,30348906,30348911,5,2025-02-25 21:15:49.613512,2025-02-25 21:15:55.258812,5.6453
channel-216,94322,30348938,30349023,85,2025-02-25 21:16:27.724236,2025-02-25 21:18:16.332238,108.608002
channel-750,684967,30348958,30348977,19,2025-02-25 21:16:52.228782,2025-02-25 21:17:18.715403,26.486621
channel-88,467224,30348959,30348973,14,2025-02-25 21:16:54.320859,2025-02-25 21:17:13.239397,18.918538
channel-6994,1325995,30348968,30348977,9,2025-02-25 21:17:06.232609,2025-02-25 21:17:18.715403,12.482794
channel-326,538482,30348968,30348979,11,2025-02-25 21:17:06.232609,2025-02-25 21:17:21.079431,14.846822
channel-259,314470,30348969,30348974,5,2025-02-25 21:17:08.512989,2025-02-25 21:17:15.383457,6.870468
channel-4,167084,30348970,30348979,9,2025-02-25 21:17:09.641001,2025-02-25 21:17:21.079431,11.43843
channel-6787,166818,30348981,30348985,4,2025-02-25 21:17:24.450141,2025-02-25 21:17:29.019765,4.569624
channel-874,293471,30348986,30348991,5,2025-02-25 21:17:30.122669,2025-02-25 21:17:36.780764,6.658095
channel-113,301367,30348995,30349041,46,2025-02-25 21:17:41.770571,2025-02-25 21:18:41.455683,59.685112
channel-0,4040241,30349003,30349016,13,2025-02-25 21:17:51.005976,2025-02-25 21:18:05.929972,14.923996
channel-208,1491066,30349003,30349015,12,2025-02-25 21:17:51.005976,2025-02-25 21:18:04.687101,13.681125
channel-75,845352,30349005,30349022,17,2025-02-25 21:17:53.295500,2025-02-25 21:18:15.138454,21.842954
channel-89298,18755,30349006,30349016,10,2025-02-25 21:17:54.455654,2025-02-25 21:18:05.929972,11.474318
channel-229,55056,30349006,30349016,10,2025-02-25 21:17:54.455654,2025-02-25 21:18:05.929972,11.474318
channel-208,1491067,30349009,30349019,10,2025-02-25 21:17:57.836852,2025-02-25 21:18:11.564165,13.727313
channel-0,4040242,30349013,30349022,9,2025-02-25 21:18:02.354322,2025-02-25 21:18:15.138454,12.784132
channel-1,408696,30349018,30349027,9,2025-02-25 21:18:09.403265,2025-02-25 21:18:21.917602,12.514337
channel-750,684968,30349019,30349041,22,2025-02-25 21:18:11.564165,2025-02-25 21:18:41.455683,29.891518
channel-229,55057,30349020,30349033,13,2025-02-25 21:18:12.790588,2025-02-25 21:18:28.772941,15.982353
channel-2,130694,30349027,30349035,8,2025-02-25 21:18:21.917602,2025-02-25 21:18:31.810753,9.893151
channel-750,684969,30349029,30349034,5,2025-02-25 21:18:24.167620,2025-02-25 21:18:30.699519,6.531899
channel-326,538483,30349032,30349037,5,2025-02-25 21:18:27.664152,2025-02-25 21:18:35.222960,7.558808
channel-326,538484,30349035,30349041,6,2025-02-25 21:18:31.810753,2025-02-25 21:18:41.455683,9.64493
channel-326,538485,30349035,30349041,6,2025-02-25 21:18:31.810753,2025-02-25 21:18:41.455683,9.64493
channel-326,538486,30349035,30349041,6,2025-02-25 21:18:31.810753,2025-02-25 21:18:41.455683,9.64493
channel-0,4040243,30349055,30349091,36,2025-02-25 21:18:58.095480,2025-02-25 21:19:44.735998,46.640518
channel-122,668371,30349056,30349060,4,2025-02-25 21:18:59.202029,2025-02-25 21:19:03.788953,4.586924
channel-94814,3801,30349068,30349081,13,2025-02-25 21:19:15.054828,2025-02-25 21:19:30.879395,15.824567
channel-1429,140802,30349073,30349082,9,2025-02-25 21:19:20.566424,2025-02-25 21:19:33.157901,12.591477
channel-208,1491068,30349077,30349086,9,2025-02-25 21:19:26.193304,2025-02-25 21:19:37.735222,11.541918
channel-750,684970,30349083,30349108,25,2025-02-25 21:19:34.351622,2025-02-25 21:20:04.604605,30.252983
channel-750,684971,30349086,30349090,4,2025-02-25 21:19:37.735222,2025-02-25 21:19:43.619669,5.884447
channel-2188,43892,30349090,30349095,5,2025-02-25 21:19:43.619669,2025-02-25 21:19:49.087778,5.468109
channel-199,132879,30349092,30349105,13,2025-02-25 21:19:45.745524,2025-02-25 21:20:01.327023,15.581499
channel-122,668372,30349113,30349117,4,2025-02-25 21:20:13.610795,2025-02-25 21:20:19.283399,5.672604
channel-0,4040244,30349121,30349133,12,2025-02-25 21:20:23.892103,2025-02-25 21:20:40.246942,16.354839
channel-750,684972,30349137,30349181,44,2025-02-25 21:20:44.769021,2025-02-25 21:21:38.941857,54.172836
channel-208,1491069,30349139,30349150,11,2025-02-25 21:20:46.955412,2025-02-25 21:21:00.309339,13.353927
channel-750,684973,30349140,30349144,4,2025-02-25 21:20:48.140559,2025-02-25 21:20:52.477004,4.336445
channel-75,845353,30349146,30349154,8,2025-02-25 21:20:55.608772,2025-02-25 21:21:05.066780,9.458008
channel-750,684974,30349154,30349175,21,2025-02-25 21:21:05.066780,2025-02-25 21:21:30.966063,25.899283
channel-2716,2673,30349156,30349171,15,2025-02-25 21:21:07.291476,2025-02-25 21:21:26.410928,19.119452
channel-42,1490094,30349158,30349164,6,2025-02-25 21:21:09.475895,2025-02-25 21:21:17.554945,8.07905
channel-6994,1325996,30349183,30349192,9,2025-02-25 21:21:41.585127,2025-02-25 21:21:53.982626,12.397499
channel-21113,25360,30349183,30349188,5,2025-02-25 21:21:41.585127,2025-02-25 21:21:49.402335,7.817208
channel-89321,19554,30349202,30349209,7,2025-02-25 21:22:07.403554,2025-02-25 21:22:16.642776,9.239222
channel-750,684975,30349203,30349223,20,2025-02-25 21:22:08.552129,2025-02-25 21:22:36.619887,28.067758
channel-42,1490095,30349213,30349225,12,2025-02-25 21:22:23.324231,2025-02-25 21:22:38.773830,15.449599
channel-204,670870,30349214,30349223,9,2025-02-25 21:22:25.987853,2025-02-25 21:22:36.619887,10.632034
channel-75,845354,30349226,30349241,15,2025-02-25 21:22:40.008535,2025-02-25 21:22:57.880999,17.872464
channel-340,3202,30349226,30349236,10,2025-02-25 21:22:40.008535,2025-02-25 21:22:52.026566,12.018031
channel-0,4040245,30349232,30349242,10,2025-02-25 21:22:47.426983,2025-02-25 21:22:59.004222,11.577239
channel-2,130695,30349244,30349257,13,2025-02-25 21:23:01.251029,2025-02-25 21:23:16.421303,15.170274
channel-199,132880,30349250,30349261,11,2025-02-25 21:23:08.152863,2025-02-25 21:23:22.195535,14.042672
channel-2494,31988,30349255,30349265,10,2025-02-25 21:23:14.145190,2025-02-25 21:23:27.525715,13.380525
channel-750,684976,30349264,30349287,23,2025-02-25 21:23:26.288988,2025-02-25 21:23:53.313294,27.024306
channel-0,4040246,30349271,30349278,7,2025-02-25 21:23:35.299664,2025-02-25 21:23:42.942701,7.643037
channel-2716,2674,30349292,30349305,13,2025-02-25 21:24:00.226964,2025-02-25 21:24:18.282331,18.055367
channel-5,184365,30349303,30349315,12,2025-02-25 21:24:15.906636,2025-02-25 21:24:30.437671,14.531035
channel-6994,1325997,30349308,30349317,9,2025-02-25 21:24:21.589714,2025-02-25 21:24:32.579923,10.990209
channel-0,4040247,30349321,30349333,12,2025-02-25 21:24:40.532436,2025-02-25 21:24:55.885613,15.353177
channel-1,408697,30349321,30349336,15,2025-02-25 21:24:40.532436,2025-02-25 21:24:59.273420,18.740984
channel-750,684977,30349324,30349346,22,2025-02-25 21:24:43.725109,2025-02-25 21:25:11.739336,28.014227
channel-0,4040248,30349326,30349338,12,2025-02-25 21:24:46.103842,2025-02-25 21:25:01.468093,15.364251
channel-750,684978,30349340,30349347,7,2025-02-25 21:25:03.756666,2025-02-25 21:25:12.794964,9.038298
channel-0,4040249,30349344,30349353,9,2025-02-25 21:25:08.345964,2025-02-25 21:25:20.641290,12.295326
channel-874,293472,30349345,30349349,4,2025-02-25 21:25:09.411397,2025-02-25 21:25:15.135333,5.723936
channel-75,845355,30349373,30349381,8,2025-02-25 21:25:45.657175,2025-02-25 21:25:56.840362,11.183187
channel-122,668373,30349379,30349383,4,2025-02-25 21:25:54.478206,2025-02-25 21:25:59.023097,4.544891
channel-143,128477,30349379,30349387,8,2025-02-25 21:25:54.478206,2025-02-25 21:26:03.432301,8.954095
channel-750,684979,30349381,30349408,27,2025-02-25 21:25:56.840362,2025-02-25 21:26:36.239399,39.399037
channel-0,4040250,30349389,30349399,10,2025-02-25 21:26:10.028357,2025-02-25 21:26:22.905145,12.876788
channel-767,14383,30349391,30349404,13,2025-02-25 21:26:12.155175,2025-02-25 21:26:29.541721,17.386546
channel-340,3203,30349396,30349404,8,2025-02-25 21:26:18.543921,2025-02-25 21:26:29.541721,10.9978
channel-85077,61072,30349398,30349405,7,2025-02-25 21:26:21.724167,2025-02-25 21:26:31.730408,10.006241
channel-85077,61073,30349399,30349408,9,2025-02-25 21:26:22.905145,2025-02-25 21:26:36.239399,13.334254
channel-19774,346180,30349420,30349430,10,2025-02-25 21:26:50.272605,2025-02-25 21:27:02.517008,12.244403
channel-750,684980,30349421,30349436,15,2025-02-25 21:26:51.402592,2025-02-25 21:27:10.699672,19.29708
channel-0,4040251,30349430,30349439,9,2025-02-25 21:27:02.517008,2025-02-25 21:27:15.117024,12.600016
channel-750,684981,30349432,30349436,4,2025-02-25 21:27:04.876736,2025-02-25 21:27:10.699672,5.822936
channel-0,4040252,30349435,30349444,9,2025-02-25 21:27:09.320643,2025-02-25 21:27:20.724247,11.403604
channel-750,684982,30349444,30349463,19,2025-02-25 21:27:20.724247,2025-02-25 21:27:45.370888,24.646641
channel-750,684983,30349452,30349464,12,2025-02-25 21:27:30.646545,2025-02-25 21:27:46.630396,15.983851
channel-0,4040253,30349452,30349462,10,2025-02-25 21:27:30.646545,2025-02-25 21:27:44.146343,13.499798
channel-0,4040254,30349459,30349467,8,2025-02-25 21:27:39.094870,2025-02-25 21:27:50.099530,11.00466
channel-0,4040255,30349487,30349498,11,2025-02-25 21:28:14.570153,2025-02-25 21:28:27.810385,13.240232
channel-750,684984,30349506,30349526,20,2025-02-25 21:28:38.035125,2025-02-25 21:29:08.240740,30.205615
channel-1,408698,30349517,30349529,12,2025-02-25 21:28:53.503020,2025-02-25 21:29:12.305075,18.802055
channel-19774,346181,30349520,30349531,11,2025-02-25 21:28:57.756693,2025-02-25 21:29:14.596402,16.839709
channel-750,684985,30349565,30349584,19,2025-02-25 21:29:56.482580,2025-02-25 21:30:19.277715,22.795135
channel-75,845356,30349575,30349581,6,2025-02-25 21:30:08.099545,2025-02-25 21:30:15.944614,7.845069
channel-85077,61074,30349594,30349602,8,2025-02-25 21:30:32.413521,2025-02-25 21:30:41.633038,9.219517
channel-89298,18756,30349615,30349627,12,2025-02-25 21:30:58.272098,2025-02-25 21:31:12.986570,14.714472
channel-21113,25361,30349619,30349625,6,2025-02-25 21:31:02.791526,2025-02-25 21:31:10.676992,7.885466
channel-320,119282,30349620,30349641,21,2025-02-25 21:31:03.872034,2025-02-25 21:31:31.688256,27.816222
channel-2188,43893,30349621,30349626,5,2025-02-25 21:31:05.241911,2025-02-25 21:31:11.824007,6.582096
channel-750,684986,30349630,30349651,21,2025-02-25 21:31:16.449445,2025-02-25 21:31:45.518283,29.068838
channel-0,4040256,30349636,30349643,7,2025-02-25 21:31:23.743564,2025-02-25 21:31:35.110694,11.36713
channel-122,668374,30349650,30349654,4,2025-02-25 21:31:43.285150,2025-02-25 21:31:49.882786,6.597636
channel-85077,61075,30349670,30349679,9,2025-02-25 21:32:08.290479,2025-02-25 21:32:18.589110,10.298631
channel-19774,346182,30349689,30349697,8,2025-02-25 21:32:32.245862,2025-02-25 21:32:42.410711,10.164849
channel-750,684987,30349691,30349716,25,2025-02-25 21:32:35.667641,2025-02-25 21:33:04.832379,29.164738
channel-0,4040257,30349711,30349723,12,2025-02-25 21:32:59.219887,2025-02-25 21:33:15.480244,16.260357
channel-750,684988,30349716,30349732,16,2025-02-25 21:33:04.832379,2025-02-25 21:33:30.734759,25.90238
channel-122,668375,30349718,30349721,3,2025-02-25 21:33:09.137530,2025-02-25 21:33:12.641940,3.50441
channel-1424,7364,30349722,30349730,8,2025-02-25 21:33:13.757798,2025-02-25 21:33:28.403444,14.645646
channel-1,408699,30349723,30349732,9,2025-02-25 21:33:15.480244,2025-02-25 21:33:30.734759,15.254515
channel-326,538487,30349727,30349751,24,2025-02-25 21:33:20.155794,2025-02-25 21:33:53.294531,33.138737
channel-0,4040258,30349727,30349739,12,2025-02-25 21:33:20.155794,2025-02-25 21:33:39.762700,19.606906
channel-750,684989,30349752,30349773,21,2025-02-25 21:33:54.661385,2025-02-25 21:34:20.516533,25.855148
channel-1,408700,30349752,30349762,10,2025-02-25 21:33:54.661385,2025-02-25 21:34:06.835858,12.174473
channel-767,14384,30349765,30349778,13,2025-02-25 21:34:10.381559,2025-02-25 21:34:26.088802,15.707243
channel-874,293473,30349767,30349775,8,2025-02-25 21:34:12.711207,2025-02-25 21:34:22.802805,10.091598
channel-0,4040259,30349785,30349798,13,2025-02-25 21:34:33.669175,2025-02-25 21:34:51.544173,17.874998
channel-98451,79,30349787,30349800,13,2025-02-25 21:34:37.106524,2025-02-25 21:34:53.803223,16.696699
channel-188,190603,30349801,30349810,9,2025-02-25 21:34:54.949436,2025-02-25 21:35:05.066547,10.117111
channel-6787,166819,30349803,30349808,5,2025-02-25 21:34:57.112304,2025-02-25 21:35:02.920050,5.807746
channel-750,684990,30349808,30349827,19,2025-02-25 21:35:02.920050,2025-02-25 21:35:29.152675,26.232625
channel-0,4040260,30349816,30349829,13,2025-02-25 21:35:13.056677,2025-02-25 21:35:32.393214,19.336537
channel-750,684991,30349819,30349825,6,2025-02-25 21:35:19.693284,2025-02-25 21:35:26.966979,7.273695
channel-326,538488,30349839,30349871,32,2025-02-25 21:35:46.991794,2025-02-25 21:36:27.217108,40.225314
channel-326,538489,30349839,30349871,32,2025-02-25 21:35:46.991794,2025-02-25 21:36:27.217108,40.225314
channel-326,538490,30349839,30349871,32,2025-02-25 21:35:46.991794,2025-02-25 21:36:27.217108,40.225314
channel-326,538491,30349839,30349871,32,2025-02-25 21:35:46.991794,2025-02-25 21:36:27.217108,40.225314
channel-326,538492,30349839,30349871,32,2025-02-25 21:35:46.991794,2025-02-25 21:36:27.217108,40.225314
channel-326,538493,30349839,30349871,32,2025-02-25 21:35:46.991794,2025-02-25 21:36:27.217108,40.225314
channel-122,668376,30349840,30349843,3,2025-02-25 21:35:48.019195,2025-02-25 21:35:51.915913,3.896718
channel-75,845357,30349841,30349849,8,2025-02-25 21:35:49.594447,2025-02-25 21:35:58.833950,9.239503
channel-0,4040261,30349843,30349871,28,2025-02-25 21:35:51.915913,2025-02-25 21:36:27.217108,35.301195
channel-122,668377,30349863,30349866,3,2025-02-25 21:36:16.022718,2025-02-25 21:36:20.871226,4.848508
channel-0,4040262,30349865,30349878,13,2025-02-25 21:36:18.318299,2025-02-25 21:36:35.110622,16.792323
channel-2494,31989,30349866,30349879,13,2025-02-25 21:36:20.871226,2025-02-25 21:36:36.220738,15.349512
channel-122,668378,30349871,30349875,4,2025-02-25 21:36:27.217108,2025-02-25 21:36:31.621088,4.40398
channel-88,467225,30349878,30349895,17,2025-02-25 21:36:35.110622,2025-02-25 21:36:58.180343,23.069721
channel-750,684992,30349879,30349902,23,2025-02-25 21:36:36.220738,2025-02-25 21:37:06.077101,29.856363
channel-72,516481,30349897,30349942,45,2025-02-25 21:37:00.447731,2025-02-25 21:38:00.100665,59.652934
channel-6994,1325998,30349902,30349912,10,2025-02-25 21:37:06.077101,2025-02-25 21:37:19.090714,13.013613
channel-0,4040263,30349903,30349915,12,2025-02-25 21:37:07.251306,2025-02-25 21:37:22.405418,15.154112
channel-6994,1325999,30349920,30349931,11,2025-02-25 21:37:27.952155,2025-02-25 21:37:41.051785,13.09963
channel-6787,166820,30349924,30349929,5,2025-02-25 21:37:33.056456,2025-02-25 21:37:38.701930,5.645474
channel-750,684993,30349940,30349960,20,2025-02-25 21:37:54.620890,2025-02-25 21:38:26.303584,31.682694
channel-5,184366,30349946,30349955,9,2025-02-25 21:38:07.736726,2025-02-25 21:38:18.592924,10.856198
channel-320,119283,30349949,30349958,9,2025-02-25 21:38:11.076508,2025-02-25 21:38:22.787636,11.711128
channel-750,684994,30349987,30349991,4,2025-02-25 21:38:59.152560,2025-02-25 21:39:04.150429,4.997869
channel-750,684995,30349995,30350020,25,2025-02-25 21:39:10.226852,2025-02-25 21:39:39.031540,28.804688
channel-1424,7365,30350011,30350020,9,2025-02-25 21:39:28.173361,2025-02-25 21:39:39.031540,10.858179
channel-6994,1326000,30350023,30350035,12,2025-02-25 21:39:43.388890,2025-02-25 21:39:58.033854,14.644964
channel-122,668379,30350060,30350064,4,2025-02-25 21:40:29.692893,2025-02-25 21:40:35.348074,5.655181
channel-750,684996,30350073,30350101,28,2025-02-25 21:40:45.348808,2025-02-25 21:41:21.548570,36.199762
channel-85077,61076,30350081,30350091,10,2025-02-25 21:40:56.981817,2025-02-25 21:41:10.374222,13.392405
channel-0,4040264,30350085,30350095,10,2025-02-25 21:41:02.438121,2025-02-25 21:41:14.772873,12.334752
channel-6994,1326001,30350085,30350097,12,2025-02-25 21:41:02.438121,2025-02-25 21:41:17.178457,14.740336
channel-2,130696,30350105,30350116,11,2025-02-25 21:41:26.099618,2025-02-25 21:41:39.916525,13.816907
channel-89298,18757,30350134,30350143,9,2025-02-25 21:42:02.571065,2025-02-25 21:42:15.882368,13.311303
channel-0,4040265,30350143,30350154,11,2025-02-25 21:42:15.882368,2025-02-25 21:42:31.708951,15.826583
channel-122,668380,30350145,30350149,4,2025-02-25 21:42:19.120367,2025-02-25 21:42:24.626051,5.505684
channel-2188,43894,30350147,30350152,5,2025-02-25 21:42:21.395084,2025-02-25 21:42:28.449286,7.054202
channel-208,1491070,30350148,30350158,10,2025-02-25 21:42:23.523281,2025-02-25 21:42:36.313541,12.79026
channel-6994,1326002,30350168,30350182,14,2025-02-25 21:42:49.387946,2025-02-25 21:43:06.411310,17.023364
channel-2188,43895,30350171,30350175,4,2025-02-25 21:42:52.665241,2025-02-25 21:42:58.455403,5.790162
channel-1279,67144,30350179,30350194,15,2025-02-25 21:43:03.039707,2025-02-25 21:43:21.109655,18.069948
channel-750,684997,30350183,30350196,13,2025-02-25 21:43:07.539940,2025-02-25 21:43:23.329263,15.789323
channel-874,293474,30350193,30350200,7,2025-02-25 21:43:19.963741,2025-02-25 21:43:27.789679,7.825938
channel-75,845358,30350210,30350218,8,2025-02-25 21:43:40.224371,2025-02-25 21:43:50.002173,9.777802
channel-75,845359,30350219,30350228,9,2025-02-25 21:43:52.374633,2025-02-25 21:44:02.742893,10.36826
channel-75,845360,30350224,30350230,6,2025-02-25 21:43:58.113506,2025-02-25 21:44:06.014496,7.90099
channel-750,684998,30350229,30350234,5,2025-02-25 21:44:04.945026,2025-02-25 21:44:10.411083,5.466057
channel-874,293475,30350232,30350237,5,2025-02-25 21:44:08.208567,2025-02-25 21:44:13.766825,5.558258
channel-750,684999,30350232,30350246,14,2025-02-25 21:44:08.208567,2025-02-25 21:44:23.984135,15.775568
channel-85077,61077,30350232,30350242,10,2025-02-25 21:44:08.208567,2025-02-25 21:44:19.291548,11.082981
channel-525,6371,30350254,30350272,18,2025-02-25 21:44:35.088936,2025-02-25 21:44:59.856153,24.767217
channel-19774,346183,30350254,30350270,16,2025-02-25 21:44:35.088936,2025-02-25 21:44:56.358950,21.270014
channel-5,184367,30350263,30350272,9,2025-02-25 21:44:47.520609,2025-02-25 21:44:59.856153,12.335544
channel-750,685000,30350270,30350292,22,2025-02-25 21:44:56.358950,2025-02-25 21:45:24.544904,28.185954
channel-0,4040266,30350288,30350301,13,2025-02-25 21:45:19.810827,2025-02-25 21:45:34.985734,15.174907
channel-750,685001,30350300,30350313,13,2025-02-25 21:45:33.615172,2025-02-25 21:45:51.440829,17.825657
channel-2188,43896,30350302,30350306,4,2025-02-25 21:45:36.166933,2025-02-25 21:45:40.447321,4.280388
channel-0,4040267,30350311,30350323,12,2025-02-25 21:45:48.430685,2025-02-25 21:46:05.550564,17.119879
channel-750,685002,30350313,30350342,29,2025-02-25 21:45:51.440829,2025-02-25 21:46:32.927192,41.486363
channel-6994,1326003,30350321,30350331,10,2025-02-25 21:46:03.291987,2025-02-25 21:46:17.208594,13.916607
channel-122,668381,30350323,30350326,3,2025-02-25 21:46:05.550564,2025-02-25 21:46:09.091316,3.540752
channel-1424,7366,30350325,30350335,10,2025-02-25 21:46:07.863455,2025-02-25 21:46:21.542736,13.679281
channel-0,4040268,30350327,30350337,10,2025-02-25 21:46:11.142545,2025-02-25 21:46:24.082103,12.939558
channel-208,1491071,30350328,30350336,8,2025-02-25 21:46:12.314984,2025-02-25 21:46:22.738240,10.423256
channel-750,685003,30350360,30350385,25,2025-02-25 21:46:55.009004,2025-02-25 21:47:26.779184,31.77018
channel-0,4040269,30350363,30350370,7,2025-02-25 21:46:58.410792,2025-02-25 21:47:08.487385,10.076593
channel-0,4040270,30350383,30350393,10,2025-02-25 21:47:24.509867,2025-02-25 21:47:35.936833,11.426966
channel-85077,61078,30350383,30350393,10,2025-02-25 21:47:24.509867,2025-02-25 21:47:35.936833,11.426966
channel-750,685004,30350385,30350411,26,2025-02-25 21:47:26.779184,2025-02-25 21:47:58.920920,32.141736
channel-2188,43897,30350403,30350408,5,2025-02-25 21:47:48.554130,2025-02-25 21:47:55.565340,7.01121
channel-750,685005,30350403,30350434,31,2025-02-25 21:47:48.554130,2025-02-25 21:48:29.584391,41.030261
channel-6994,1326004,30350412,30350425,13,2025-02-25 21:48:00.021393,2025-02-25 21:48:18.045997,18.024604
channel-750,685006,30350419,30350439,20,2025-02-25 21:48:09.585236,2025-02-25 21:48:35.518125,25.932889
channel-122,668382,30350421,30350424,3,2025-02-25 21:48:12.019346,2025-02-25 21:48:16.922569,4.903223
channel-21113,25362,30350432,30350446,14,2025-02-25 21:48:26.171805,2025-02-25 21:48:44.512589,18.340784
channel-0,4040271,30350436,30350445,9,2025-02-25 21:48:32.067622,2025-02-25 21:48:42.767748,10.700126
channel-4,167085,30350437,30350446,9,2025-02-25 21:48:33.401908,2025-02-25 21:48:44.512589,11.110681
channel-750,685007,30350438,30350442,4,2025-02-25 21:48:34.422446,2025-02-25 21:48:39.343943,4.921497
channel-6994,1326005,30350438,30350447,9,2025-02-25 21:48:34.422446,2025-02-25 21:48:45.626488,11.204042
channel-0,4040272,30350438,30350450,12,2025-02-25 21:48:34.422446,2025-02-25 21:48:49.083121,14.660675
channel-750,685008,30350445,30350455,10,2025-02-25 21:48:42.767748,2025-02-25 21:48:54.973220,12.205472
channel-326,538494,30350455,30350464,9,2025-02-25 21:48:54.973220,2025-02-25 21:49:08.535297,13.562077
channel-326,538495,30350459,30350465,6,2025-02-25 21:49:00.940310,2025-02-25 21:49:09.659691,8.719381
channel-326,538496,30350459,30350465,6,2025-02-25 21:49:00.940310,2025-02-25 21:49:09.659691,8.719381
channel-0,4040273,30350465,30350478,13,2025-02-25 21:49:09.659691,2025-02-25 21:49:25.229035,15.569344
channel-326,538497,30350465,30350470,5,2025-02-25 21:49:09.659691,2025-02-25 21:49:15.348210,5.688519
channel-19774,346184,30350481,30350487,6,2025-02-25 21:49:30.199637,2025-02-25 21:49:37.153251,6.953614
channel-1,408701,30350481,30350495,14,2025-02-25 21:49:30.199637,2025-02-25 21:49:46.050413,15.850776
channel-0,4040274,30350493,30350507,14,2025-02-25 21:49:43.628554,2025-02-25 21:49:59.436679,15.808125
channel-208,1491072,30350514,30350527,13,2025-02-25 21:50:15.622466,2025-02-25 21:50:31.235572,15.613106
channel-750,685009,30350516,30350533,17,2025-02-25 21:50:17.905011,2025-02-25 21:50:38.240291,20.33528
channel-122,668383,30350535,30350538,3,2025-02-25 21:50:40.530582,2025-02-25 21:50:44.147473,3.616891
channel-1429,140803,30350555,30350563,8,2025-02-25 21:51:08.620826,2025-02-25 21:51:18.684761,10.063935
channel-1429,140804,30350559,30350569,10,2025-02-25 21:51:14.149497,2025-02-25 21:51:25.360062,11.210565
channel-412,64659,30350559,30350572,13,2025-02-25 21:51:14.149497,2025-02-25 21:51:28.618386,14.468889
channel-42,1490096,30350583,30350592,9,2025-02-25 21:51:43.655539,2025-02-25 21:51:56.474986,12.819447
channel-750,685010,30350590,30350621,31,2025-02-25 21:51:53.956429,2025-02-25 21:52:33.014069,39.05764
channel-204,670871,30350592,30350601,9,2025-02-25 21:51:56.474986,2025-02-25 21:52:08.330310,11.855324
channel-6994,1326006,30350597,30350609,12,2025-02-25 21:52:03.898978,2025-02-25 21:52:18.856079,14.957101
channel-122,668384,30350607,30350610,3,2025-02-25 21:52:15.444543,2025-02-25 21:52:20.034945,4.590402
channel-122,668385,30350615,30350619,4,2025-02-25 21:52:26.065545,2025-02-25 21:52:30.691175,4.62563
channel-199,132881,30350615,30350625,10,2025-02-25 21:52:26.065545,2025-02-25 21:52:37.842820,11.777275
channel-0,4040275,30350617,30350630,13,2025-02-25 21:52:28.537993,2025-02-25 21:52:43.581170,15.043177
channel-208,1491073,30350619,30350630,11,2025-02-25 21:52:30.691175,2025-02-25 21:52:43.581170,12.889995
channel-6787,166821,30350619,30350624,5,2025-02-25 21:52:30.691175,2025-02-25 21:52:36.527930,5.836755
channel-0,4040276,30350620,30350630,10,2025-02-25 21:52:31.817550,2025-02-25 21:52:43.581170,11.76362
channel-89321,19555,30350626,30350632,6,2025-02-25 21:52:39.068871,2025-02-25 21:52:45.878234,6.809363
channel-1575,15203,30350629,30350645,16,2025-02-25 21:52:42.541444,2025-02-25 21:53:02.026987,19.485543
channel-75030,1175,30350637,30350646,9,2025-02-25 21:52:51.408069,2025-02-25 21:53:03.491597,12.083528
channel-750,685011,30350638,30350667,29,2025-02-25 21:52:52.532853,2025-02-25 21:53:28.424674,35.891821
channel-0,4040277,30350645,30350656,11,2025-02-25 21:53:02.026987,2025-02-25 21:53:14.875764,12.848777
channel-208,1491074,30350666,30350678,12,2025-02-25 21:53:27.293506,2025-02-25 21:53:43.410065,16.116559
channel-750,685012,30350668,30350674,6,2025-02-25 21:53:29.538380,2025-02-25 21:53:36.619977,7.081597
channel-1,408702,30350677,30350685,8,2025-02-25 21:53:40.730463,2025-02-25 21:53:53.616296,12.885833
channel-750,685013,30350680,30350708,28,2025-02-25 21:53:45.624293,2025-02-25 21:54:21.937133,36.31284
channel-0,4040278,30350694,30350705,11,2025-02-25 21:54:03.960363,2025-02-25 21:54:17.681111,13.720748
channel-750,685014,30350705,30350714,9,2025-02-25 21:54:17.681111,2025-02-25 21:54:29.315652,11.634541
channel-85077,61079,30350711,30350721,10,2025-02-25 21:54:25.800647,2025-02-25 21:54:37.180803,11.380156
channel-750,685015,30350713,30350729,16,2025-02-25 21:54:28.162886,2025-02-25 21:54:46.202553,18.039667
channel-750,685016,30350716,30350740,24,2025-02-25 21:54:31.591165,2025-02-25 21:54:59.477867,27.886702
channel-89321,19556,30350718,30350730,12,2025-02-25 21:54:33.883091,2025-02-25 21:54:47.320707,13.437616
channel-412,64660,30350725,30350736,11,2025-02-25 21:54:41.587855,2025-02-25 21:54:55.225523,13.637668
channel-320,119284,30350725,30350738,13,2025-02-25 21:54:41.587855,2025-02-25 21:54:57.279941,15.692086
channel-0,4040279,30350742,30350752,10,2025-02-25 21:55:02.520124,2025-02-25 21:55:16.168471,13.648347
channel-89321,19557,30350746,30350755,9,2025-02-25 21:55:07.265727,2025-02-25 21:55:19.864198,12.598471
channel-750,685017,30350748,30350759,11,2025-02-25 21:55:09.489599,2025-02-25 21:55:24.655564,15.165965
channel-122,668386,30350748,30350751,3,2025-02-25 21:55:09.489599,2025-02-25 21:55:15.084359,5.59476
channel-38946,124309,30350753,30350769,16,2025-02-25 21:55:17.369180,2025-02-25 21:55:38.483588,21.114408
channel-750,685018,30350762,30350785,23,2025-02-25 21:55:28.089022,2025-02-25 21:56:03.142834,35.053812
channel-89321,19558,30350764,30350779,15,2025-02-25 21:55:30.384904,2025-02-25 21:55:55.061026,24.676122
channel-38946,124310,30350766,30350776,10,2025-02-25 21:55:32.633376,2025-02-25 21:55:51.358837,18.725461
channel-85077,61080,30350769,30350778,9,2025-02-25 21:55:38.483588,2025-02-25 21:55:53.776133,15.292545
channel-874,293476,30350770,30350776,6,2025-02-25 21:55:42.786595,2025-02-25 21:55:51.358837,8.572242
channel-1,408703,30350782,30350791,9,2025-02-25 21:55:58.550163,2025-02-25 21:56:10.724813,12.17465
channel-89321,19559,30350787,30350798,11,2025-02-25 21:56:05.395862,2025-02-25 21:56:19.554439,14.158577
channel-750,685019,30350797,30350828,31,2025-02-25 21:56:18.514096,2025-02-25 21:56:56.894463,38.380367
channel-89321,19560,30350797,30350806,9,2025-02-25 21:56:18.514096,2025-02-25 21:56:30.094463,11.580367
channel-0,4040280,30350799,30350810,11,2025-02-25 21:56:21.914712,2025-02-25 21:56:35.057825,13.143113
channel-874,293477,30350822,30350828,6,2025-02-25 21:56:50.008983,2025-02-25 21:56:56.894463,6.88548
channel-6994,1326007,30350828,30350839,11,2025-02-25 21:56:56.894463,2025-02-25 21:57:11.042769,14.148306
channel-204,670872,30350829,30350838,9,2025-02-25 21:56:59.040809,2025-02-25 21:57:09.435691,10.394882
channel-750,685020,30350832,30350844,12,2025-02-25 21:57:02.702620,2025-02-25 21:57:17.239181,14.536561
channel-750,685021,30350838,30350861,23,2025-02-25 21:57:09.435691,2025-02-25 21:57:41.131959,31.696268
channel-750,685022,30350843,30350849,6,2025-02-25 21:57:16.107089,2025-02-25 21:57:23.092691,6.985602
channel-0,4040281,30350852,30350862,10,2025-02-25 21:57:27.928326,2025-02-25 21:57:42.291903,14.363577
channel-208,1491075,30350857,30350870,13,2025-02-25 21:57:35.122007,2025-02-25 21:57:51.648700,16.526693
channel-750,685023,30350861,30350866,5,2025-02-25 21:57:41.131959,2025-02-25 21:57:46.776978,5.645019
channel-750,685024,30350869,30350879,10,2025-02-25 21:57:50.498787,2025-02-25 21:58:02.285989,11.787202
channel-2188,43898,30350872,30350876,4,2025-02-25 21:57:53.933516,2025-02-25 21:57:58.920935,4.987419
channel-251,85284,30350876,30350885,9,2025-02-25 21:57:58.920935,2025-02-25 21:58:09.260988,10.340053
channel-750,685025,30350877,30350905,28,2025-02-25 21:57:59.980144,2025-02-25 21:58:37.383852,37.403708
channel-1429,140805,30350882,30350890,8,2025-02-25 21:58:05.703547,2025-02-25 21:58:16.175096,10.471549
channel-874,293478,30350888,30350905,17,2025-02-25 21:58:13.794576,2025-02-25 21:58:37.383852,23.589276
channel-208,1491076,30350895,30350905,10,2025-02-25 21:58:22.785575,2025-02-25 21:58:37.383852,14.598277
channel-750,685026,30350905,30350919,14,2025-02-25 21:58:37.383852,2025-02-25 21:58:54.132434,16.748582
channel-750,685027,30350911,30350916,5,2025-02-25 21:58:44.959152,2025-02-25 21:58:50.753072,5.79392
channel-750,685028,30350912,30350925,13,2025-02-25 21:58:46.223393,2025-02-25 21:59:01.008459,14.785066
channel-750,685029,30350916,30350938,22,2025-02-25 21:58:50.753072,2025-02-25 21:59:16.286996,25.533924
channel-251,85285,30350928,30350937,9,2025-02-25 21:59:04.393143,2025-02-25 21:59:15.041428,10.648285
channel-0,4040282,30350930,30350941,11,2025-02-25 21:59:06.760781,2025-02-25 21:59:20.220727,13.459946
channel-88,467226,30350931,30350964,33,2025-02-25 21:59:08.073231,2025-02-25 21:59:52.047101,43.97387
channel-750,685030,30350947,30350955,8,2025-02-25 21:59:31.748272,2025-02-25 21:59:40.842968,9.094696
channel-750,685031,30350959,30350983,24,2025-02-25 21:59:46.496073,2025-02-25 22:00:17.497023,31.00095
channel-143,128478,30350970,30350981,11,2025-02-25 21:59:58.941348,2025-02-25 22:00:12.027515,13.086167
channel-750,685032,30350981,30350986,5,2025-02-25 22:00:12.027515,2025-02-25 22:00:20.910083,8.882568
channel-750,685033,30350987,30350992,5,2025-02-25 22:00:22.051529,2025-02-25 22:00:28.722865,6.671336
channel-89321,19561,30350993,30351002,9,2025-02-25 22:00:29.808260,2025-02-25 22:00:40.113398,10.305138
channel-259,314471,30350996,30351001,5,2025-02-25 22:00:33.142631,2025-02-25 22:00:39.071240,5.928609
channel-75,845361,30351002,30351008,6,2025-02-25 22:00:40.113398,2025-02-25 22:00:49.323915,9.210517
channel-750,685034,30351012,30351026,14,2025-02-25 22:00:54.918669,2025-02-25 22:01:13.222005,18.303336
channel-75,845362,30351013,30351019,6,2025-02-25 22:00:56.001169,2025-02-25 22:01:03.587785,7.586616
channel-750,685035,30351015,30351030,15,2025-02-25 22:00:58.135763,2025-02-25 22:01:17.664331,19.528568
channel-750,685036,30351019,30351042,23,2025-02-25 22:01:03.587785,2025-02-25 22:01:34.462263,30.874478
channel-251,85286,30351029,30351039,10,2025-02-25 22:01:16.500263,2025-02-25 22:01:28.757392,12.257129
channel-122,668387,30351030,30351033,3,2025-02-25 22:01:17.664331,2025-02-25 22:01:20.944584,3.280253
channel-259,314472,30351038,30351042,4,2025-02-25 22:01:27.165564,2025-02-25 22:01:34.462263,7.296699
channel-874,293479,30351040,30351047,7,2025-02-25 22:01:31.078950,2025-02-25 22:01:40.697154,9.618204
channel-75,845363,30351043,30351049,6,2025-02-25 22:01:35.697040,2025-02-25 22:01:44.027405,8.330365
channel-750,685037,30351046,30351050,4,2025-02-25 22:01:39.534744,2025-02-25 22:01:45.257200,5.722456
channel-208,1491077,30351064,30351077,13,2025-02-25 22:02:01.526747,2025-02-25 22:02:16.878136,15.351389
channel-750,685038,30351065,30351087,22,2025-02-25 22:02:02.697882,2025-02-25 22:02:29.616251,26.918369
channel-750,685039,30351080,30351084,4,2025-02-25 22:02:21.184680,2025-02-25 22:02:25.729271,4.544591
channel-208,1491078,30351083,30351096,13,2025-02-25 22:02:24.560753,2025-02-25 22:02:41.133631,16.572878
channel-75,845364,30351083,30351099,16,2025-02-25 22:02:24.560753,2025-02-25 22:02:44.418505,19.857752
channel-208,1491079,30351099,30351110,11,2025-02-25 22:02:44.418505,2025-02-25 22:02:58.689998,14.271493
channel-208,1491080,30351106,30351112,6,2025-02-25 22:02:53.075858,2025-02-25 22:03:04.285700,11.209842
channel-89321,19562,30351111,30351119,8,2025-02-25 22:02:59.925744,2025-02-25 22:03:12.997105,13.071361
channel-89321,19563,30351111,30351119,8,2025-02-25 22:02:59.925744,2025-02-25 22:03:12.997105,13.071361
channel-750,685040,30351111,30351133,22,2025-02-25 22:02:59.925744,2025-02-25 22:03:29.970563,30.044819
channel-750,685041,30351113,30351121,8,2025-02-25 22:03:05.378576,2025-02-25 22:03:16.308609,10.930033
channel-89321,19564,30351119,30351125,6,2025-02-25 22:03:12.997105,2025-02-25 22:03:20.714491,7.717386
channel-122,668388,30351128,30351132,4,2025-02-25 22:03:24.145583,2025-02-25 22:03:28.837244,4.691661
channel-781,11382,30351131,30351136,5,2025-02-25 22:03:27.578352,2025-02-25 22:03:34.278883,6.700531
channel-1,408704,30351134,30351142,8,2025-02-25 22:03:31.037353,2025-02-25 22:03:42.374671,11.337318
channel-326,538498,30351139,30351150,11,2025-02-25 22:03:38.752619,2025-02-25 22:03:52.443326,13.690707
channel-750,685042,30351155,30351174,19,2025-02-25 22:03:58.149877,2025-02-25 22:04:23.509286,25.359409
channel-208,1491081,30351165,30351174,9,2025-02-25 22:04:09.606442,2025-02-25 22:04:23.509286,13.902844
channel-782,310287,30351169,30351173,4,2025-02-25 22:04:14.793203,2025-02-25 22:04:22.455474,7.662271
channel-750,685043,30351173,30351186,13,2025-02-25 22:04:22.455474,2025-02-25 22:04:38.674691,16.219217
channel-122,668389,30351173,30351176,3,2025-02-25 22:04:22.455474,2025-02-25 22:04:25.680673,3.225199
channel-0,4040283,30351176,30351187,11,2025-02-25 22:04:25.680673,2025-02-25 22:04:39.793397,14.112724
channel-781,11383,30351177,30351186,9,2025-02-25 22:04:26.964095,2025-02-25 22:04:38.674691,11.710596
channel-750,685044,30351190,30351199,9,2025-02-25 22:04:43.371703,2025-02-25 22:04:55.308332,11.936629
channel-750,685045,30351194,30351216,22,2025-02-25 22:04:48.275699,2025-02-25 22:05:17.855260,29.579561
channel-750,685046,30351196,30351204,8,2025-02-25 22:04:51.718196,2025-02-25 22:05:03.226552,11.508356
channel-0,4040284,30351197,30351205,8,2025-02-25 22:04:52.875735,2025-02-25 22:05:05.281849,12.406114
channel-0,4040285,30351202,30351224,22,2025-02-25 22:05:00.950702,2025-02-25 22:05:28.386064,27.435362
channel-750,685047,30351204,30351215,11,2025-02-25 22:05:03.226552,2025-02-25 22:05:16.753804,13.527252
channel-0,4040286,30351207,30351219,12,2025-02-25 22:05:07.525307,2025-02-25 22:05:21.235626,13.710319
channel-783,104399,30351209,30351218,9,2025-02-25 22:05:10.380305,2025-02-25 22:05:20.102525,9.72222
channel-251,85287,30351215,30351224,9,2025-02-25 22:05:16.753804,2025-02-25 22:05:28.386064,11.63226
channel-0,4040287,30351220,30351242,22,2025-02-25 22:05:23.353313,2025-02-25 22:05:52.627153,29.27384
channel-143,128479,30351221,30351233,12,2025-02-25 22:05:24.600958,2025-02-25 22:05:39.610040,15.009082
channel-0,4040288,30351226,30351238,12,2025-02-25 22:05:31.622271,2025-02-25 22:05:46.997871,15.3756
channel-750,685048,30351232,30351255,23,2025-02-25 22:05:38.556520,2025-02-25 22:06:07.817499,29.260979
channel-143,128480,30351235,30351251,16,2025-02-25 22:05:43.626579,2025-02-25 22:06:03.417209,19.79063
channel-0,4040289,30351236,30351248,12,2025-02-25 22:05:44.829713,2025-02-25 22:05:59.687080,14.857367
channel-750,685049,30351239,30351255,16,2025-02-25 22:05:48.195981,2025-02-25 22:06:07.817499,19.621518
channel-0,4040290,30351239,30351252,13,2025-02-25 22:05:48.195981,2025-02-25 22:06:04.599045,16.403064
channel-750,685050,30351245,30351255,10,2025-02-25 22:05:56.176106,2025-02-25 22:06:07.817499,11.641393
channel-750,685051,30351248,30351259,11,2025-02-25 22:05:59.687080,2025-02-25 22:06:13.288898,13.601818
channel-122,668390,30351251,30351255,4,2025-02-25 22:06:03.417209,2025-02-25 22:06:07.817499,4.40029
channel-208,1491082,30351254,30351265,11,2025-02-25 22:06:06.788284,2025-02-25 22:06:20.386702,13.598418
channel-143,128481,30351259,30351290,31,2025-02-25 22:06:13.288898,2025-02-25 22:06:53.445478,40.15658
channel-750,685052,30351261,30351275,14,2025-02-25 22:06:15.682006,2025-02-25 22:06:33.127652,17.445646
channel-750,685053,30351266,30351277,11,2025-02-25 22:06:22.503289,2025-02-25 22:06:35.510156,13.006867
channel-82819,488,30351270,30351282,12,2025-02-25 22:06:27.560504,2025-02-25 22:06:42.763384,15.20288
channel-208,1491083,30351270,30351280,10,2025-02-25 22:06:27.560504,2025-02-25 22:06:39.352536,11.792032
channel-750,685054,30351271,30351281,10,2025-02-25 22:06:28.791902,2025-02-25 22:06:40.432113,11.640211
channel-750,685055,30351274,30351296,22,2025-02-25 22:06:32.007797,2025-02-25 22:07:01.060654,29.052857
channel-72,516482,30351287,30351341,54,2025-02-25 22:06:50.012679,2025-02-25 22:08:00.116361,70.103682
channel-750,685056,30351294,30351307,13,2025-02-25 22:06:58.758653,2025-02-25 22:07:14.169775,15.411122
channel-2716,2675,30351301,30351315,14,2025-02-25 22:07:07.436237,2025-02-25 22:07:23.540517,16.10428
channel-750,685057,30351315,30351335,20,2025-02-25 22:07:23.540517,2025-02-25 22:07:52.600582,29.060065
channel-1575,15204,30351317,30351327,10,2025-02-25 22:07:26.910957,2025-02-25 22:07:40.580045,13.669088
channel-1429,140806,30351317,30351326,9,2025-02-25 22:07:26.910957,2025-02-25 22:07:39.452153,12.541196
channel-750,685058,30351319,30351328,9,2025-02-25 22:07:29.078032,2025-02-25 22:07:41.667016,12.588984
channel-0,4040291,30351320,30351329,9,2025-02-25 22:07:30.229252,2025-02-25 22:07:43.758134,13.528882
channel-19774,346185,30351320,30351329,9,2025-02-25 22:07:30.229252,2025-02-25 22:07:43.758134,13.528882
channel-750,685059,30351325,30351335,10,2025-02-25 22:07:37.315110,2025-02-25 22:07:52.600582,15.285472
channel-122,668391,30351329,30351332,3,2025-02-25 22:07:43.758134,2025-02-25 22:07:48.485159,4.727025
channel-21113,25363,30351330,30351337,7,2025-02-25 22:07:46.051412,2025-02-25 22:07:54.824281,8.772869
channel-412,64661,30351335,30351348,13,2025-02-25 22:07:52.600582,2025-02-25 22:08:08.379159,15.778577
channel-783,104400,30351335,30351341,6,2025-02-25 22:07:52.600582,2025-02-25 22:08:00.116361,7.515779
channel-750,685060,30351336,30351347,11,2025-02-25 22:07:53.731346,2025-02-25 22:08:07.158182,13.426836
channel-2188,43899,30351345,30351348,3,2025-02-25 22:08:04.837601,2025-02-25 22:08:08.379159,3.541558
channel-783,104401,30351348,30351354,6,2025-02-25 22:08:08.379159,2025-02-25 22:08:18.399807,10.020648
channel-750,685061,30351354,30351368,14,2025-02-25 22:08:18.399807,2025-02-25 22:08:36.374579,17.974772
channel-6994,1326008,30351354,30351363,9,2025-02-25 22:08:18.399807,2025-02-25 22:08:29.938760,11.538953
channel-750,685062,30351356,30351377,21,2025-02-25 22:08:21.813141,2025-02-25 22:08:48.578653,26.765512
channel-750,685063,30351359,30351364,5,2025-02-25 22:08:25.239181,2025-02-25 22:08:31.059888,5.820707
channel-5,184368,30351361,30351372,11,2025-02-25 22:08:27.609242,2025-02-25 22:08:42.654265,15.045023
channel-750,685064,30351362,30351366,4,2025-02-25 22:08:28.742184,2025-02-25 22:08:33.970824,5.22864
channel-85077,61081,30351365,30351373,8,2025-02-25 22:08:32.127746,2025-02-25 22:08:43.827276,11.69953
channel-75,845365,30351367,30351373,6,2025-02-25 22:08:35.125319,2025-02-25 22:08:43.827276,8.701957
channel-750,685065,30351378,30351407,29,2025-02-25 22:08:49.680877,2025-02-25 22:09:28.449133,38.768256
channel-874,293480,30351379,30351398,19,2025-02-25 22:08:52.072399,2025-02-25 22:09:17.497666,25.425267
channel-750,685066,30351381,30351390,9,2025-02-25 22:08:54.490615,2025-02-25 22:09:07.700923,13.210308
channel-783,104402,30351386,30351394,8,2025-02-25 22:09:03.410314,2025-02-25 22:09:13.023879,9.613565
channel-0,4040292,30351388,30351401,13,2025-02-25 22:09:05.603866,2025-02-25 22:09:21.795231,16.191365
channel-0,4040293,30351398,30351411,13,2025-02-25 22:09:17.497666,2025-02-25 22:09:32.771532,15.273866
channel-750,685067,30351398,30351408,10,2025-02-25 22:09:17.497666,2025-02-25 22:09:29.618498,12.120832
channel-88,467227,30351398,30351425,27,2025-02-25 22:09:17.497666,2025-02-25 22:09:49.940854,32.443188
channel-0,4040294,30351399,30351411,12,2025-02-25 22:09:19.321267,2025-02-25 22:09:32.771532,13.450265
channel-0,4040295,30351399,30351411,12,2025-02-25 22:09:19.321267,2025-02-25 22:09:32.771532,13.450265
channel-750,685068,30351403,30351427,24,2025-02-25 22:09:23.968398,2025-02-25 22:09:52.227551,28.259153
channel-750,685069,30351404,30351410,6,2025-02-25 22:09:25.083692,2025-02-25 22:09:31.587112,6.50342
channel-0,4040296,30351407,30351427,20,2025-02-25 22:09:28.449133,2025-02-25 22:09:52.227551,23.778418
channel-1,408705,30351418,30351427,9,2025-02-25 22:09:40.624496,2025-02-25 22:09:52.227551,11.603055
channel-6994,1326009,30351420,30351429,9,2025-02-25 22:09:42.883974,2025-02-25 22:09:54.525998,11.642024
channel-783,104403,30351422,30351429,7,2025-02-25 22:09:45.291744,2025-02-25 22:09:54.525998,9.234254
channel-122,668392,30351425,30351429,4,2025-02-25 22:09:49.940854,2025-02-25 22:09:54.525998,4.585144
channel-98451,80,30351430,30351443,13,2025-02-25 22:09:56.666959,2025-02-25 22:10:13.799536,17.132577
channel-85077,61082,30351432,30351439,7,2025-02-25 22:09:59.582795,2025-02-25 22:10:08.129142,8.546347
channel-0,4040297,30351445,30351454,9,2025-02-25 22:10:16.043475,2025-02-25 22:10:26.041634,9.998159
channel-750,685070,30351445,30351466,21,2025-02-25 22:10:16.043475,2025-02-25 22:10:44.124606,28.081131
channel-750,685071,30351455,30351465,10,2025-02-25 22:10:28.138813,2025-02-25 22:10:42.256241,14.117428
channel-0,4040298,30351455,30351476,21,2025-02-25 22:10:28.138813,2025-02-25 22:10:57.720505,29.581692
channel-750,685072,30351474,30351489,15,2025-02-25 22:10:54.107875,2025-02-25 22:11:12.779872,18.671997
channel-208,1491084,30351474,30351486,12,2025-02-25 22:10:54.107875,2025-02-25 22:11:09.336151,15.228276
channel-750,685073,30351474,30351480,6,2025-02-25 22:10:54.107875,2025-02-25 22:11:02.365268,8.257393
channel-750,685074,30351480,30351491,11,2025-02-25 22:11:02.365268,2025-02-25 22:11:15.124058,12.75879
channel-750,685075,30351480,30351485,5,2025-02-25 22:11:02.365268,2025-02-25 22:11:08.152659,5.787391
channel-6787,166822,30351481,30351486,5,2025-02-25 22:11:03.561359,2025-02-25 22:11:09.336151,5.774792
channel-6994,1326010,30351481,30351490,9,2025-02-25 22:11:03.561359,2025-02-25 22:11:13.904282,10.342923
channel-750,685076,30351483,30351498,15,2025-02-25 22:11:05.997396,2025-02-25 22:11:23.659115,17.661719
channel-750,685077,30351485,30351520,35,2025-02-25 22:11:08.152659,2025-02-25 22:11:50.836555,42.683896
channel-143,128482,30351489,30351509,20,2025-02-25 22:11:12.779872,2025-02-25 22:11:37.313764,24.533892
channel-208,1491085,30351497,30351510,13,2025-02-25 22:11:22.612640,2025-02-25 22:11:38.414885,15.802245
channel-208,1491086,30351509,30351520,11,2025-02-25 22:11:37.313764,2025-02-25 22:11:50.836555,13.522791
channel-208,1491087,30351509,30351520,11,2025-02-25 22:11:37.313764,2025-02-25 22:11:50.836555,13.522791
channel-750,685078,30351511,30351522,11,2025-02-25 22:11:39.505939,2025-02-25 22:11:53.053278,13.547339
channel-783,104404,30351520,30351527,7,2025-02-25 22:11:50.836555,2025-02-25 22:11:59.813946,8.977391
channel-1279,67145,30351521,30351532,11,2025-02-25 22:11:51.966744,2025-02-25 22:12:06.376887,14.410143
channel-0,4040299,30351523,30351534,11,2025-02-25 22:11:55.316993,2025-02-25 22:12:08.843316,13.526323
channel-874,293481,30351528,30351533,5,2025-02-25 22:12:01.040741,2025-02-25 22:12:07.697251,6.65651
channel-750,685079,30351529,30351547,18,2025-02-25 22:12:02.337082,2025-02-25 22:12:26.367222,24.03014
channel-6994,1326011,30351529,30351540,11,2025-02-25 22:12:02.337082,2025-02-25 22:12:15.873601,13.536519
channel-340,3204,30351530,30351541,11,2025-02-25 22:12:04.105070,2025-02-25 22:12:17.020764,12.915694
channel-6994,1326012,30351536,30351543,7,2025-02-25 22:12:11.217620,2025-02-25 22:12:20.270665,9.053045
channel-783,104405,30351544,30351554,10,2025-02-25 22:12:22.952177,2025-02-25 22:12:35.639647,12.68747
channel-6994,1326013,30351546,30351558,12,2025-02-25 22:12:25.204386,2025-02-25 22:12:40.393835,15.189449
channel-75,845366,30351547,30351554,7,2025-02-25 22:12:26.367222,2025-02-25 22:12:35.639647,9.272425
channel-6994,1326014,30351549,30351572,23,2025-02-25 22:12:29.732146,2025-02-25 22:13:01.192515,31.460369
channel-208,1491088,30351556,30351567,11,2025-02-25 22:12:38.203679,2025-02-25 22:12:54.041331,15.837652
channel-1,408706,30351562,30351571,9,2025-02-25 22:12:45.029304,2025-02-25 22:12:58.935507,13.906203
channel-208,1491089,30351566,30351576,10,2025-02-25 22:12:52.906511,2025-02-25 22:13:05.727112,12.820601
channel-750,685080,30351567,30351589,22,2025-02-25 22:12:54.041331,2025-02-25 22:13:21.651402,27.610071
channel-208,1491090,30351581,30351595,14,2025-02-25 22:13:11.709854,2025-02-25 22:13:29.429384,17.71953
channel-75,845367,30351582,30351592,10,2025-02-25 22:13:13.801590,2025-02-25 22:13:24.878487,11.076897
channel-19774,346186,30351584,30351595,11,2025-02-25 22:13:16.061969,2025-02-25 22:13:29.429384,13.367415
channel-412,64662,30351589,30351624,35,2025-02-25 22:13:21.651402,2025-02-25 22:14:07.196199,45.544797
channel-783,104406,30351601,30351609,8,2025-02-25 22:13:40.083100,2025-02-25 22:13:49.273250,9.19015
channel-750,685081,30351607,30351629,22,2025-02-25 22:13:47.072530,2025-02-25 22:14:13.874697,26.802167
channel-1,408707,30351610,30351624,14,2025-02-25 22:13:50.292319,2025-02-25 22:14:07.196199,16.90388
channel-1279,67146,30351612,30351622,10,2025-02-25 22:13:52.470651,2025-02-25 22:14:05.046669,12.576018
channel-783,104407,30351628,30351636,8,2025-02-25 22:14:12.066761,2025-02-25 22:14:23.568194,11.501433
channel-0,4040300,30351647,30351668,21,2025-02-25 22:14:37.473882,2025-02-25 22:15:06.306617,28.832735
channel-1279,67147,30351648,30351656,8,2025-02-25 22:14:38.558583,2025-02-25 22:14:49.971617,11.413034
channel-75,845368,30351650,30351655,5,2025-02-25 22:14:40.905335,2025-02-25 22:14:48.904458,7.999123
channel-750,685082,30351653,30351679,26,2025-02-25 22:14:45.560916,2025-02-25 22:15:18.978279,33.417363
channel-1,408708,30351656,30351665,9,2025-02-25 22:14:49.971617,2025-02-25 22:15:01.833942,11.862325
channel-750,685083,30351666,30351686,20,2025-02-25 22:15:03.032343,2025-02-25 22:15:26.927555,23.895212
channel-750,685084,30351671,30351676,5,2025-02-25 22:15:09.816951,2025-02-25 22:15:15.600194,5.783243
channel-85077,61083,30351682,30351690,8,2025-02-25 22:15:22.306035,2025-02-25 22:15:32.816043,10.510008
channel-75755,5556,30351684,30351695,11,2025-02-25 22:15:24.734153,2025-02-25 22:15:38.211289,13.477136
channel-750,685085,30351692,30351718,26,2025-02-25 22:15:34.986524,2025-02-25 22:16:07.594864,32.60834
channel-85077,61084,30351692,30351702,10,2025-02-25 22:15:34.986524,2025-02-25 22:15:46.832558,11.846034
channel-0,4040301,30351702,30351711,9,2025-02-25 22:15:46.832558,2025-02-25 22:15:58.318738,11.48618
channel-85077,61085,30351703,30351714,11,2025-02-25 22:15:47.925795,2025-02-25 22:16:01.662876,13.737081
channel-0,4040302,30351705,30351711,6,2025-02-25 22:15:51.435024,2025-02-25 22:15:58.318738,6.883714
channel-1,408709,30351712,30351720,8,2025-02-25 22:15:59.476833,2025-02-25 22:16:13.993124,14.516291
channel-6994,1326015,30351713,30351719,6,2025-02-25 22:16:00.523897,2025-02-25 22:16:12.891253,12.367356
channel-199,132882,30351718,30351730,12,2025-02-25 22:16:07.594864,2025-02-25 22:16:26.014845,18.419981
channel-259,314473,30351722,30351728,6,2025-02-25 22:16:16.258521,2025-02-25 22:16:23.677568,7.419047
channel-750,685086,30351726,30351731,5,2025-02-25 22:16:20.850131,2025-02-25 22:16:27.108042,6.257911
channel-750,685087,30351743,30351752,9,2025-02-25 22:16:41.343615,2025-02-25 22:16:52.234700,10.891085
channel-4,167086,30351754,30351763,9,2025-02-25 22:16:54.427562,2025-02-25 22:17:07.783558,13.355996
channel-750,685088,30351755,30351777,22,2025-02-25 22:16:56.555731,2025-02-25 22:17:25.611440,29.055709
channel-85077,61086,30351779,30351790,11,2025-02-25 22:17:28.552315,2025-02-25 22:17:41.237434,12.685119
channel-85077,61087,30351785,30351795,10,2025-02-25 22:17:35.592310,2025-02-25 22:17:47.709334,12.117024
channel-750,685089,30351804,30351827,23,2025-02-25 22:18:02.962125,2025-02-25 22:18:35.672559,32.710434
channel-85077,61088,30351804,30351813,9,2025-02-25 22:18:02.962125,2025-02-25 22:18:15.281025,12.3189
channel-15464,2663,30351805,30351857,52,2025-02-25 22:18:05.061155,2025-02-25 22:19:10.404344,65.343189
channel-199,132883,30351808,30351816,8,2025-02-25 22:18:08.454216,2025-02-25 22:18:20.159217,11.705001
channel-750,685090,30351809,30351830,21,2025-02-25 22:18:09.489261,2025-02-25 22:18:38.917246,29.427985
channel-750,685091,30351809,30351817,8,2025-02-25 22:18:09.489261,2025-02-25 22:18:21.267840,11.778579
channel-85077,61089,30351809,30351817,8,2025-02-25 22:18:09.489261,2025-02-25 22:18:21.267840,11.778579
channel-122,668393,30351815,30351817,2,2025-02-25 22:18:18.841099,2025-02-25 22:18:21.267840,2.426741
channel-767,14385,30351827,30351839,12,2025-02-25 22:18:35.672559,2025-02-25 22:18:49.436877,13.764318
channel-750,685092,30351833,30351846,13,2025-02-25 22:18:42.233606,2025-02-25 22:18:57.344398,15.110792
channel-6994,1326016,30351843,30351854,11,2025-02-25 22:18:53.989064,2025-02-25 22:19:06.817537,12.828473
channel-89298,18758,30351845,30351856,11,2025-02-25 22:18:56.210658,2025-02-25 22:19:09.254565,13.043907
channel-89321,19565,30351856,30351867,11,2025-02-25 22:19:09.254565,2025-02-25 22:19:23.599286,14.344721
channel-340,3205,30351863,30351872,9,2025-02-25 22:19:19.132812,2025-02-25 22:19:30.496168,11.363356
channel-750,685093,30351863,30351871,8,2025-02-25 22:19:19.132812,2025-02-25 22:19:29.307884,10.175072
channel-15464,2664,30351874,30351904,30,2025-02-25 22:19:33.759473,2025-02-25 22:20:13.135086,39.375613
channel-326,538499,30351890,30351896,6,2025-02-25 22:19:55.967788,2025-02-25 22:20:03.380393,7.412605
channel-326,538500,30351890,30351896,6,2025-02-25 22:19:55.967788,2025-02-25 22:20:03.380393,7.412605
channel-783,104408,30351896,30351904,8,2025-02-25 22:20:03.380393,2025-02-25 22:20:13.135086,9.754693
channel-750,685094,30351912,30351917,5,2025-02-25 22:20:24.315724,2025-02-25 22:20:29.799658,5.483934
channel-326,538501,30351915,30351929,14,2025-02-25 22:20:27.536866,2025-02-25 22:20:43.860391,16.323525
channel-0,4040303,30351942,30351953,11,2025-02-25 22:20:58.532567,2025-02-25 22:21:12.160062,13.627495
channel-75,845369,30351949,30351955,6,2025-02-25 22:21:06.877425,2025-02-25 22:21:14.435630,7.558205
channel-326,538502,30351949,30351955,6,2025-02-25 22:21:06.877425,2025-02-25 22:21:14.435630,7.558205
channel-750,685095,30351956,30351965,9,2025-02-25 22:21:16.793261,2025-02-25 22:21:27.998138,11.204877
channel-75,845370,30351956,30351963,7,2025-02-25 22:21:16.793261,2025-02-25 22:21:25.606014,8.812753
channel-750,685096,30351957,30351967,10,2025-02-25 22:21:17.906620,2025-02-25 22:21:31.423383,13.516763
channel-208,1491091,30351968,30351978,10,2025-02-25 22:21:32.626981,2025-02-25 22:21:47.836282,15.209301
channel-0,4040304,30351971,30351980,9,2025-02-25 22:21:38.352405,2025-02-25 22:21:50.069379,11.716974
channel-0,4040305,30351978,30352005,27,2025-02-25 22:21:47.836282,2025-02-25 22:22:21.789651,33.953369
channel-874,293482,30351989,30351994,5,2025-02-25 22:22:01.788816,2025-02-25 22:22:08.291579,6.502763
channel-75,845371,30351993,30352002,9,2025-02-25 22:22:07.089058,2025-02-25 22:22:17.350552,10.261494
channel-259,314474,30351995,30352001,6,2025-02-25 22:22:09.412180,2025-02-25 22:22:16.218969,6.806789
channel-2494,31990,30351995,30352007,12,2025-02-25 22:22:09.412180,2025-02-25 22:22:24.360520,14.94834
channel-199,132884,30351997,30352008,11,2025-02-25 22:22:11.785178,2025-02-25 22:22:25.492783,13.707605
channel-0,4040306,30352001,30352008,7,2025-02-25 22:22:16.218969,2025-02-25 22:22:25.492783,9.273814
channel-19774,346187,30352002,30352011,9,2025-02-25 22:22:17.350552,2025-02-25 22:22:32.305658,14.955106
channel-750,685097,30352003,30352025,22,2025-02-25 22:22:18.472346,2025-02-25 22:22:50.430186,31.95784
channel-232,49227,30352005,30352014,9,2025-02-25 22:22:21.789651,2025-02-25 22:22:35.877982,14.088331
channel-750,685098,30352016,30352021,5,2025-02-25 22:22:39.289052,2025-02-25 22:22:44.983722,5.69467
channel-199,132885,30352025,30352038,13,2025-02-25 22:22:50.430186,2025-02-25 22:23:04.931742,14.501556
channel-208,1491092,30352027,30352041,14,2025-02-25 22:22:52.719077,2025-02-25 22:23:08.539310,15.820233
channel-122,668394,30352027,30352031,4,2025-02-25 22:22:52.719077,2025-02-25 22:22:57.075549,4.356472
channel-750,685099,30352051,30352069,18,2025-02-25 22:23:19.951391,2025-02-25 22:23:43.571607,23.620216
channel-750,685100,30352054,30352060,6,2025-02-25 22:23:24.382981,2025-02-25 22:23:31.955455,7.572474
channel-208,1491093,30352070,30352082,12,2025-02-25 22:23:44.677974,2025-02-25 22:24:00.160887,15.482913
channel-767,14386,30352082,30352094,12,2025-02-25 22:24:00.160887,2025-02-25 22:24:15.321365,15.160478
channel-750,685101,30352092,30352116,24,2025-02-25 22:24:12.068995,2025-02-25 22:24:41.539498,29.470503
channel-750,685102,30352100,30352117,17,2025-02-25 22:24:22.211695,2025-02-25 22:24:42.657911,20.446216
channel-216,94323,30352119,30352205,86,2025-02-25 22:24:46.104766,2025-02-25 22:26:37.295624,111.190858
channel-326,538503,30352131,30352138,7,2025-02-25 22:25:01.354637,2025-02-25 22:25:10.348053,8.993416
channel-750,685103,30352133,30352149,16,2025-02-25 22:25:03.718903,2025-02-25 22:25:24.087679,20.368776
channel-750,685104,30352135,30352154,19,2025-02-25 22:25:07.059440,2025-02-25 22:25:33.174302,26.114862
channel-75755,5557,30352150,30352163,13,2025-02-25 22:25:26.711747,2025-02-25 22:25:44.192381,17.480634
channel-0,4040307,30352156,30352168,12,2025-02-25 22:25:35.322832,2025-02-25 22:25:49.811774,14.488942
channel-122,668395,30352162,30352166,4,2025-02-25 22:25:43.084383,2025-02-25 22:25:47.574788,4.490405
channel-750,685105,30352179,30352199,20,2025-02-25 22:26:02.642729,2025-02-25 22:26:29.210860,26.568131
channel-122,668396,30352185,30352189,4,2025-02-25 22:26:10.263482,2025-02-25 22:26:15.293554,5.030072
channel-216,94324,30352199,30352262,63,2025-02-25 22:26:29.210860,2025-02-25 22:27:49.390568,80.179708
channel-208,1491094,30352199,30352209,10,2025-02-25 22:26:29.210860,2025-02-25 22:26:41.892903,12.682043
channel-0,4040308,30352211,30352218,7,2025-02-25 22:26:43.993864,2025-02-25 22:26:55.220795,11.226931
channel-0,4040309,30352217,30352228,11,2025-02-25 22:26:50.660042,2025-02-25 22:27:07.150932,16.49089
channel-750,685106,30352220,30352240,20,2025-02-25 22:26:58.279606,2025-02-25 22:27:22.768031,24.488425
channel-216,94325,30352227,30352314,87,2025-02-25 22:27:06.092551,2025-02-25 22:28:56.245166,110.152615
channel-85791,3782,30352229,30352234,5,2025-02-25 22:27:08.713406,2025-02-25 22:27:15.984486,7.27108
channel-208,1491095,30352248,30352259,11,2025-02-25 22:27:32.855684,2025-02-25 22:27:46.013387,13.157703
channel-767,14387,30352258,30352267,9,2025-02-25 22:27:44.950580,2025-02-25 22:27:56.652493,11.701913
channel-750,685107,30352263,30352285,22,2025-02-25 22:27:50.522758,2025-02-25 22:28:18.308492,27.785734
channel-79180,3379,30352266,30352277,11,2025-02-25 22:27:54.844761,2025-02-25 22:28:09.139527,14.294766
channel-75,845372,30352267,30352275,8,2025-02-25 22:27:56.652493,2025-02-25 22:28:06.786412,10.133919
channel-326,538504,30352274,30352286,12,2025-02-25 22:28:04.595389,2025-02-25 22:28:19.429405,14.834016
channel-216,94326,30352282,30352350,68,2025-02-25 22:28:14.908553,2025-02-25 22:29:42.218377,87.309824
channel-2188,43900,30352300,30352305,5,2025-02-25 22:28:38.919338,2025-02-25 22:28:44.699381,5.780043
channel-0,4040310,30352301,30352328,27,2025-02-25 22:28:40.092218,2025-02-25 22:29:15.798715,35.706497
channel-750,685108,30352306,30352326,20,2025-02-25 22:28:45.800637,2025-02-25 22:29:13.568671,27.768034
channel-750,685109,30352314,30352318,4,2025-02-25 22:28:56.245166,2025-02-25 22:29:02.864858,6.619692
channel-2188,43901,30352322,30352325,3,2025-02-25 22:29:08.031158,2025-02-25 22:29:11.497604,3.466446
channel-750,685110,30352349,30352371,22,2025-02-25 22:29:41.007017,2025-02-25 22:30:07.908371,26.901354
channel-0,4040311,30352358,30352368,10,2025-02-25 22:29:52.415264,2025-02-25 22:30:04.533553,12.118289
channel-0,4040312,30352359,30352368,9,2025-02-25 22:29:53.477523,2025-02-25 22:30:04.533553,11.05603
channel-85077,61090,30352359,30352367,8,2025-02-25 22:29:53.477523,2025-02-25 22:30:03.348297,9.870774
channel-0,4040313,30352360,30352373,13,2025-02-25 22:29:54.538168,2025-02-25 22:30:10.320932,15.782764
channel-0,4040314,30352361,30352373,12,2025-02-25 22:29:55.601123,2025-02-25 22:30:10.320932,14.719809
channel-6994,1326017,30352362,30352374,12,2025-02-25 22:29:57.737853,2025-02-25 22:30:11.486817,13.748964
channel-750,685111,30352374,30352393,19,2025-02-25 22:30:11.486817,2025-02-25 22:30:35.560427,24.07361
channel-6994,1326018,30352380,30352388,8,2025-02-25 22:30:18.149418,2025-02-25 22:30:27.797428,9.64801
channel-0,4040315,30352389,30352417,28,2025-02-25 22:30:29.016626,2025-02-25 22:31:08.688568,39.671942
channel-874,293483,30352396,30352401,5,2025-02-25 22:30:38.789562,2025-02-25 22:30:45.662870,6.873308
channel-750,685112,30352397,30352420,23,2025-02-25 22:30:39.887570,2025-02-25 22:31:15.366709,35.479139
channel-750,685113,30352398,30352402,4,2025-02-25 22:30:41.031408,2025-02-25 22:30:46.874193,5.842785
channel-783,104409,30352408,30352413,5,2025-02-25 22:30:56.321534,2025-02-25 22:31:02.480192,6.158658
channel-326,538505,30352424,30352447,23,2025-02-25 22:31:19.869670,2025-02-25 22:31:49.321310,29.45164
channel-750,685114,30352434,30352458,24,2025-02-25 22:31:31.629588,2025-02-25 22:32:04.117924,32.488336
channel-874,293484,30352438,30352447,9,2025-02-25 22:31:37.772693,2025-02-25 22:31:49.321310,11.548617
channel-750,685115,30352438,30352459,21,2025-02-25 22:31:37.772693,2025-02-25 22:32:05.333217,27.560524
channel-0,4040316,30352440,30352451,11,2025-02-25 22:31:41.180518,2025-02-25 22:31:53.994690,12.814172
channel-6994,1326019,30352444,30352454,10,2025-02-25 22:31:45.774023,2025-02-25 22:31:59.060478,13.286455
channel-75,845373,30352444,30352451,7,2025-02-25 22:31:45.774023,2025-02-25 22:31:53.994690,8.220667
channel-783,104410,30352451,30352457,6,2025-02-25 22:31:53.994690,2025-02-25 22:32:02.919703,8.925013
channel-2188,43902,30352452,30352457,5,2025-02-25 22:31:55.743658,2025-02-25 22:32:02.919703,7.176045
channel-0,4040317,30352452,30352465,13,2025-02-25 22:31:55.743658,2025-02-25 22:32:11.857482,16.113824
channel-750,685116,30352477,30352500,23,2025-02-25 22:32:25.738019,2025-02-25 22:32:56.285492,30.547473
channel-750,685117,30352479,30352488,9,2025-02-25 22:32:27.935149,2025-02-25 22:32:39.687567,11.752418
channel-122,668397,30352480,30352490,10,2025-02-25 22:32:28.987753,2025-02-25 22:32:41.971025,12.983272
channel-750,685118,30352481,30352485,4,2025-02-25 22:32:29.999850,2025-02-25 22:32:35.194693,5.194843
channel-326,538506,30352486,30352491,5,2025-02-25 22:32:37.417406,2025-02-25 22:32:43.061795,5.644389
channel-2188,43903,30352502,30352506,4,2025-02-25 22:32:58.438809,2025-02-25 22:33:03.906106,5.467297
channel-6994,1326020,30352509,30352518,9,2025-02-25 22:33:07.318487,2025-02-25 22:33:18.910971,11.592484
channel-750,685119,30352514,30352540,26,2025-02-25 22:33:13.960898,2025-02-25 22:33:45.745527,31.784629
channel-750,685120,30352519,30352536,17,2025-02-25 22:33:21.045146,2025-02-25 22:33:41.450341,20.405195
channel-326,538507,30352527,30352542,15,2025-02-25 22:33:30.294977,2025-02-25 22:33:48.132660,17.837683
channel-85077,61091,30352531,30352543,12,2025-02-25 22:33:34.680710,2025-02-25 22:33:49.224235,14.543525
channel-75,845374,30352534,30352543,9,2025-02-25 22:33:39.203962,2025-02-25 22:33:49.224235,10.020273
channel-320,119285,30352534,30352547,13,2025-02-25 22:33:39.203962,2025-02-25 22:33:53.844684,14.640722
channel-122,668398,30352540,30352544,4,2025-02-25 22:33:45.745527,2025-02-25 22:33:50.454256,4.708729
channel-750,685121,30352558,30352577,19,2025-02-25 22:34:07.315892,2025-02-25 22:34:30.291879,22.975987
channel-2494,31991,30352571,30352583,12,2025-02-25 22:34:22.428015,2025-02-25 22:34:40.522923,18.094908
channel-89298,18759,30352574,30352581,7,2025-02-25 22:34:26.007996,2025-02-25 22:34:36.407760,10.399764
channel-75,845375,30352576,30352585,9,2025-02-25 22:34:29.086640,2025-02-25 22:34:42.775441,13.688801
channel-783,104411,30352576,30352584,8,2025-02-25 22:34:29.086640,2025-02-25 22:34:41.636732,12.550092
channel-2188,43904,30352580,30352584,4,2025-02-25 22:34:35.291227,2025-02-25 22:34:41.636732,6.345505
channel-0,4040318,30352585,30352597,12,2025-02-25 22:34:42.775441,2025-02-25 22:34:58.447993,15.672552
channel-326,538508,30352585,30352595,10,2025-02-25 22:34:42.775441,2025-02-25 22:34:55.136763,12.361322
channel-0,4040319,30352591,30352602,11,2025-02-25 22:34:49.646079,2025-02-25 22:35:03.994759,14.34868
channel-750,685122,30352594,30352609,15,2025-02-25 22:34:53.971516,2025-02-25 22:35:12.674693,18.703177
channel-750,685123,30352598,30352603,5,2025-02-25 22:34:59.523438,2025-02-25 22:35:05.710161,6.186723
channel-874,293485,30352604,30352610,6,2025-02-25 22:35:06.859120,2025-02-25 22:35:13.893019,7.033899
channel-750,685124,30352605,30352625,20,2025-02-25 22:35:07.969912,2025-02-25 22:35:33.898362,25.92845
channel-0,4040320,30352617,30352626,9,2025-02-25 22:35:23.631055,2025-02-25 22:35:35.018088,11.387033
channel-19774,346188,30352628,30352637,9,2025-02-25 22:35:40.661930,2025-02-25 22:35:53.686120,13.02419
channel-1429,140807,30352641,30352649,8,2025-02-25 22:35:58.177064,2025-02-25 22:36:07.676551,9.499487
channel-208,1491096,30352650,30352660,10,2025-02-25 22:36:08.958938,2025-02-25 22:36:20.730598,11.77166
channel-750,685125,30352654,30352676,22,2025-02-25 22:36:13.638391,2025-02-25 22:36:40.503836,26.865445
channel-750,685126,30352667,30352694,27,2025-02-25 22:36:28.641986,2025-02-25 22:37:04.043777,35.401791
channel-750,685127,30352683,30352689,6,2025-02-25 22:36:50.273906,2025-02-25 22:36:58.397621,8.123715
channel-750,685128,30352687,30352704,17,2025-02-25 22:36:56.018638,2025-02-25 22:37:16.441002,20.422364
channel-122,668399,30352691,30352695,4,2025-02-25 22:37:00.684004,2025-02-25 22:37:05.183508,4.499504
channel-208,1491097,30352700,30352711,11,2025-02-25 22:37:10.695511,2025-02-25 22:37:25.465755,14.770244
channel-750,685129,30352731,30352744,13,2025-02-25 22:37:52.017200,2025-02-25 22:38:07.619361,15.602161
channel-19774,346189,30352735,30352744,9,2025-02-25 22:37:56.453569,2025-02-25 22:38:07.619361,11.165792
channel-6994,1326021,30352737,30352747,10,2025-02-25 22:37:58.688168,2025-02-25 22:38:12.283107,13.594939
channel-85077,61092,30352742,30352751,9,2025-02-25 22:38:05.307915,2025-02-25 22:38:16.766638,11.458723
channel-181,13597,30352761,30352775,14,2025-02-25 22:38:29.790080,2025-02-25 22:38:47.960906,18.170826
channel-89298,18760,30352778,30352791,13,2025-02-25 22:38:51.849075,2025-02-25 22:39:06.808260,14.959185
channel-750,685130,30352785,30352794,9,2025-02-25 22:38:59.722510,2025-02-25 22:39:10.397454,10.674944
channel-750,685131,30352789,30352794,5,2025-02-25 22:39:04.432000,2025-02-25 22:39:10.397454,5.965454
channel-208,1491098,30352800,30352810,10,2025-02-25 22:39:18.849174,2025-02-25 22:39:32.214583,13.365409
channel-199,132886,30352816,30352823,7,2025-02-25 22:39:38.756002,2025-02-25 22:39:48.086216,9.330214
channel-208,1491099,30352823,30352832,9,2025-02-25 22:39:48.086216,2025-02-25 22:40:00.645719,12.559503
channel-750,685132,30352830,30352844,14,2025-02-25 22:39:57.993318,2025-02-25 22:40:20.121116,22.127798
channel-5,184369,30352837,30352844,7,2025-02-25 22:40:09.700839,2025-02-25 22:40:20.121116,10.420277
channel-0,4040321,30352841,30352853,12,2025-02-25 22:40:15.675385,2025-02-25 22:40:31.466152,15.790767
channel-208,1491100,30352845,30352856,11,2025-02-25 22:40:21.894496,2025-02-25 22:40:35.623994,13.729498
channel-75,845376,30352865,30352872,7,2025-02-25 22:40:45.945874,2025-02-25 22:40:54.662479,8.716605
channel-89321,19566,30352872,30352887,15,2025-02-25 22:40:54.662479,2025-02-25 22:41:13.350873,18.688394
channel-6787,166823,30352878,30352882,4,2025-02-25 22:41:03.164745,2025-02-25 22:41:07.733715,4.56897
channel-0,4040322,30352904,30352913,9,2025-02-25 22:41:35.150812,2025-02-25 22:41:45.746972,10.59616
channel-75,845377,30352927,30352936,9,2025-02-25 22:42:02.943692,2025-02-25 22:42:16.529865,13.586173
channel-208,1491101,30352931,30352943,12,2025-02-25 22:42:09.882687,2025-02-25 22:42:25.179645,15.296958
channel-2,130697,30352948,30352962,14,2025-02-25 22:42:31.920889,2025-02-25 22:42:48.838186,16.917297
channel-750,685133,30352954,30352966,12,2025-02-25 22:42:39.533201,2025-02-25 22:42:53.325784,13.792583
channel-19774,346190,30352962,30352972,10,2025-02-25 22:42:48.838186,2025-02-25 22:43:01.731796,12.89361
channel-874,293486,30352981,30352986,5,2025-02-25 22:43:12.329366,2025-02-25 22:43:18.021178,5.691812
channel-6994,1326022,30352986,30352996,10,2025-02-25 22:43:18.021178,2025-02-25 22:43:29.388509,11.367331
channel-0,4040323,30353009,30353028,19,2025-02-25 22:43:44.415002,2025-02-25 22:44:10.215849,25.800847
channel-874,293487,30353011,30353017,6,2025-02-25 22:43:48.245897,2025-02-25 22:43:57.037233,8.791336
channel-0,4040324,30353023,30353048,25,2025-02-25 22:44:04.032506,2025-02-25 22:44:39.125427,35.092921
channel-6994,1326023,30353025,30353035,10,2025-02-25 22:44:06.747762,2025-02-25 22:44:19.529151,12.781389
channel-320,119286,30353026,30353043,17,2025-02-25 22:44:07.881949,2025-02-25 22:44:30.001322,22.119373
channel-0,4040325,30353036,30353044,8,2025-02-25 22:44:20.811003,2025-02-25 22:44:31.113546,10.302543
channel-98451,82,30353054,30353078,24,2025-02-25 22:44:47.104154,2025-02-25 22:45:18.066486,30.962332
channel-108,39869,30353063,30353074,11,2025-02-25 22:44:58.302936,2025-02-25 22:45:12.005043,13.702107
channel-750,685134,30353082,30353100,18,2025-02-25 22:45:22.625054,2025-02-25 22:45:44.796214,22.17116
channel-874,293488,30353085,30353102,17,2025-02-25 22:45:25.966010,2025-02-25 22:45:47.160903,21.194893
channel-208,1491102,30353093,30353103,10,2025-02-25 22:45:34.979904,2025-02-25 22:45:48.330762,13.350858
channel-98451,83,30353101,30353117,16,2025-02-25 22:45:46.061173,2025-02-25 22:46:05.755851,19.694678
channel-169,117532,30353105,30353136,31,2025-02-25 22:45:50.480000,2025-02-25 22:46:27.972825,37.492825
channel-199,132887,30353110,30353138,28,2025-02-25 22:45:56.688403,2025-02-25 22:46:30.053922,33.365519
channel-6994,1326024,30353115,30353144,29,2025-02-25 22:46:03.440831,2025-02-25 22:46:38.566894,35.126063
channel-6994,1326025,30353115,30357781,4666,2025-02-25 22:46:03.440831,2025-02-26 00:26:14.534444,6011.093613
channel-0,4040326,30353140,30353152,12,2025-02-25 22:46:33.480240,2025-02-25 22:46:49.315722,15.835482
channel-208,1491103,30353152,30353162,10,2025-02-25 22:46:49.315722,2025-02-25 22:47:02.899038,13.583316
channel-98130,84,30353158,30353173,15,2025-02-25 22:46:57.353041,2025-02-25 22:47:16.130434,18.777393
channel-6994,1326026,30353162,30353174,12,2025-02-25 22:47:02.899038,2025-02-25 22:47:17.222191,14.323153
channel-259,314475,30353168,30353175,7,2025-02-25 22:47:09.796482,2025-02-25 22:47:18.374945,8.578463
channel-259,314476,30353195,30353200,5,2025-02-25 22:47:43.890650,2025-02-25 22:47:51.835404,7.944754
channel-208,1491104,30353200,30353210,10,2025-02-25 22:47:51.835404,2025-02-25 22:48:06.970114,15.13471
channel-259,314477,30353232,30353238,6,2025-02-25 22:48:32.032811,2025-02-25 22:48:39.754590,7.721779
channel-122,668400,30353235,30353238,3,2025-02-25 22:48:35.752805,2025-02-25 22:48:39.754590,4.001785
channel-259,314478,30353254,30353258,4,2025-02-25 22:49:00.929838,2025-02-25 22:49:06.663422,5.733584
channel-0,4040327,30353272,30353278,6,2025-02-25 22:49:26.366939,2025-02-25 22:49:37.863702,11.496763
channel-1429,140808,30353274,30353285,11,2025-02-25 22:49:32.236319,2025-02-25 22:49:45.839710,13.603391
channel-412,64663,30353278,30353295,17,2025-02-25 22:49:37.863702,2025-02-25 22:49:57.022985,19.159283
channel-113,301368,30353280,30353322,42,2025-02-25 22:49:40.173463,2025-02-25 22:50:32.163143,51.98968
channel-0,4040328,30353297,30353306,9,2025-02-25 22:49:59.461857,2025-02-25 22:50:12.590762,13.128905
channel-874,293489,30353301,30353306,5,2025-02-25 22:50:03.902002,2025-02-25 22:50:12.590762,8.68876
channel-208,1491105,30353303,30353313,10,2025-02-25 22:50:06.108481,2025-02-25 22:50:21.938110,15.829629
channel-75,845378,30353306,30353314,8,2025-02-25 22:50:12.590762,2025-02-25 22:50:23.071275,10.480513
channel-874,293490,30353308,30353315,7,2025-02-25 22:50:16.250206,2025-02-25 22:50:24.294170,8.043964
channel-1,408710,30353310,30353324,14,2025-02-25 22:50:18.549889,2025-02-25 22:50:34.611230,16.061341
channel-874,293491,30353312,30353321,9,2025-02-25 22:50:20.872770,2025-02-25 22:50:30.902483,10.029713
channel-75,845379,30353321,30353327,6,2025-02-25 22:50:30.902483,2025-02-25 22:50:38.973472,8.070989
channel-874,293492,30353324,30353337,13,2025-02-25 22:50:34.611230,2025-02-25 22:50:50.998276,16.387046
channel-1429,140809,30353333,30353347,14,2025-02-25 22:50:46.164328,2025-02-25 22:51:02.880723,16.716395
channel-75,845380,30353333,30353346,13,2025-02-25 22:50:46.164328,2025-02-25 22:51:01.724031,15.559703
channel-750,685135,30353347,30353352,5,2025-02-25 22:51:02.880723,2025-02-25 22:51:08.572611,5.691888
channel-874,293493,30353348,30353356,8,2025-02-25 22:51:03.942956,2025-02-25 22:51:14.361666,10.41871
channel-98451,84,30353357,30353367,10,2025-02-25 22:51:15.469164,2025-02-25 22:51:30.858098,15.388934
channel-85077,61093,30353366,30353376,10,2025-02-25 22:51:29.637659,2025-02-25 22:51:41.606289,11.96863
channel-75016,4671,30353379,30353391,12,2025-02-25 22:51:46.078309,2025-02-25 22:52:01.031544,14.953235
channel-1,408711,30353384,30353394,10,2025-02-25 22:51:52.057502,2025-02-25 22:52:04.481119,12.423617
channel-259,314479,30353386,30353392,6,2025-02-25 22:51:54.348294,2025-02-25 22:52:02.237505,7.889211
channel-642,126548,30353398,30353428,30,2025-02-25 22:52:08.928832,2025-02-25 22:52:46.152147,37.223315
channel-98451,85,30353399,30353417,18,2025-02-25 22:52:10.117742,2025-02-25 22:52:32.211473,22.093731
channel-208,1491106,30353410,30353420,10,2025-02-25 22:52:24.323853,2025-02-25 22:52:35.910000,11.586147
channel-143,128483,30353414,30353435,21,2025-02-25 22:52:28.892432,2025-02-25 22:52:55.165625,26.273193
channel-6994,1326027,30353415,30353449,34,2025-02-25 22:52:30.039057,2025-02-25 22:53:14.163903,44.124846
channel-0,4040329,30353419,30353435,16,2025-02-25 22:52:34.425660,2025-02-25 22:52:55.165625,20.739965
channel-642,126549,30353420,30354491,1071,2025-02-25 22:52:35.910000,2025-02-25 23:15:32.644415,1376.734415
channel-320,119287,30353422,30353453,31,2025-02-25 22:52:39.233404,2025-02-25 22:53:19.575235,40.341831
channel-184,137459,30353423,30353435,12,2025-02-25 22:52:40.398449,2025-02-25 22:52:55.165625,14.767176
channel-208,1491107,30353429,30353437,8,2025-02-25 22:52:47.272295,2025-02-25 22:52:58.953665,11.68137
channel-642,126550,30353430,30353499,69,2025-02-25 22:52:48.668488,2025-02-25 22:54:20.659737,91.991249
channel-642,126551,30353447,30354491,1044,2025-02-25 22:53:10.651538,2025-02-25 23:15:32.644415,1341.992877
channel-642,126552,30353452,30353500,48,2025-02-25 22:53:18.408994,2025-02-25 22:54:21.896680,63.487686
channel-1,408712,30353465,30353474,9,2025-02-25 22:53:36.491273,2025-02-25 22:53:48.151711,11.660438
channel-1,408713,30353475,30353485,10,2025-02-25 22:53:49.388046,2025-02-25 22:54:00.355670,10.967624
channel-642,126553,30353482,30354491,1009,2025-02-25 22:53:57.098933,2025-02-25 23:15:32.644415,1295.545482
channel-208,1491108,30353484,30353494,10,2025-02-25 22:53:59.254258,2025-02-25 22:54:13.852053,14.597795
channel-208,1491109,30353497,30353507,10,2025-02-25 22:54:17.230326,2025-02-25 22:54:30.741275,13.510949
channel-6994,1326028,30353499,30353508,9,2025-02-25 22:54:20.659737,2025-02-25 22:54:32.083108,11.423371
channel-750,685136,30353515,30353519,4,2025-02-25 22:54:41.085819,2025-02-25 22:54:45.562718,4.476899
channel-208,1491110,30353524,30353534,10,2025-02-25 22:54:52.251971,2025-02-25 22:55:05.990532,13.738561
channel-259,314480,30353527,30353536,9,2025-02-25 22:54:55.648727,2025-02-25 22:55:08.326455,12.677728
channel-0,4040330,30353530,30353541,11,2025-02-25 22:55:00.742724,2025-02-25 22:55:13.872618,13.129894
channel-113,301369,30353543,30353592,49,2025-02-25 22:55:16.255437,2025-02-25 22:56:17.523436,61.267999
channel-750,685137,30353544,30353548,4,2025-02-25 22:55:17.405896,2025-02-25 22:55:23.033569,5.627673
channel-85077,61094,30353547,30353558,11,2025-02-25 22:55:20.724519,2025-02-25 22:55:34.694938,13.970419
channel-750,685138,30353548,30353568,20,2025-02-25 22:55:23.033569,2025-02-25 22:55:47.359774,24.326205
channel-85077,61095,30353555,30353570,15,2025-02-25 22:55:31.209952,2025-02-25 22:55:49.717242,18.50729
channel-1,408714,30353571,30353583,12,2025-02-25 22:55:50.787108,2025-02-25 22:56:07.185631,16.398523
channel-874,293494,30353582,30353589,7,2025-02-25 22:56:06.068805,2025-02-25 22:56:14.149238,8.080433
channel-75,845381,30353583,30353590,7,2025-02-25 22:56:07.185631,2025-02-25 22:56:15.225732,8.040101
channel-874,293495,30353596,30353602,6,2025-02-25 22:56:24.245357,2025-02-25 22:56:31.803152,7.557795
channel-199,132888,30353596,30353604,8,2025-02-25 22:56:24.245357,2025-02-25 22:56:34.306371,10.061014
channel-1,408715,30353596,30353607,11,2025-02-25 22:56:24.245357,2025-02-25 22:56:37.649884,13.404527
channel-750,685139,30353597,30353619,22,2025-02-25 22:56:25.500590,2025-02-25 22:56:53.111627,27.611037
channel-750,685140,30353605,30353623,18,2025-02-25 22:56:35.414619,2025-02-25 22:56:57.757293,22.342674
channel-88,467228,30353606,30353659,53,2025-02-25 22:56:36.510275,2025-02-25 22:57:42.063505,65.55323
channel-1,408716,30353612,30353631,19,2025-02-25 22:56:43.752867,2025-02-25 22:57:07.314254,23.561387
channel-1,408717,30353615,30353631,16,2025-02-25 22:56:48.634911,2025-02-25 22:57:07.314254,18.679343
channel-750,685141,30353616,30353626,10,2025-02-25 22:56:49.743014,2025-02-25 22:57:01.601728,11.858714
channel-767,14388,30353637,30353649,12,2025-02-25 22:57:15.611224,2025-02-25 22:57:30.454555,14.843331
channel-75,845382,30353637,30353645,8,2025-02-25 22:57:15.611224,2025-02-25 22:57:25.792939,10.181715
channel-75,845383,30353638,30353645,7,2025-02-25 22:57:16.794476,2025-02-25 22:57:25.792939,8.998463
channel-750,685142,30353644,30353659,15,2025-02-25 22:57:24.690984,2025-02-25 22:57:42.063505,17.372521
channel-750,685143,30353646,30353652,6,2025-02-25 22:57:27.063557,2025-02-25 22:57:33.912053,6.848496
channel-874,293496,30353648,30353656,8,2025-02-25 22:57:29.339456,2025-02-25 22:57:38.459596,9.12014
channel-0,4040331,30353650,30353660,10,2025-02-25 22:57:31.576517,2025-02-25 22:57:46.513068,14.936551
channel-42,1490097,30353652,30353662,10,2025-02-25 22:57:33.912053,2025-02-25 22:57:48.893023,14.98097
channel-750,685144,30353659,30353664,5,2025-02-25 22:57:42.063505,2025-02-25 22:57:51.169292,9.105787
channel-0,4040332,30353688,30353698,10,2025-02-25 22:58:20.918962,2025-02-25 22:58:34.702081,13.783119
channel-208,1491111,30353700,30353712,12,2025-02-25 22:58:37.843120,2025-02-25 22:58:55.016216,17.173096
channel-208,1491112,30353706,30353717,11,2025-02-25 22:58:47.188403,2025-02-25 22:59:00.551853,13.36345
channel-75,845384,30353710,30353719,9,2025-02-25 22:58:52.687767,2025-02-25 22:59:02.752023,10.064256
channel-188,190604,30353712,30353721,9,2025-02-25 22:58:55.016216,2025-02-25 22:59:05.053366,10.03715
channel-122,668401,30353733,30353737,4,2025-02-25 22:59:19.210228,2025-02-25 22:59:23.773538,4.56331
channel-525,6372,30353753,30353773,20,2025-02-25 22:59:44.703663,2025-02-25 23:00:09.398221,24.694558
channel-0,4040333,30353758,30353770,12,2025-02-25 22:59:50.443952,2025-02-25 23:00:05.854431,15.410479
channel-0,4040334,30353776,30353785,9,2025-02-25 23:00:12.813285,2025-02-25 23:00:27.391784,14.578499
channel-6994,1326029,30353778,30353786,8,2025-02-25 23:00:15.263489,2025-02-25 23:00:29.552065,14.288576
channel-750,685145,30353780,30353784,4,2025-02-25 23:00:17.610338,2025-02-25 23:00:25.077586,7.467248
channel-750,685146,30353784,30353788,4,2025-02-25 23:00:25.077586,2025-02-25 23:00:31.748421,6.670835
channel-91017,2927,30353785,30353835,50,2025-02-25 23:00:27.391784,2025-02-25 23:01:30.999789,63.608005
channel-75,845385,30353839,30353846,7,2025-02-25 23:01:35.470565,2025-02-25 23:01:43.436082,7.965517
channel-6994,1326030,30353854,30353867,13,2025-02-25 23:01:52.564868,2025-02-25 23:02:08.177959,15.613091
channel-750,685147,30353868,30353873,5,2025-02-25 23:02:09.298104,2025-02-25 23:02:14.688162,5.390058
channel-6787,166824,30353878,30353882,4,2025-02-25 23:02:25.352605,2025-02-25 23:02:30.115333,4.762728
channel-782,310288,30353900,30353905,5,2025-02-25 23:02:53.616672,2025-02-25 23:03:00.322744,6.706072
channel-874,293497,30353903,30353908,5,2025-02-25 23:02:58.110093,2025-02-25 23:03:03.504470,5.394377
channel-259,314481,30353903,30353909,6,2025-02-25 23:02:58.110093,2025-02-25 23:03:04.693183,6.58309
channel-0,4040335,30353906,30353916,10,2025-02-25 23:03:01.376584,2025-02-25 23:03:12.578161,11.201577
channel-89321,19567,30353926,30353937,11,2025-02-25 23:03:25.790459,2025-02-25 23:03:40.447158,14.656699
channel-122,668402,30353926,30353930,4,2025-02-25 23:03:25.790459,2025-02-25 23:03:31.184688,5.394229
channel-229,55058,30353927,30353940,13,2025-02-25 23:03:26.887801,2025-02-25 23:03:43.785778,16.897977
channel-75,845386,30353954,30353964,10,2025-02-25 23:04:01.549466,2025-02-25 23:04:15.919665,14.370199
channel-113,301370,30353960,30354011,51,2025-02-25 23:04:10.147330,2025-02-25 23:05:12.254446,62.107116
channel-143,128484,30353961,30353974,13,2025-02-25 23:04:12.127676,2025-02-25 23:04:27.388896,15.26122
channel-750,685148,30353962,30353983,21,2025-02-25 23:04:13.434427,2025-02-25 23:04:39.642549,26.208122
channel-1429,140810,30353971,30353983,12,2025-02-25 23:04:23.766437,2025-02-25 23:04:39.642549,15.876112
channel-642,126554,30353971,30353980,9,2025-02-25 23:04:23.766437,2025-02-25 23:04:36.244397,12.47796
channel-122,668403,30353983,30353987,4,2025-02-25 23:04:39.642549,2025-02-25 23:04:44.147431,4.504882
channel-0,4040336,30353996,30354009,13,2025-02-25 23:04:54.348483,2025-02-25 23:05:09.926956,15.578473
channel-85077,61096,30354024,30354030,6,2025-02-25 23:05:29.112481,2025-02-25 23:05:40.513676,11.401195
channel-750,685149,30354025,30354052,27,2025-02-25 23:05:30.200820,2025-02-25 23:06:07.152402,36.951582
channel-782,310289,30354040,30354045,5,2025-02-25 23:05:52.184960,2025-02-25 23:05:59.413664,7.228704
channel-6994,1326031,30354060,30354067,7,2025-02-25 23:06:16.998512,2025-02-25 23:06:28.080540,11.082028
channel-0,4040337,30354065,30354072,7,2025-02-25 23:06:22.746440,2025-02-25 23:06:34.956567,12.210127
channel-88,467229,30354072,30354199,127,2025-02-25 23:06:34.956567,2025-02-25 23:09:18.360107,163.40354
channel-750,685150,30354082,30354105,23,2025-02-25 23:06:47.715657,2025-02-25 23:07:14.648872,26.933215
channel-89321,19568,30354085,30354094,9,2025-02-25 23:06:51.431017,2025-02-25 23:07:02.443228,11.012211
channel-91017,2928,30354087,30354097,10,2025-02-25 23:06:53.597013,2025-02-25 23:07:05.737562,12.140549
channel-208,1491113,30354099,30354111,12,2025-02-25 23:07:07.829965,2025-02-25 23:07:21.948018,14.118053
channel-89321,19569,30354106,30354115,9,2025-02-25 23:07:15.764103,2025-02-25 23:07:27.340533,11.57643
channel-1429,140811,30354112,30354120,8,2025-02-25 23:07:23.101951,2025-02-25 23:07:33.214951,10.113
channel-85077,61097,30354127,30354134,7,2025-02-25 23:07:43.229980,2025-02-25 23:07:52.268048,9.038068
channel-6994,1326032,30354137,30354148,11,2025-02-25 23:07:59.968795,2025-02-25 23:08:13.367000,13.398205
channel-750,685151,30354139,30354149,10,2025-02-25 23:08:02.295848,2025-02-25 23:08:14.400176,12.104328
channel-750,685152,30354142,30354154,12,2025-02-25 23:08:06.588838,2025-02-25 23:08:20.218461,13.629623
channel-750,685153,30354142,30354171,29,2025-02-25 23:08:06.588838,2025-02-25 23:08:41.609957,35.021119
channel-767,14389,30354145,30354155,10,2025-02-25 23:08:09.943441,2025-02-25 23:08:21.307987,11.364546
channel-750,685154,30354146,30354165,19,2025-02-25 23:08:11.194950,2025-02-25 23:08:34.885417,23.690467
channel-750,685155,30354146,30354151,5,2025-02-25 23:08:11.194950,2025-02-25 23:08:16.811396,5.616446
channel-85077,61098,30354149,30354160,11,2025-02-25 23:08:14.400176,2025-02-25 23:08:27.861553,13.461377
channel-113,301371,30354151,30354347,196,2025-02-25 23:08:16.811396,2025-02-25 23:12:30.009705,253.198309
channel-0,4040338,30354163,30354172,9,2025-02-25 23:08:31.527937,2025-02-25 23:08:42.845571,11.317634
channel-42,1490098,30354175,30354183,8,2025-02-25 23:08:47.488395,2025-02-25 23:08:57.584964,10.096569
channel-1429,140812,30354183,30354194,11,2025-02-25 23:08:57.584964,2025-02-25 23:09:11.631765,14.046801
channel-750,685156,30354201,30354223,22,2025-02-25 23:09:20.454658,2025-02-25 23:09:49.830376,29.375718
channel-208,1491114,30354202,30354214,12,2025-02-25 23:09:21.719617,2025-02-25 23:09:35.470059,13.750442
channel-874,293498,30354207,30354212,5,2025-02-25 23:09:27.499896,2025-02-25 23:09:33.245501,5.745605
channel-0,4040339,30354255,30354267,12,2025-02-25 23:10:27.531578,2025-02-25 23:10:43.787808,16.25623
channel-89321,19570,30354272,30354278,6,2025-02-25 23:10:50.943781,2025-02-25 23:11:00.919613,9.975832
channel-229,55059,30354272,30354280,8,2025-02-25 23:10:50.943781,2025-02-25 23:11:03.411224,12.467443
channel-874,293499,30354273,30354279,6,2025-02-25 23:10:51.993284,2025-02-25 23:11:02.145026,10.151742
channel-6994,1326033,30354275,30354284,9,2025-02-25 23:10:54.234335,2025-02-25 23:11:09.087506,14.853171
channel-750,685157,30354281,30354301,20,2025-02-25 23:11:04.632319,2025-02-25 23:11:30.343332,25.711013
channel-874,293500,30354284,30354293,9,2025-02-25 23:11:09.087506,2025-02-25 23:11:20.145946,11.05844
channel-6994,1326034,30354289,30354297,8,2025-02-25 23:11:14.722312,2025-02-25 23:11:25.905832,11.18352
channel-208,1491115,30354293,30354302,9,2025-02-25 23:11:20.145946,2025-02-25 23:11:31.473642,11.327696
channel-1,408718,30354308,30354327,19,2025-02-25 23:11:41.350701,2025-02-25 23:12:05.743210,24.392509
channel-750,685158,30354330,30354351,21,2025-02-25 23:12:10.280058,2025-02-25 23:12:35.801581,25.521523
channel-143,128485,30354359,30354388,29,2025-02-25 23:12:45.563348,2025-02-25 23:13:19.701718,34.13837
channel-72,516483,30354367,30354394,27,2025-02-25 23:12:55.774133,2025-02-25 23:13:30.804153,35.03002
channel-75,845387,30354376,30354387,11,2025-02-25 23:13:05.999173,2025-02-25 23:13:18.641961,12.642788
channel-6994,1326035,30354387,30354396,9,2025-02-25 23:13:18.641961,2025-02-25 23:13:33.154367,14.512406
channel-750,685159,30354395,30354420,25,2025-02-25 23:13:31.912512,2025-02-25 23:14:03.033624,31.121112
channel-184,137460,30354430,30354447,17,2025-02-25 23:14:15.149381,2025-02-25 23:14:35.953817,20.804436
channel-750,685160,30354451,30354469,18,2025-02-25 23:14:41.370814,2025-02-25 23:15:05.042292,23.671478
channel-1,408719,30354452,30354464,12,2025-02-25 23:14:42.466322,2025-02-25 23:14:59.332715,16.866393
channel-0,4040340,30354454,30354465,11,2025-02-25 23:14:44.657141,2025-02-25 23:15:00.514383,15.857242
channel-0,4040341,30354463,30354493,30,2025-02-25 23:14:58.161676,2025-02-25 23:15:34.887634,36.725958
channel-6994,1326036,30354469,30354480,11,2025-02-25 23:15:05.042292,2025-02-25 23:15:18.957743,13.915451
channel-113,301372,30354484,30354507,23,2025-02-25 23:15:23.393683,2025-02-25 23:15:54.038365,30.644682
channel-0,4040342,30354493,30354502,9,2025-02-25 23:15:34.887634,2025-02-25 23:15:48.445716,13.558082
channel-208,1491116,30354496,30354510,14,2025-02-25 23:15:41.536629,2025-02-25 23:15:58.458511,16.921882
channel-94814,3802,30354513,30354527,14,2025-02-25 23:16:02.703576,2025-02-25 23:16:19.774843,17.071267
channel-750,685161,30354520,30354543,23,2025-02-25 23:16:11.717653,2025-02-25 23:16:39.143794,27.426141
channel-113,301373,30354524,30354558,34,2025-02-25 23:16:16.160993,2025-02-25 23:16:58.420605,42.259612
channel-874,293501,30354536,30354541,5,2025-02-25 23:16:29.924595,2025-02-25 23:16:36.696663,6.772068
channel-1,408720,30354536,30354548,12,2025-02-25 23:16:29.924595,2025-02-25 23:16:44.675365,14.75077
channel-113,301374,30354552,30354589,37,2025-02-25 23:16:50.282085,2025-02-25 23:17:38.875777,48.593692
channel-0,4040343,30354583,30354596,13,2025-02-25 23:17:31.275446,2025-02-25 23:17:46.761777,15.486331
channel-750,685162,30354589,30354613,24,2025-02-25 23:17:38.875777,2025-02-25 23:18:09.842391,30.966614
channel-89321,19571,30354608,30354617,9,2025-02-25 23:18:02.246369,2025-02-25 23:18:14.246195,11.999826
channel-122,668404,30354609,30354622,13,2025-02-25 23:18:03.254292,2025-02-25 23:18:21.557936,18.303644
channel-38946,124311,30354616,30354633,17,2025-02-25 23:18:13.255697,2025-02-25 23:18:34.009329,20.753632
channel-6787,166825,30354616,30354620,4,2025-02-25 23:18:13.255697,2025-02-25 23:18:18.763630,5.507933
channel-6994,1326037,30354634,30354647,13,2025-02-25 23:18:35.182455,2025-02-25 23:18:51.134281,15.951826
channel-750,685163,30354650,30354671,21,2025-02-25 23:18:55.584521,2025-02-25 23:19:22.948885,27.364364
channel-6994,1326038,30354652,30354661,9,2025-02-25 23:18:57.786113,2025-02-25 23:19:11.650462,13.864349
channel-216,94327,30354654,30354724,70,2025-02-25 23:19:01.100140,2025-02-25 23:20:32.472993,91.372853
channel-208,1491117,30354656,30354670,14,2025-02-25 23:19:04.956513,2025-02-25 23:19:21.738225,16.781712
channel-750,685164,30354657,30354671,14,2025-02-25 23:19:07.244585,2025-02-25 23:19:22.948885,15.7043
channel-0,4040344,30354671,30354684,13,2025-02-25 23:19:22.948885,2025-02-25 23:19:40.236470,17.287585
channel-1279,67148,30354676,30354689,13,2025-02-25 23:19:29.576918,2025-02-25 23:19:46.234208,16.65729
channel-88,467230,30354682,30354699,17,2025-02-25 23:19:37.243954,2025-02-25 23:20:01.808103,24.564149
channel-229,55060,30354693,30354700,7,2025-02-25 23:19:50.785487,2025-02-25 23:20:04.236063,13.450576
channel-0,4040345,30354699,30354710,11,2025-02-25 23:20:01.808103,2025-02-25 23:20:15.830496,14.022393
channel-750,685165,30354700,30354722,22,2025-02-25 23:20:04.236063,2025-02-25 23:20:30.405359,26.169296
channel-0,4040346,30354728,30354754,26,2025-02-25 23:20:36.975803,2025-02-25 23:21:11.320561,34.344758
channel-6994,1326039,30354729,30354740,11,2025-02-25 23:20:38.054177,2025-02-25 23:20:50.684503,12.630326
channel-2494,31992,30354735,30354744,9,2025-02-25 23:20:44.625116,2025-02-25 23:20:57.041752,12.416636
channel-38946,124312,30354735,30354754,19,2025-02-25 23:20:44.625116,2025-02-25 23:21:11.320561,26.695445
channel-750,685166,30354750,30354766,16,2025-02-25 23:21:04.577449,2025-02-25 23:21:26.680765,22.103316
channel-88,467231,30354752,30354773,21,2025-02-25 23:21:08.017209,2025-02-25 23:21:34.887891,26.870682
channel-38,11686,30354759,30354771,12,2025-02-25 23:21:17.882678,2025-02-25 23:21:32.682602,14.799924
channel-874,293502,30354759,30354764,5,2025-02-25 23:21:17.882678,2025-02-25 23:21:24.491070,6.608392
channel-874,293503,30354759,30354764,5,2025-02-25 23:21:17.882678,2025-02-25 23:21:24.491070,6.608392
channel-750,685167,30354767,30354789,22,2025-02-25 23:21:27.804294,2025-02-25 23:21:55.010407,27.206113
channel-89321,19572,30354776,30354786,10,2025-02-25 23:21:38.292899,2025-02-25 23:21:51.559004,13.266105
channel-73755,5858,30354795,30354801,6,2025-02-25 23:22:02.059476,2025-02-25 23:22:11.481442,9.421966
channel-251,85288,30354796,30354806,10,2025-02-25 23:22:03.229168,2025-02-25 23:22:17.445511,14.216343
channel-89321,19573,30354799,30354810,11,2025-02-25 23:22:07.752469,2025-02-25 23:22:21.925667,14.173198
channel-19774,346191,30354812,30354822,10,2025-02-25 23:22:24.140295,2025-02-25 23:22:39.016091,14.875796
channel-199,132889,30354817,30354827,10,2025-02-25 23:22:30.941740,2025-02-25 23:22:44.478804,13.537064
channel-6994,1326040,30354817,30354826,9,2025-02-25 23:22:30.941740,2025-02-25 23:22:43.433055,12.491315
channel-750,685168,30354820,30354846,26,2025-02-25 23:22:34.224937,2025-02-25 23:23:08.439030,34.214093
channel-122,668405,30354862,30354866,4,2025-02-25 23:23:28.595121,2025-02-25 23:23:33.974140,5.379019
channel-208,1491118,30354870,30354879,9,2025-02-25 23:23:38.341259,2025-02-25 23:23:49.299626,10.958367
channel-750,685169,30354875,30354887,12,2025-02-25 23:23:44.299760,2025-02-25 23:24:00.183045,15.883285
channel-750,685170,30354876,30354897,21,2025-02-25 23:23:45.772559,2025-02-25 23:24:13.883179,28.11062
channel-19774,346192,30354879,30354887,8,2025-02-25 23:23:49.299626,2025-02-25 23:24:00.183045,10.883419
channel-199,132890,30354884,30354894,10,2025-02-25 23:23:55.729741,2025-02-25 23:24:09.178636,13.448895
channel-750,685171,30354914,30354918,4,2025-02-25 23:24:36.440296,2025-02-25 23:24:42.097323,5.657027
channel-874,293504,30354915,30354918,3,2025-02-25 23:24:38.505798,2025-02-25 23:24:42.097323,3.591525
channel-38946,124313,30354925,30354935,10,2025-02-25 23:24:53.150076,2025-02-25 23:25:04.395160,11.245084
channel-199,132891,30354927,30354937,10,2025-02-25 23:24:55.320263,2025-02-25 23:25:06.721520,11.401257
channel-19774,346193,30354933,30354943,10,2025-02-25 23:25:02.124918,2025-02-25 23:25:14.674714,12.549796
channel-750,685172,30354936,30354955,19,2025-02-25 23:25:05.558958,2025-02-25 23:25:31.335609,25.776651
channel-38946,124314,30354946,30354956,10,2025-02-25 23:25:19.379525,2025-02-25 23:25:32.488276,13.108751
channel-750,685173,30354953,30354958,5,2025-02-25 23:25:28.841403,2025-02-25 23:25:34.800125,5.958722
channel-2188,43905,30354967,30354972,5,2025-02-25 23:25:47.082676,2025-02-25 23:25:52.775183,5.692507
channel-19774,346194,30354983,30354995,12,2025-02-25 23:26:06.409571,2025-02-25 23:26:21.394062,14.984491
channel-340,3206,30354991,30354998,7,2025-02-25 23:26:15.910285,2025-02-25 23:26:27.377751,11.467466
channel-38946,124315,30354999,30355011,12,2025-02-25 23:26:28.535965,2025-02-25 23:26:44.142398,15.606433
channel-750,685174,30355007,30355019,12,2025-02-25 23:26:38.080712,2025-02-25 23:26:53.531315,15.450603
channel-750,685175,30355010,30355034,24,2025-02-25 23:26:42.271444,2025-02-25 23:27:11.005143,28.733699
channel-208,1491119,30355017,30355026,9,2025-02-25 23:26:51.277091,2025-02-25 23:27:01.858687,10.581596
channel-0,4040347,30355017,30355030,13,2025-02-25 23:26:51.277091,2025-02-25 23:27:06.382531,15.10544
channel-73755,5859,30355018,30355024,6,2025-02-25 23:26:52.415846,2025-02-25 23:26:59.287817,6.871971
channel-874,293505,30355031,30355036,5,2025-02-25 23:27:07.497215,2025-02-25 23:27:13.315806,5.818591
channel-0,4040348,30355035,30355044,9,2025-02-25 23:27:12.100347,2025-02-25 23:27:23.821262,11.720915
channel-750,685176,30355069,30355089,20,2025-02-25 23:27:54.960425,2025-02-25 23:28:26.209278,31.248853
channel-20082,9906,30355072,30355081,9,2025-02-25 23:28:00.350343,2025-02-25 23:28:16.243033,15.89269
channel-340,3207,30355080,30355093,13,2025-02-25 23:28:10.838039,2025-02-25 23:28:30.780526,19.942487
channel-5,184370,30355085,30355096,11,2025-02-25 23:28:20.635509,2025-02-25 23:28:34.277382,13.641873
channel-208,1491120,30355096,30355107,11,2025-02-25 23:28:34.277382,2025-02-25 23:28:47.909302,13.63192
channel-91017,2929,30355103,30355112,9,2025-02-25 23:28:43.431001,2025-02-25 23:28:58.637231,15.20623
channel-750,685177,30355106,30355114,8,2025-02-25 23:28:46.776571,2025-02-25 23:29:01.046522,14.269951
channel-750,685178,30355127,30355150,23,2025-02-25 23:29:16.237778,2025-02-25 23:29:45.838071,29.600293
channel-0,4040349,30355132,30355142,10,2025-02-25 23:29:22.175244,2025-02-25 23:29:35.664306,13.489062
channel-750,685179,30355135,30355150,15,2025-02-25 23:29:25.370325,2025-02-25 23:29:45.838071,20.467746
channel-91017,2930,30355136,30355212,76,2025-02-25 23:29:27.759527,2025-02-25 23:31:04.719828,96.960301
channel-208,1491121,30355137,30355146,9,2025-02-25 23:29:29.868026,2025-02-25 23:29:41.207976,11.33995
channel-89321,19574,30355138,30355145,7,2025-02-25 23:29:31.031894,2025-02-25 23:29:39.987691,8.955797
channel-73755,5860,30355141,30355148,7,2025-02-25 23:29:34.463848,2025-02-25 23:29:43.402073,8.938225
channel-85077,61099,30355149,30355161,12,2025-02-25 23:29:44.727057,2025-02-25 23:29:59.088264,14.361207
channel-85077,61100,30355150,30355169,19,2025-02-25 23:29:45.838071,2025-02-25 23:30:09.960649,24.122578
channel-0,4040350,30355161,30355171,10,2025-02-25 23:29:59.088264,2025-02-25 23:30:12.197202,13.108938
channel-91017,2931,30355170,30355181,11,2025-02-25 23:30:11.134643,2025-02-25 23:30:25.403463,14.26882
channel-874,293506,30355187,30355197,10,2025-02-25 23:30:33.324972,2025-02-25 23:30:45.084144,11.759172
channel-750,685180,30355190,30355217,27,2025-02-25 23:30:36.852405,2025-02-25 23:31:12.079925,35.22752
channel-0,4040351,30355200,30355212,12,2025-02-25 23:30:49.284217,2025-02-25 23:31:04.719828,15.435611
channel-0,4040352,30355200,30355212,12,2025-02-25 23:30:49.284217,2025-02-25 23:31:04.719828,15.435611
channel-73755,5861,30355203,30355212,9,2025-02-25 23:30:52.721197,2025-02-25 23:31:04.719828,11.998631
channel-0,4040353,30355206,30355214,8,2025-02-25 23:30:56.188891,2025-02-25 23:31:08.652721,12.46383
channel-85077,61101,30355215,30355226,11,2025-02-25 23:31:09.756697,2025-02-25 23:31:22.592326,12.835629
channel-0,4040354,30355238,30355251,13,2025-02-25 23:31:37.480494,2025-02-25 23:31:53.050782,15.570288
channel-0,4040355,30355246,30355259,13,2025-02-25 23:31:47.454673,2025-02-25 23:32:03.925559,16.470886
channel-750,685181,30355257,30355281,24,2025-02-25 23:32:01.544712,2025-02-25 23:32:32.989407,31.444695
channel-6994,1326041,30355257,30355266,9,2025-02-25 23:32:01.544712,2025-02-25 23:32:12.764919,11.220207
channel-73755,5862,30355275,30355283,8,2025-02-25 23:32:24.919130,2025-02-25 23:32:35.158491,10.239361
channel-89321,19575,30355283,30355293,10,2025-02-25 23:32:35.158491,2025-02-25 23:32:48.344785,13.186294
channel-6787,166826,30355287,30355291,4,2025-02-25 23:32:40.765530,2025-02-25 23:32:46.209919,5.444389
channel-750,685182,30355293,30355305,12,2025-02-25 23:32:48.344785,2025-02-25 23:33:03.114813,14.770028
channel-0,4040356,30355296,30355306,10,2025-02-25 23:32:51.758117,2025-02-25 23:33:04.249954,12.491837
channel-750,685183,30355309,30355313,4,2025-02-25 23:33:08.408077,2025-02-25 23:33:13.870213,5.462136
channel-89321,19576,30355310,30355333,23,2025-02-25 23:33:09.625395,2025-02-25 23:33:42.297653,32.672258
channel-750,685184,30355313,30355327,14,2025-02-25 23:33:13.870213,2025-02-25 23:33:34.266175,20.395962
channel-76971,12259,30355315,30355335,20,2025-02-25 23:33:16.037302,2025-02-25 23:33:44.439142,28.40184
channel-6994,1326042,30355319,30355328,9,2025-02-25 23:33:23.785803,2025-02-25 23:33:35.390128,11.604325
channel-208,1491122,30355319,30355330,11,2025-02-25 23:33:23.785803,2025-02-25 23:33:38.825832,15.040029
channel-750,685185,30355324,30355345,21,2025-02-25 23:33:30.661192,2025-02-25 23:33:58.755246,28.094054
channel-0,4040357,30355324,30355336,12,2025-02-25 23:33:30.661192,2025-02-25 23:33:45.608397,14.947205
channel-874,293507,30355326,30355331,5,2025-02-25 23:33:33.160952,2025-02-25 23:33:39.948955,6.788003
channel-89321,19577,30355336,30355365,29,2025-02-25 23:33:45.608397,2025-02-25 23:34:21.524408,35.916011
channel-6994,1326043,30355345,30355354,9,2025-02-25 23:33:58.755246,2025-02-25 23:34:08.850323,10.095077
channel-229,55061,30355353,30355364,11,2025-02-25 23:34:07.691813,2025-02-25 23:34:20.143982,12.452169
channel-85077,61102,30355357,30355367,10,2025-02-25 23:34:12.337062,2025-02-25 23:34:23.725786,11.388724
channel-0,4040358,30355357,30355367,10,2025-02-25 23:34:12.337062,2025-02-25 23:34:23.725786,11.388724
channel-1429,140813,30355357,30355368,11,2025-02-25 23:34:12.337062,2025-02-25 23:34:24.884613,12.547551
channel-1,408721,30355363,30355372,9,2025-02-25 23:34:18.938731,2025-02-25 23:34:30.583098,11.644367
channel-750,685186,30355374,30355397,23,2025-02-25 23:34:34.392586,2025-02-25 23:35:03.433284,29.040698
channel-89321,19578,30355376,30355399,23,2025-02-25 23:34:37.047377,2025-02-25 23:35:06.717379,29.670002
channel-326,538509,30355377,30355394,17,2025-02-25 23:34:38.258099,2025-02-25 23:35:00.136111,21.878012
channel-204,670873,30355384,30355391,7,2025-02-25 23:34:47.542393,2025-02-25 23:34:56.456401,8.914008
channel-89321,19579,30355387,30355433,46,2025-02-25 23:34:51.981013,2025-02-25 23:35:49.392987,57.411974
channel-251,85289,30355404,30355414,10,2025-02-25 23:35:12.334805,2025-02-25 23:35:24.335499,12.000694
channel-89321,19580,30355415,30355433,18,2025-02-25 23:35:25.817690,2025-02-25 23:35:49.392987,23.575297
channel-750,685187,30355431,30355457,26,2025-02-25 23:35:47.110475,2025-02-25 23:36:18.940188,31.829713
channel-1429,140814,30355439,30355448,9,2025-02-25 23:35:57.068356,2025-02-25 23:36:08.441185,11.372829
channel-89321,19581,30355450,30355468,18,2025-02-25 23:36:10.650912,2025-02-25 23:36:31.467985,20.817073
channel-2694,3328,30355485,30355502,17,2025-02-25 23:36:52.792805,2025-02-25 23:37:12.530880,19.738075
channel-216,94328,30355490,30355641,151,2025-02-25 23:36:58.515000,2025-02-25 23:40:15.033092,196.518092
channel-6994,1326044,30355502,30355512,10,2025-02-25 23:37:12.530880,2025-02-25 23:37:26.773709,14.242829
channel-874,293508,30355502,30355507,5,2025-02-25 23:37:12.530880,2025-02-25 23:37:19.970907,7.440027
channel-750,685188,30355504,30355525,21,2025-02-25 23:37:15.768061,2025-02-25 23:37:44.811678,29.043617
channel-750,685189,30355521,30355531,10,2025-02-25 23:37:39.392105,2025-02-25 23:37:55.959661,16.567556
channel-85077,61103,30355558,30355569,11,2025-02-25 23:38:28.437819,2025-02-25 23:38:42.465066,14.027247
channel-6994,1326045,30355567,30355579,12,2025-02-25 23:38:39.069824,2025-02-25 23:38:55.548433,16.478609
channel-199,132892,30355570,30355579,9,2025-02-25 23:38:44.331667,2025-02-25 23:38:55.548433,11.216766
channel-750,685190,30355579,30355603,24,2025-02-25 23:38:55.548433,2025-02-25 23:39:24.240069,28.691636
channel-89321,19582,30355606,30355638,32,2025-02-25 23:39:28.256143,2025-02-25 23:40:08.984462,40.728319
channel-199,132893,30355608,30355616,8,2025-02-25 23:39:30.632812,2025-02-25 23:39:41.337844,10.705032
channel-750,685191,30355612,30355624,12,2025-02-25 23:39:36.597411,2025-02-25 23:39:51.527586,14.930175
channel-75,845388,30355618,30355626,8,2025-02-25 23:39:44.742071,2025-02-25 23:39:53.790770,9.048699
channel-874,293509,30355619,30355626,7,2025-02-25 23:39:45.888674,2025-02-25 23:39:53.790770,7.902096
channel-0,4040359,30355629,30355641,12,2025-02-25 23:39:57.984500,2025-02-25 23:40:15.033092,17.048592
channel-0,4040360,30355630,30355641,11,2025-02-25 23:39:59.047881,2025-02-25 23:40:15.033092,15.985211
channel-1429,140815,30355631,30355639,8,2025-02-25 23:40:00.165083,2025-02-25 23:40:10.922354,10.757271
channel-750,685192,30355636,30355652,16,2025-02-25 23:40:06.711455,2025-02-25 23:40:29.503064,22.791609
channel-208,1491123,30355639,30355649,10,2025-02-25 23:40:10.922354,2025-02-25 23:40:24.957045,14.034691
channel-88,467232,30355641,30355762,121,2025-02-25 23:40:15.033092,2025-02-25 23:42:52.304772,157.27168
channel-88,467233,30355641,30355762,121,2025-02-25 23:40:15.033092,2025-02-25 23:42:52.304772,157.27168
channel-89321,19583,30355659,30355669,10,2025-02-25 23:40:37.456284,2025-02-25 23:40:52.891570,15.435286
channel-98451,88,30355669,30355687,18,2025-02-25 23:40:52.891570,2025-02-25 23:41:14.491705,21.600135
channel-208,1491124,30355690,30355701,11,2025-02-25 23:41:19.326170,2025-02-25 23:41:33.701255,14.375085
channel-1429,140816,30355692,30355701,9,2025-02-25 23:41:21.547778,2025-02-25 23:41:33.701255,12.153477
channel-1429,140817,30355693,30355701,8,2025-02-25 23:41:22.680227,2025-02-25 23:41:33.701255,11.021028
channel-1429,140818,30355694,30355707,13,2025-02-25 23:41:24.764236,2025-02-25 23:41:40.378583,15.614347
channel-79703,4462,30355696,30355712,16,2025-02-25 23:41:27.187923,2025-02-25 23:41:47.081421,19.893498
channel-1429,140819,30355696,30355707,11,2025-02-25 23:41:27.187923,2025-02-25 23:41:40.378583,13.19066
channel-750,685193,30355708,30355728,20,2025-02-25 23:41:41.457985,2025-02-25 23:42:10.888692,29.430707
channel-6787,166827,30355716,30355720,4,2025-02-25 23:41:52.752457,2025-02-25 23:41:57.266327,4.51387
channel-750,685194,30355727,30355737,10,2025-02-25 23:42:09.788459,2025-02-25 23:42:22.258720,12.470261
channel-750,685195,30355728,30355737,9,2025-02-25 23:42:10.888692,2025-02-25 23:42:22.258720,11.370028
channel-874,293510,30355729,30355734,5,2025-02-25 23:42:11.943103,2025-02-25 23:42:18.647221,6.704118
channel-874,293511,30355741,30355746,5,2025-02-25 23:42:26.869823,2025-02-25 23:42:33.463571,6.593748
channel-38946,124316,30355752,30355784,32,2025-02-25 23:42:40.040417,2025-02-25 23:43:22.121187,42.08077
channel-750,685196,30355760,30355772,12,2025-02-25 23:42:49.870065,2025-02-25 23:43:05.602068,15.732003
channel-750,685197,30355766,30355789,23,2025-02-25 23:42:58.255244,2025-02-25 23:43:27.872523,29.617279
channel-88,467234,30355773,30355785,12,2025-02-25 23:43:08.291451,2025-02-25 23:43:23.318446,15.026995
channel-4,167087,30355777,30355788,11,2025-02-25 23:43:12.686697,2025-02-25 23:43:26.655521,13.968824
channel-199,132894,30355779,30355790,11,2025-02-25 23:43:14.880178,2025-02-25 23:43:28.939446,14.059268
channel-750,685198,30355787,30355792,5,2025-02-25 23:43:25.603970,2025-02-25 23:43:31.262408,5.658438
channel-874,293512,30355805,30355814,9,2025-02-25 23:43:46.668972,2025-02-25 23:43:59.185305,12.516333
channel-874,293513,30355813,30355818,5,2025-02-25 23:43:58.083129,2025-02-25 23:44:03.561102,5.477973
channel-1429,140820,30355814,30355823,9,2025-02-25 23:43:59.185305,2025-02-25 23:44:11.400789,12.215484
channel-199,132895,30355822,30355830,8,2025-02-25 23:44:10.305288,2025-02-25 23:44:20.620792,10.315504
channel-38946,124317,30355823,30355836,13,2025-02-25 23:44:11.400789,2025-02-25 23:44:28.530735,17.129946
channel-88,467235,30355829,30355841,12,2025-02-25 23:44:19.505037,2025-02-25 23:44:34.456147,14.95111
channel-98451,90,30355831,30355843,12,2025-02-25 23:44:21.728057,2025-02-25 23:44:36.747151,15.019094
channel-38946,124318,30355832,30355850,18,2025-02-25 23:44:23.913811,2025-02-25 23:44:44.889327,20.975516
channel-122,668406,30355834,30355837,3,2025-02-25 23:44:26.199664,2025-02-25 23:44:29.799240,3.599576
channel-750,685199,30355835,30355846,11,2025-02-25 23:44:27.363711,2025-02-25 23:44:40.040081,12.67637
channel-1429,140821,30355856,30355863,7,2025-02-25 23:44:52.535983,2025-02-25 23:45:01.758521,9.222538
channel-750,685200,30355862,30355884,22,2025-02-25 23:45:00.537541,2025-02-25 23:45:28.668958,28.131417
channel-750,685201,30355864,30355888,24,2025-02-25 23:45:04.494340,2025-02-25 23:45:34.181353,29.687013
channel-115,20437,30355868,30355879,11,2025-02-25 23:45:10.057686,2025-02-25 23:45:22.504500,12.446814
channel-199,132896,30355868,30355879,11,2025-02-25 23:45:10.057686,2025-02-25 23:45:22.504500,12.446814
channel-38946,124319,30355882,30355902,20,2025-02-25 23:45:26.479223,2025-02-25 23:45:51.639759,25.160536
channel-2,130698,30355895,30355908,13,2025-02-25 23:45:42.373611,2025-02-25 23:45:59.309897,16.936286
channel-38946,124320,30355901,30355926,25,2025-02-25 23:45:50.496379,2025-02-25 23:46:20.536113,30.039734
channel-199,132897,30355902,30355911,9,2025-02-25 23:45:51.639759,2025-02-25 23:46:02.712450,11.072691
channel-91017,2932,30355904,30355947,43,2025-02-25 23:45:53.812048,2025-02-25 23:46:49.785910,55.973862
channel-38946,124321,30355924,30355936,12,2025-02-25 23:46:18.326911,2025-02-25 23:46:37.238360,18.911449
channel-1,408722,30355927,30355941,14,2025-02-25 23:46:21.686169,2025-02-25 23:46:42.852547,21.166378
channel-750,685202,30355930,30356019,89,2025-02-25 23:46:25.113294,2025-02-25 23:48:23.221587,118.108293
channel-750,685203,30355934,30355957,23,2025-02-25 23:46:31.645750,2025-02-25 23:47:04.592980,32.94723
channel-38946,124322,30355935,30355948,13,2025-02-25 23:46:32.902471,2025-02-25 23:46:52.456040,19.553569
channel-750,685204,30355938,30355944,6,2025-02-25 23:46:39.518548,2025-02-25 23:46:46.295143,6.776595
channel-38946,124323,30355941,30355953,12,2025-02-25 23:46:42.852547,2025-02-25 23:46:58.921017,16.06847
channel-91017,2933,30355951,30356027,76,2025-02-25 23:46:56.730175,2025-02-25 23:48:32.472189,95.742014
channel-88,467236,30355959,30355975,16,2025-02-25 23:47:06.862165,2025-02-25 23:47:27.523968,20.661803
channel-782,310290,30355994,30355998,4,2025-02-25 23:47:49.142316,2025-02-25 23:47:54.656269,5.513953
channel-750,685205,30355997,30356018,21,2025-02-25 23:47:53.519870,2025-02-25 23:48:22.043073,28.523203
channel-38946,124324,30355999,30356010,11,2025-02-25 23:47:56.569716,2025-02-25 23:48:12.203257,15.633541
channel-0,4040361,30356030,30356058,28,2025-02-25 23:48:35.707885,2025-02-25 23:49:11.846832,36.138947
channel-38946,124327,30356031,30356045,14,2025-02-25 23:48:37.703654,2025-02-25 23:48:56.268602,18.564948
channel-208,1491125,30356032,30356042,10,2025-02-25 23:48:40.386522,2025-02-25 23:48:52.790399,12.403877
channel-6897,5653,30356032,30356039,7,2025-02-25 23:48:40.386522,2025-02-25 23:48:48.179056,7.792534
channel-750,685206,30356035,30356056,21,2025-02-25 23:48:43.700079,2025-02-25 23:49:09.706803,26.006724
channel-38946,124328,30356052,30356068,16,2025-02-25 23:49:05.223173,2025-02-25 23:49:24.697115,19.473942
channel-0,4040362,30356057,30356064,7,2025-02-25 23:49:10.742270,2025-02-25 23:49:19.286506,8.544236
channel-750,685207,30356061,30356085,24,2025-02-25 23:49:15.301149,2025-02-25 23:49:45.179452,29.878303
channel-73755,5864,30356064,30356328,264,2025-02-25 23:49:19.286506,2025-02-25 23:55:00.097102,340.810596
channel-38946,124329,30356066,30356081,15,2025-02-25 23:49:22.469095,2025-02-25 23:49:40.335549,17.866454
channel-2188,43906,30356072,30356077,5,2025-02-25 23:49:30.222508,2025-02-25 23:49:36.007671,5.785163
channel-98451,91,30356076,30356094,18,2025-02-25 23:49:34.911445,2025-02-25 23:49:54.937560,20.026115
channel-4,167088,30356083,30356094,11,2025-02-25 23:49:42.849917,2025-02-25 23:49:54.937560,12.087643
channel-750,685208,30356092,30356096,4,2025-02-25 23:49:52.820737,2025-02-25 23:49:57.997383,5.176646
channel-783,104412,30356095,30356104,9,2025-02-25 23:49:57.032882,2025-02-25 23:50:08.483590,11.450708
channel-204,670874,30356110,30356118,8,2025-02-25 23:50:16.011725,2025-02-25 23:50:26.695498,10.683773
channel-750,685209,30356111,30356117,6,2025-02-25 23:50:17.100484,2025-02-25 23:50:25.570673,8.470189
channel-1279,67149,30356114,30356126,12,2025-02-25 23:50:20.442555,2025-02-25 23:50:35.914390,15.471835
channel-750,685210,30356119,30356141,22,2025-02-25 23:50:27.799110,2025-02-25 23:50:56.193005,28.393895
channel-0,4040363,30356122,30356132,10,2025-02-25 23:50:31.071463,2025-02-25 23:50:43.477175,12.405712
channel-750,685211,30356125,30356133,8,2025-02-25 23:50:34.757776,2025-02-25 23:50:45.601269,10.843493
channel-750,685212,30356127,30356135,8,2025-02-25 23:50:37.097802,2025-02-25 23:50:47.975615,10.877813
channel-19774,346195,30356132,30356143,11,2025-02-25 23:50:43.477175,2025-02-25 23:50:58.624489,15.147314
channel-874,293514,30356135,30356143,8,2025-02-25 23:50:47.975615,2025-02-25 23:50:58.624489,10.648874
channel-750,685213,30356143,30356147,4,2025-02-25 23:50:58.624489,2025-02-25 23:51:08.914297,10.289808
channel-165,71473,30356148,30356158,10,2025-02-25 23:51:10.106080,2025-02-25 23:51:21.557121,11.451041
channel-204,670875,30356152,30356165,13,2025-02-25 23:51:14.620204,2025-02-25 23:51:30.186722,15.566518
channel-38946,124332,30356154,30356180,26,2025-02-25 23:51:16.947014,2025-02-25 23:51:48.976670,32.029656
channel-38946,124333,30356160,30356175,15,2025-02-25 23:51:23.748677,2025-02-25 23:51:43.237873,19.489196
channel-1429,140822,30356174,30356186,12,2025-02-25 23:51:42.237286,2025-02-25 23:51:55.721502,13.484216
channel-750,685214,30356187,30356206,19,2025-02-25 23:51:57.858319,2025-02-25 23:52:22.878620,25.020301
channel-165,71474,30356206,30356215,9,2025-02-25 23:52:22.878620,2025-02-25 23:52:34.666159,11.787539
channel-750,685215,30356210,30356220,10,2025-02-25 23:52:28.788851,2025-02-25 23:52:40.495944,11.707093
channel-165,71475,30356216,30356225,9,2025-02-25 23:52:35.798685,2025-02-25 23:52:46.236158,10.437473
channel-79703,4463,30356217,30356229,12,2025-02-25 23:52:36.945683,2025-02-25 23:52:51.443102,14.497419
channel-6994,1326046,30356237,30356248,11,2025-02-25 23:53:00.555062,2025-02-25 23:53:13.222045,12.666983
channel-72,516484,30356257,30356303,46,2025-02-25 23:53:24.715410,2025-02-25 23:54:29.750907,65.035497
channel-165,71476,30356262,30356270,8,2025-02-25 23:53:31.537693,2025-02-25 23:53:42.254806,10.717113
channel-750,685216,30356264,30356272,8,2025-02-25 23:53:34.498603,2025-02-25 23:53:44.587734,10.089131
channel-19774,346196,30356280,30356289,9,2025-02-25 23:53:54.991635,2025-02-25 23:54:06.184117,11.192482
channel-79703,4464,30356283,30356291,8,2025-02-25 23:53:59.452478,2025-02-25 23:54:12.794911,13.342433
channel-38946,124336,30356293,30356304,11,2025-02-25 23:54:16.172447,2025-02-25 23:54:30.881939,14.709492
channel-750,685217,30356327,30356331,4,2025-02-25 23:54:58.910262,2025-02-25 23:55:03.511366,4.601104
channel-874,293515,30356361,30356368,7,2025-02-25 23:55:43.571640,2025-02-25 23:55:51.532397,7.960757
channel-874,293516,30356384,30356388,4,2025-02-25 23:56:13.254826,2025-02-25 23:56:19.702396,6.44757
channel-21113,25364,30356393,30356399,6,2025-02-25 23:56:26.892106,2025-02-25 23:56:33.992020,7.099914
channel-199,132898,30356396,30356407,11,2025-02-25 23:56:30.257685,2025-02-25 23:56:44.112324,13.854639
channel-79703,4465,30356403,30356415,12,2025-02-25 23:56:38.612691,2025-02-25 23:56:53.416699,14.804008
channel-750,685218,30356412,30356417,5,2025-02-25 23:56:49.944381,2025-02-25 23:56:55.740585,5.796204
channel-199,132899,30356414,30356432,18,2025-02-25 23:56:52.307584,2025-02-25 23:57:13.624225,21.316641
channel-874,293517,30356433,30356442,9,2025-02-25 23:57:14.713307,2025-02-25 23:57:26.484819,11.771512
channel-6994,1326047,30356447,30356457,10,2025-02-25 23:57:33.552761,2025-02-25 23:57:46.942604,13.389843
channel-750,685219,30356524,30356533,9,2025-02-25 23:59:11.322479,2025-02-25 23:59:22.741129,11.41865
channel-98451,92,30356554,30356564,10,2025-02-25 23:59:51.701991,2025-02-26 00:00:03.767556,12.065565
channel-19774,346197,30356560,30356572,12,2025-02-25 23:59:59.031600,2025-02-26 00:00:14.140316,15.108716
channel-750,685220,30356571,30356577,6,2025-02-26 00:00:13.044444,2025-02-26 00:00:21.785302,8.740858
channel-750,685221,30356573,30356577,4,2025-02-26 00:00:16.323075,2025-02-26 00:00:21.785302,5.462227
channel-750,685222,30356577,30356582,5,2025-02-26 00:00:21.785302,2025-02-26 00:00:28.771672,6.98637
channel-199,132900,30356583,30356594,11,2025-02-26 00:00:29.882294,2025-02-26 00:00:43.566107,13.683813
channel-750,685223,30356584,30356588,4,2025-02-26 00:00:31.029280,2025-02-26 00:00:36.459871,5.430591
channel-750,685224,30356597,30356602,5,2025-02-26 00:00:46.876580,2025-02-26 00:00:52.535206,5.658626
channel-2188,43907,30356597,30356603,6,2025-02-26 00:00:46.876580,2025-02-26 00:00:54.099227,7.222647
channel-4,167089,30356598,30356608,10,2025-02-26 00:00:47.956490,2025-02-26 00:01:02.361778,14.405288
channel-750,685225,30356601,30356604,3,2025-02-26 00:00:51.304042,2025-02-26 00:00:56.331971,5.027929
channel-199,132901,30356610,30356621,11,2025-02-26 00:01:04.552222,2025-02-26 00:01:17.490460,12.938238
channel-750,685226,30356616,30356621,5,2025-02-26 00:01:11.670055,2025-02-26 00:01:17.490460,5.820405
channel-750,685227,30356618,30356634,16,2025-02-26 00:01:13.873840,2025-02-26 00:01:35.249152,21.375312
channel-6994,1326048,30356620,30356631,11,2025-02-26 00:01:16.189473,2025-02-26 00:01:30.708676,14.519203
channel-750,685228,30356622,30356626,4,2025-02-26 00:01:19.288611,2025-02-26 00:01:23.726975,4.438364
channel-1429,140823,30356624,30356634,10,2025-02-26 00:01:21.451695,2025-02-26 00:01:35.249152,13.797457
channel-199,132902,30356624,30356634,10,2025-02-26 00:01:21.451695,2025-02-26 00:01:35.249152,13.797457
channel-750,685229,30356628,30356632,4,2025-02-26 00:01:27.257393,2025-02-26 00:01:31.862894,4.605501
channel-767,14390,30356630,30356638,8,2025-02-26 00:01:29.571348,2025-02-26 00:01:41.889181,12.317833
channel-6994,1326049,30356638,30356657,19,2025-02-26 00:01:41.889181,2025-02-26 00:02:05.256314,23.367133
channel-6994,1326050,30356644,30356670,26,2025-02-26 00:01:49.830691,2025-02-26 00:02:20.296553,30.465862
channel-19774,346198,30356655,30356669,14,2025-02-26 00:02:02.406266,2025-02-26 00:02:19.119843,16.713577
channel-750,685230,30356680,30356686,6,2025-02-26 00:02:33.209120,2025-02-26 00:02:41.055776,7.846656
channel-6994,1326051,30356687,30356699,12,2025-02-26 00:02:42.145300,2025-02-26 00:02:57.690551,15.545251
channel-750,685231,30356687,30356692,5,2025-02-26 00:02:42.145300,2025-02-26 00:02:48.852382,6.707082
channel-750,685232,30356704,30356709,5,2025-02-26 00:03:04.240892,2025-02-26 00:03:10.112266,5.871374
channel-782,310291,30356705,30356713,8,2025-02-26 00:03:05.333097,2025-02-26 00:03:15.877102,10.544005
channel-750,685233,30356720,30356725,5,2025-02-26 00:03:25.441492,2025-02-26 00:03:33.615712,8.17422
channel-199,132903,30356732,30356740,8,2025-02-26 00:03:41.669780,2025-02-26 00:03:51.279398,9.609618
channel-750,685234,30356736,30356741,5,2025-02-26 00:03:46.357532,2025-02-26 00:03:52.347738,5.990206
channel-750,685235,30356743,30356751,8,2025-02-26 00:03:54.582308,2025-02-26 00:04:03.943471,9.361163
channel-1424,7367,30356754,30356764,10,2025-02-26 00:04:08.488394,2025-02-26 00:04:21.635357,13.146963
channel-750,685236,30356758,30356763,5,2025-02-26 00:04:12.994589,2025-02-26 00:04:20.444753,7.450164
channel-85077,61104,30356770,30356778,8,2025-02-26 00:04:28.631809,2025-02-26 00:04:42.165449,13.53364
channel-0,4040364,30356773,30356796,23,2025-02-26 00:04:31.973029,2025-02-26 00:05:06.101675,34.128646
channel-4,167090,30356774,30356785,11,2025-02-26 00:04:34.263929,2025-02-26 00:04:51.567633,17.303704
channel-199,132904,30356779,30356788,9,2025-02-26 00:04:43.292779,2025-02-26 00:04:55.937602,12.644823
channel-75,845389,30356784,30356792,8,2025-02-26 00:04:50.496327,2025-02-26 00:05:00.442017,9.94569
channel-5,184371,30356803,30356810,7,2025-02-26 00:05:14.486175,2025-02-26 00:05:22.604087,8.117912
channel-750,685237,30356805,30356810,5,2025-02-26 00:05:16.648370,2025-02-26 00:05:22.604087,5.955717
channel-750,685238,30356808,30356822,14,2025-02-26 00:05:19.985124,2025-02-26 00:05:39.379825,19.394701
channel-122,668407,30356811,30357081,270,2025-02-26 00:05:25.298891,2025-02-26 00:11:10.838028,345.539137
channel-5,184372,30356815,30356826,11,2025-02-26 00:05:29.728870,2025-02-26 00:05:45.431787,15.702917
channel-5,184373,30356820,30356830,10,2025-02-26 00:05:36.177180,2025-02-26 00:05:50.752097,14.574917
channel-208,1491126,30356823,30356834,11,2025-02-26 00:05:41.905971,2025-02-26 00:05:55.232080,13.326109
channel-5,184374,30356832,30356842,10,2025-02-26 00:05:52.956039,2025-02-26 00:06:04.474610,11.518571
channel-19774,346199,30356832,30356841,9,2025-02-26 00:05:52.956039,2025-02-26 00:06:03.311466,10.355427
channel-143,128486,30356833,30356845,12,2025-02-26 00:05:54.090475,2025-02-26 00:06:07.795375,13.7049
channel-874,293518,30356844,30356851,7,2025-02-26 00:06:06.688723,2025-02-26 00:06:14.645302,7.956579
channel-1,408723,30356846,30356858,12,2025-02-26 00:06:09.038770,2025-02-26 00:06:23.373807,14.335037
channel-199,132905,30356849,30356860,11,2025-02-26 00:06:12.321304,2025-02-26 00:06:25.731482,13.410178
channel-85077,61105,30356850,30356859,9,2025-02-26 00:06:13.532066,2025-02-26 00:06:24.608791,11.076725
channel-5,184375,30356852,30356863,11,2025-02-26 00:06:16.606742,2025-02-26 00:06:30.291667,13.684925
channel-0,4040365,30356873,30356885,12,2025-02-26 00:06:42.695900,2025-02-26 00:06:58.549121,15.853221
channel-750,685239,30356876,30356880,4,2025-02-26 00:06:46.172846,2025-02-26 00:06:51.086593,4.913747
channel-750,685240,30356881,30356888,7,2025-02-26 00:06:53.218388,2025-02-26 00:07:01.944380,8.725992
channel-0,4040366,30356893,30356902,9,2025-02-26 00:07:07.428376,2025-02-26 00:07:20.478616,13.05024
channel-19774,346200,30356911,30356919,8,2025-02-26 00:07:30.962809,2025-02-26 00:07:41.983552,11.020743
channel-5,184376,30356932,30356941,9,2025-02-26 00:07:57.684050,2025-02-26 00:08:09.016454,11.332404
channel-0,4040367,30356933,30356942,9,2025-02-26 00:07:58.847834,2025-02-26 00:08:10.171995,11.324161
channel-326,538510,30356936,30356941,5,2025-02-26 00:08:03.317686,2025-02-26 00:08:09.016454,5.698768
channel-122,668408,30356967,30356970,3,2025-02-26 00:08:41.479774,2025-02-26 00:08:45.096764,3.61699
channel-199,132906,30356970,30356983,13,2025-02-26 00:08:45.096764,2025-02-26 00:09:03.054222,17.957458
channel-326,538511,30356981,30356989,8,2025-02-26 00:09:00.812109,2025-02-26 00:09:12.006067,11.193958
channel-0,4040368,30356982,30356992,10,2025-02-26 00:09:01.894221,2025-02-26 00:09:15.493456,13.599235
channel-0,4040369,30357032,30357042,10,2025-02-26 00:10:07.163446,2025-02-26 00:10:19.786782,12.623336
channel-0,4040370,30357041,30357066,25,2025-02-26 00:10:18.612904,2025-02-26 00:10:50.734071,32.121167
channel-0,4040371,30357058,30357066,8,2025-02-26 00:10:39.490929,2025-02-26 00:10:50.734071,11.243142
channel-6994,1326052,30357095,30357103,8,2025-02-26 00:11:28.412706,2025-02-26 00:11:38.021859,9.609153
channel-0,4040372,30357106,30357134,28,2025-02-26 00:11:41.565448,2025-02-26 00:12:18.494957,36.929509
channel-98451,94,30357140,30357150,10,2025-02-26 00:12:25.788580,2025-02-26 00:12:38.992326,13.203746
channel-1429,140824,30357145,30357155,10,2025-02-26 00:12:32.373444,2025-02-26 00:12:44.568897,12.195453
channel-0,4040373,30357150,30357181,31,2025-02-26 00:12:38.992326,2025-02-26 00:13:21.467224,42.474898
channel-6787,166828,30357164,30357169,5,2025-02-26 00:12:57.317411,2025-02-26 00:13:03.648515,6.331104
channel-326,538512,30357172,30357181,9,2025-02-26 00:13:07.416077,2025-02-26 00:13:21.467224,14.051147
channel-0,4040374,30357176,30357205,29,2025-02-26 00:13:11.886367,2025-02-26 00:13:50.615933,38.729566
channel-199,132907,30357179,30357208,29,2025-02-26 00:13:18.434112,2025-02-26 00:13:53.897830,35.463718
channel-0,4040375,30357181,30357191,10,2025-02-26 00:13:21.467224,2025-02-26 00:13:32.434560,10.967336
channel-750,685241,30357190,30357194,4,2025-02-26 00:13:31.387863,2025-02-26 00:13:35.950517,4.562654
channel-73755,5865,30357196,30357208,12,2025-02-26 00:13:39.138534,2025-02-26 00:13:53.897830,14.759296
channel-492,20128,30357205,30357216,11,2025-02-26 00:13:50.615933,2025-02-26 00:14:03.743423,13.12749
channel-0,4040376,30357207,30357235,28,2025-02-26 00:13:52.752294,2025-02-26 00:14:27.531199,34.778905
channel-85077,61106,30357236,30357244,8,2025-02-26 00:14:28.762512,2025-02-26 00:14:39.655597,10.893085
channel-251,85290,30357245,30357257,12,2025-02-26 00:14:40.887869,2025-02-26 00:14:57.688716,16.800847
channel-19774,346201,30357255,30357267,12,2025-02-26 00:14:53.934713,2025-02-26 00:15:10.187236,16.252523
channel-0,4040377,30357259,30357282,23,2025-02-26 00:15:00.901404,2025-02-26 00:15:30.337081,29.435677
channel-874,293519,30357261,30357267,6,2025-02-26 00:15:03.376696,2025-02-26 00:15:10.187236,6.81054
channel-216,94329,30357266,30357353,87,2025-02-26 00:15:09.027385,2025-02-26 00:17:00.492854,111.465469
channel-216,94330,30357269,30357353,84,2025-02-26 00:15:12.442305,2025-02-26 00:17:00.492854,108.050549
channel-181,13598,30357270,30357280,10,2025-02-26 00:15:13.594869,2025-02-26 00:15:28.232122,14.637253
channel-874,293520,30357272,30357278,6,2025-02-26 00:15:16.952221,2025-02-26 00:15:24.977527,8.025306
channel-208,1491127,30357287,30357298,11,2025-02-26 00:15:36.107335,2025-02-26 00:15:49.026380,12.919045
channel-0,4040378,30357291,30357316,25,2025-02-26 00:15:40.988870,2025-02-26 00:16:12.689682,31.700812
channel-0,4040379,30357301,30357310,9,2025-02-26 00:15:53.521395,2025-02-26 00:16:06.059650,12.538255
channel-750,685242,30357302,30357319,17,2025-02-26 00:15:54.633898,2025-02-26 00:16:16.047603,21.413705
channel-750,685243,30357325,30357343,18,2025-02-26 00:16:24.786024,2025-02-26 00:16:47.162248,22.376224
channel-199,132908,30357325,30357341,16,2025-02-26 00:16:24.786024,2025-02-26 00:16:44.822540,20.036516
channel-750,685244,30357327,30357344,17,2025-02-26 00:16:27.143302,2025-02-26 00:16:48.388185,21.244883
channel-122,668409,30357335,30357338,3,2025-02-26 00:16:37.764760,2025-02-26 00:16:41.449876,3.685116
channel-2494,31993,30357337,30357349,12,2025-02-26 00:16:40.381883,2025-02-26 00:16:54.721661,14.339778
channel-199,132909,30357345,30357369,24,2025-02-26 00:16:50.333624,2025-02-26 00:17:19.690886,29.357262
channel-208,1491128,30357355,30357364,9,2025-02-26 00:17:02.985209,2025-02-26 00:17:13.878792,10.893583
channel-0,4040380,30357362,30357390,28,2025-02-26 00:17:10.617533,2025-02-26 00:17:46.120496,35.502963
channel-320,119288,30357369,30357403,34,2025-02-26 00:17:19.690886,2025-02-26 00:18:06.004323,46.313437
channel-199,132910,30357393,30357419,26,2025-02-26 00:17:49.649836,2025-02-26 00:18:27.645299,37.995463
channel-91017,2934,30357407,30357416,9,2025-02-26 00:18:10.531848,2025-02-26 00:18:24.086166,13.554318
channel-874,293521,30357412,30357417,5,2025-02-26 00:18:17.288547,2025-02-26 00:18:25.421421,8.132874
channel-750,685245,30357414,30357426,12,2025-02-26 00:18:21.737917,2025-02-26 00:18:36.685626,14.947709
channel-0,4040381,30357418,30357451,33,2025-02-26 00:18:26.601905,2025-02-26 00:19:08.874234,42.272329
channel-0,4040382,30357419,30357447,28,2025-02-26 00:18:27.645299,2025-02-26 00:19:03.101389,35.45609
channel-0,4040383,30357427,30357439,12,2025-02-26 00:18:37.848747,2025-02-26 00:18:52.380522,14.531775
channel-750,685246,30357442,30357446,4,2025-02-26 00:18:55.707147,2025-02-26 00:19:02.042809,6.335662
channel-326,538513,30357443,30357448,5,2025-02-26 00:18:56.880617,2025-02-26 00:19:04.387568,7.506951
channel-1429,140825,30357443,30357451,8,2025-02-26 00:18:56.880617,2025-02-26 00:19:08.874234,11.993617
channel-874,293522,30357444,30357451,7,2025-02-26 00:18:58.749889,2025-02-26 00:19:08.874234,10.124345
channel-0,4040384,30357455,30357464,9,2025-02-26 00:19:14.566876,2025-02-26 00:19:24.885025,10.318149
channel-750,685247,30357463,30357474,11,2025-02-26 00:19:23.698801,2025-02-26 00:19:36.933001,13.2342
channel-874,293523,30357479,30357484,5,2025-02-26 00:19:43.457918,2025-02-26 00:19:49.518102,6.060184
channel-89321,19584,30357502,30357507,5,2025-02-26 00:20:13.267289,2025-02-26 00:20:19.833126,6.565837
channel-750,685248,30357502,30357593,91,2025-02-26 00:20:13.267289,2025-02-26 00:22:12.936285,119.668996
channel-0,4040385,30357512,30357529,17,2025-02-26 00:20:26.015876,2025-02-26 00:20:46.428867,20.412991
channel-0,4040386,30357530,30357538,8,2025-02-26 00:20:47.534445,2025-02-26 00:20:59.954853,12.420408
channel-199,132911,30357531,30357559,28,2025-02-26 00:20:48.744638,2025-02-26 00:21:26.008105,37.263467
channel-165,71477,30357536,30357544,8,2025-02-26 00:20:56.569368,2025-02-26 00:21:07.588041,11.018673
channel-6994,1326053,30357550,30357562,12,2025-02-26 00:21:15.593940,2025-02-26 00:21:29.276387,13.682447
channel-750,685249,30357558,30357572,14,2025-02-26 00:21:24.887330,2025-02-26 00:21:42.293379,17.406049
channel-42,1490099,30357575,30357586,11,2025-02-26 00:21:47.644093,2025-02-26 00:22:00.323420,12.679327
channel-73755,5866,30357577,30357605,28,2025-02-26 00:21:50.183781,2025-02-26 00:22:31.443330,41.259549
channel-492,20129,30357585,30357596,11,2025-02-26 00:21:59.291856,2025-02-26 00:22:17.464175,18.172319
channel-144,86705,30357590,30357599,9,2025-02-26 00:22:09.335847,2025-02-26 00:22:20.797135,11.461288
channel-89298,18761,30357591,30357600,9,2025-02-26 00:22:10.459499,2025-02-26 00:22:21.942858,11.483359
channel-340,3208,30357592,30357601,9,2025-02-26 00:22:11.712260,2025-02-26 00:22:23.556465,11.844205
channel-122,668410,30357593,30357597,4,2025-02-26 00:22:12.936285,2025-02-26 00:22:18.558147,5.621862
channel-6994,1326054,30357603,30357612,9,2025-02-26 00:22:29.051957,2025-02-26 00:22:40.372015,11.320058
channel-750,685250,30357608,30357613,5,2025-02-26 00:22:35.763960,2025-02-26 00:22:41.579633,5.815673
channel-320,119289,30357612,30357667,55,2025-02-26 00:22:40.372015,2025-02-26 00:23:47.624625,67.25261
channel-38946,124337,30357614,30357630,16,2025-02-26 00:22:42.811917,2025-02-26 00:23:01.179632,18.367715
channel-75,845390,30357616,30357624,8,2025-02-26 00:22:44.971176,2025-02-26 00:22:54.370667,9.399491
channel-38946,124338,30357631,30357647,16,2025-02-26 00:23:02.246741,2025-02-26 00:23:24.471881,22.22514
channel-199,132912,30357632,30357643,11,2025-02-26 00:23:03.387683,2025-02-26 00:23:19.118745,15.731062
channel-38946,124339,30357640,30357651,11,2025-02-26 00:23:14.636339,2025-02-26 00:23:29.472253,14.835914
channel-750,685251,30357644,30357661,17,2025-02-26 00:23:20.266929,2025-02-26 00:23:40.819877,20.552948
channel-89321,19585,30357649,30357654,5,2025-02-26 00:23:27.197905,2025-02-26 00:23:32.796198,5.598293
channel-0,4040387,30357659,30357669,10,2025-02-26 00:23:38.527101,2025-02-26 00:23:49.904564,11.377463
channel-38946,124340,30357659,30357674,15,2025-02-26 00:23:38.527101,2025-02-26 00:23:57.820811,19.29371
channel-6787,166829,30357664,30357669,5,,2025-02-26 00:23:49.904564,
channel-750,685252,30357669,30357683,14,2025-02-26 00:23:49.904564,2025-02-26 00:24:08.853658,18.949094
channel-1575,15205,30357671,30357680,9,,2025-02-26 00:24:04.599578,
channel-38946,124341,30357684,30357699,15,,2025-02-26 00:24:29.805689,
channel-320,119290,30357692,30357719,27,,2025-02-26 00:24:53.407114,
channel-38946,124342,30357697,30357713,16,,2025-02-26 00:24:46.512620,
channel-1429,140826,30357704,30357719,15,,2025-02-26 00:24:53.407114,
channel-38946,124343,30357714,30357732,18,,2025-02-26 00:25:08.575960,
channel-208,1491129,30357744,30357752,8,,2025-02-26 00:25:36.263763,
channel-38946,124344,30357748,30357760,12,,2025-02-26 00:25:47.899186,
channel-642,126555,30357753,30357766,13,,2025-02-26 00:25:55.810726,
channel-0,4040388,30357754,30357763,9,,2025-02-26 00:25:52.374180,
channel-38946,124345,30357760,30357768,8,2025-02-26 00:25:47.899186,2025-02-26 00:25:58.208555,10.309369
channel-38946,124346,30357765,30357783,18,,2025-02-26 00:26:16.967564,
channel-199,132913,30357766,30357773,7,2025-02-26 00:25:55.810726,2025-02-26 00:26:05.597112,9.786386
channel-38946,124347,30357778,30357795,17,,2025-02-26 00:26:33.134801,
channel-2188,43908,30357788,30357793,5,,2025-02-26 00:26:30.742056,
channel-208,1491130,30357789,30357799,10,2025-02-26 00:26:25.970503,2025-02-26 00:26:37.975897,12.005394
channel-38946,124348,30357802,30357815,13,2025-02-26 00:26:45.817376,2025-02-26 00:27:00.838923,15.021547
channel-38946,124349,30357821,30357833,12,2025-02-26 00:27:08.484190,2025-02-26 00:27:23.246421,14.762231
channel-38946,124350,30357826,30357842,16,2025-02-26 00:27:14.185100,2025-02-26 00:27:34.385555,20.200455
channel-38946,124351,30357836,30357850,14,2025-02-26 00:27:26.742390,2025-02-26 00:27:46.016412,19.274022
channel-85077,61107,30357839,30357853,14,2025-02-26 00:27:31.031605,2025-02-26 00:27:49.404628,18.373023
channel-122,668411,30357874,30357878,4,2025-02-26 00:28:16.699718,2025-02-26 00:28:21.249212,4.549494
channel-38946,124352,30357876,30357889,13,2025-02-26 00:28:18.893240,2025-02-26 00:28:36.023758,17.130518
channel-2188,43909,30357882,30357887,5,2025-02-26 00:28:27.735270,2025-02-26 00:28:33.514808,5.779538
channel-38946,124353,30357901,30357916,15,2025-02-26 00:28:51.060022,2025-02-26 00:29:09.092402,18.03238
channel-38946,124354,30357917,30357930,13,2025-02-26 00:29:10.162739,2025-02-26 00:29:25.904303,15.741564
channel-0,4040389,30357925,30357943,18,2025-02-26 00:29:19.264715,2025-02-26 00:29:43.051443,23.786728
channel-98451,96,30357927,30357937,10,2025-02-26 00:29:21.336844,2025-02-26 00:29:35.510881,14.174037
channel-122,668412,30357933,30357936,3,2025-02-26 00:29:29.346615,2025-02-26 00:29:34.407601,5.060986
channel-85077,61108,30357938,30357951,13,2025-02-26 00:29:37.481672,2025-02-26 00:29:53.070761,15.589089
channel-2188,43910,30357955,30357960,5,2025-02-26 00:29:57.743411,2025-02-26 00:30:03.429715,5.686304
channel-642,126556,30357964,30357988,24,2025-02-26 00:30:07.951330,2025-02-26 00:30:39.179712,31.228382
channel-38946,124355,30357965,30357982,17,2025-02-26 00:30:09.102780,2025-02-26 00:30:32.212136,23.109356
channel-0,4040390,30357980,30357993,13,2025-02-26 00:30:29.027902,2025-02-26 00:30:45.443293,16.415391
channel-216,94331,30357996,30358106,110,2025-02-26 00:30:49.865556,2025-02-26 00:33:13.252555,143.386999
channel-216,94332,30358002,30358106,104,2025-02-26 00:30:57.747668,2025-02-26 00:33:13.252555,135.504887
channel-85077,61109,30358006,30358013,7,2025-02-26 00:31:03.200514,2025-02-26 00:31:12.295285,9.094771
channel-73755,5867,30358010,30358017,7,2025-02-26 00:31:08.612219,2025-02-26 00:31:19.886307,11.274088
channel-38946,124359,30358017,30358046,29,2025-02-26 00:31:19.886307,2025-02-26 00:31:56.636319,36.750012
channel-0,4040391,30358023,30358055,32,2025-02-26 00:31:28.307514,2025-02-26 00:32:07.652418,39.344904
channel-199,132914,30358034,30358065,31,2025-02-26 00:31:41.995349,2025-02-26 00:32:18.949870,36.954521
channel-750,685253,30358039,30358057,18,2025-02-26 00:31:48.801588,2025-02-26 00:32:09.898089,21.096501
channel-208,1491131,30358039,30358048,9,2025-02-26 00:31:48.801588,2025-02-26 00:31:59.635202,10.833614
channel-6994,1326055,30358046,30358059,13,2025-02-26 00:31:56.636319,2025-02-26 00:32:12.120670,15.484351
channel-38946,124360,30358047,30358068,21,2025-02-26 00:31:57.796001,2025-02-26 00:32:24.106815,26.310814
channel-89298,18762,30358056,30358067,11,2025-02-26 00:32:08.808619,2025-02-26 00:32:22.023957,13.215338
channel-0,4040392,30358058,30358084,26,2025-02-26 00:32:11.031774,2025-02-26 00:32:44.573189,33.541415
channel-1,408724,30358063,30358070,7,2025-02-26 00:32:16.718134,2025-02-26 00:32:26.402160,9.684026
channel-750,685254,30358065,30358072,7,2025-02-26 00:32:18.949870,2025-02-26 00:32:28.662289,9.712419
channel-122,668413,30358067,30358082,15,2025-02-26 00:32:22.023957,2025-02-26 00:32:42.324739,20.300782
channel-38946,124361,30358070,30358090,20,2025-02-26 00:32:26.402160,2025-02-26 00:32:52.448693,26.046533
channel-6994,1326056,30358079,30358087,8,2025-02-26 00:32:38.949788,2025-02-26 00:32:49.029243,10.079455
channel-85077,61110,30358080,30358090,10,2025-02-26 00:32:40.109569,2025-02-26 00:32:52.448693,12.339124
channel-38946,124362,30358090,30358103,13,2025-02-26 00:32:52.448693,2025-02-26 00:33:08.431243,15.98255
channel-208,1491132,30358100,30358111,11,2025-02-26 00:33:04.891052,2025-02-26 00:33:20.853582,15.96253
channel-750,685255,30358104,30358114,10,2025-02-26 00:33:09.552262,2025-02-26 00:33:24.153318,14.601056
channel-750,685256,30358104,30358115,11,2025-02-26 00:33:09.552262,2025-02-26 00:33:25.422344,15.870082
channel-1,408725,30358121,30358130,9,2025-02-26 00:33:32.436850,2025-02-26 00:33:43.637387,11.200537
channel-38946,124363,30358128,30358142,14,2025-02-26 00:33:41.230747,2025-02-26 00:33:59.200727,17.96998
channel-2188,43911,30358134,30358140,6,2025-02-26 00:33:49.863879,2025-02-26 00:33:56.625575,6.761696
channel-0,4040393,30358139,30358171,32,2025-02-26 00:33:55.556003,2025-02-26 00:34:35.963641,40.407638
channel-750,685257,30358146,30358152,6,2025-02-26 00:34:03.869259,2025-02-26 00:34:12.266543,8.397284
channel-38946,124364,30358150,30358169,19,2025-02-26 00:34:10.073229,2025-02-26 00:34:32.518949,22.44572
channel-38946,124365,30358154,30358177,23,2025-02-26 00:34:14.435142,2025-02-26 00:34:42.776748,28.341606
channel-38946,124366,30358179,30358194,15,2025-02-26 00:34:46.071248,2025-02-26 00:35:06.009863,19.938615
channel-750,685258,30358181,30358196,15,2025-02-26 00:34:48.308882,2025-02-26 00:35:08.226448,19.917566
channel-38946,124367,30358193,30358203,10,2025-02-26 00:35:04.823914,2025-02-26 00:35:17.020193,12.196279
channel-38946,124368,30358200,30358218,18,2025-02-26 00:35:13.502490,2025-02-26 00:35:39.619075,26.116585
channel-122,668414,30358200,30358204,4,2025-02-26 00:35:13.502490,2025-02-26 00:35:18.204749,4.702259
channel-0,4040394,30358201,30358213,12,2025-02-26 00:35:14.863101,2025-02-26 00:35:29.406034,14.542933
channel-6994,1326057,30358205,30358214,9,2025-02-26 00:35:19.326898,2025-02-26 00:35:33.837246,14.510348
channel-0,4040395,30358208,30358216,8,2025-02-26 00:35:23.836427,2025-02-26 00:35:36.164537,12.32811
channel-4,167091,30358246,30358255,9,2025-02-26 00:36:13.020751,2025-02-26 00:36:23.472696,10.451945
channel-122,668415,30358254,30358256,2,2025-02-26 00:36:22.307007,2025-02-26 00:36:25.597130,3.290123
channel-0,4040396,30358272,30358283,11,2025-02-26 00:36:46.945747,2025-02-26 00:37:01.012663,14.066916
channel-143,128487,30358283,30358302,19,2025-02-26 00:37:01.012663,2025-02-26 00:37:24.228926,23.216263
channel-38946,124369,30358283,30358298,15,2025-02-26 00:37:01.012663,2025-02-26 00:37:19.185878,18.173215
channel-21113,25365,30358283,30358291,8,2025-02-26 00:37:01.012663,2025-02-26 00:37:11.079152,10.066489
channel-874,293524,30358297,30358306,9,2025-02-26 00:37:18.037324,2025-02-26 00:37:29.995343,11.958019
channel-750,685259,30358297,30358308,11,2025-02-26 00:37:18.037324,2025-02-26 00:37:32.180987,14.143663
channel-89321,19586,30358315,30358326,11,2025-02-26 00:37:40.930562,2025-02-26 00:37:55.411103,14.480541
channel-98451,97,30358315,30358325,10,2025-02-26 00:37:40.930562,2025-02-26 00:37:54.192083,13.261521
channel-874,293525,30358316,30358326,10,2025-02-26 00:37:43.008087,2025-02-26 00:37:55.411103,12.403016
channel-98451,98,30358318,30358347,29,2025-02-26 00:37:45.354836,2025-02-26 00:38:21.560566,36.20573
channel-6994,1326058,30358328,30358337,9,2025-02-26 00:37:57.660975,2025-02-26 00:38:09.092423,11.431448
channel-1424,7368,30358331,30358342,11,2025-02-26 00:38:01.864022,2025-02-26 00:38:14.871583,13.007561
channel-874,293526,30358346,30358351,5,2025-02-26 00:38:20.387254,2025-02-26 00:38:25.952432,5.565178
channel-750,685260,30358360,30358364,4,2025-02-26 00:38:36.488114,2025-02-26 00:38:44.893608,8.405494
channel-1429,140827,30358370,30358381,11,2025-02-26 00:38:51.956042,2025-02-26 00:39:04.879186,12.923144
channel-2188,43912,30358375,30358381,6,2025-02-26 00:38:58.061070,2025-02-26 00:39:04.879186,6.818116
channel-874,293527,30358377,30358384,7,2025-02-26 00:39:00.296916,2025-02-26 00:39:09.318126,9.02121
channel-642,126557,30358383,30358412,29,2025-02-26 00:39:08.124840,2025-02-26 00:39:45.282627,37.157787
channel-1,408726,30358399,30358413,14,2025-02-26 00:39:29.307822,2025-02-26 00:39:46.390179,17.082357
channel-1,408727,30358410,30358426,16,2025-02-26 00:39:42.941135,2025-02-26 00:40:04.259400,21.318265
channel-320,119291,30358424,30358455,31,2025-02-26 00:40:02.129306,2025-02-26 00:40:44.204802,42.075496
channel-98451,99,30358429,30358446,17,2025-02-26 00:40:08.042248,2025-02-26 00:40:32.862282,24.820034
channel-874,293528,30358430,30358437,7,2025-02-26 00:40:09.777299,2025-02-26 00:40:18.841731,9.064432
channel-750,685261,30358435,30358441,6,2025-02-26 00:40:16.282301,2025-02-26 00:40:24.605927,8.323626
channel-1575,15206,30358438,30358449,11,2025-02-26 00:40:21.158143,2025-02-26 00:40:36.119644,14.961501
channel-0,4040397,30358443,30358494,51,2025-02-26 00:40:27.925721,2025-02-26 00:41:31.729249,63.803528
channel-750,685262,30358455,30358460,5,2025-02-26 00:40:44.204802,2025-02-26 00:40:51.026679,6.821877
channel-750,685263,30358456,30358460,4,2025-02-26 00:40:45.366013,2025-02-26 00:40:51.026679,5.660666
channel-208,1491133,30358460,30358470,10,2025-02-26 00:40:51.026679,2025-02-26 00:41:03.301488,12.274809
channel-750,685264,30358469,30358490,21,2025-02-26 00:41:02.015002,2025-02-26 00:41:27.050899,25.035897
channel-6787,166830,30358481,30358485,4,2025-02-26 00:41:16.660525,2025-02-26 00:41:21.477759,4.817234
channel-98451,100,30358521,30358535,14,2025-02-26 00:42:06.323509,2025-02-26 00:42:24.447353,18.123844
channel-6994,1326059,30358528,30358539,11,2025-02-26 00:42:14.921466,2025-02-26 00:42:29.289054,14.367588
channel-94814,3803,30358532,30358545,13,2025-02-26 00:42:19.585303,2025-02-26 00:42:37.102404,17.517101
channel-143,128488,30358541,30358554,13,2025-02-26 00:42:31.795706,2025-02-26 00:42:47.241833,15.446127
channel-208,1491134,30358544,30358555,11,2025-02-26 00:42:35.006812,2025-02-26 00:42:48.361129,13.354317
channel-184,137461,30358560,30358570,10,2025-02-26 00:42:55.840217,2025-02-26 00:43:07.952076,12.111859
channel-199,132915,30358562,30358571,9,2025-02-26 00:42:58.289179,2025-02-26 00:43:09.021400,10.732221
channel-122,668416,30358569,30358575,6,2025-02-26 00:43:06.783777,2025-02-26 00:43:13.873252,7.089475
channel-6994,1326060,30358569,30358579,10,2025-02-26 00:43:06.783777,2025-02-26 00:43:18.443512,11.659735
channel-6994,1326061,30358583,30358593,10,2025-02-26 00:43:23.040703,2025-02-26 00:43:36.794200,13.753497
channel-0,4040398,30358589,30358597,8,2025-02-26 00:43:30.048517,2025-02-26 00:43:41.298073,11.249556
channel-6994,1326062,30358591,30358603,12,2025-02-26 00:43:32.646002,2025-02-26 00:43:48.181897,15.535895
channel-199,132916,30358593,30358603,10,2025-02-26 00:43:36.794200,2025-02-26 00:43:48.181897,11.387697
channel-326,538514,30358613,30358619,6,2025-02-26 00:44:02.642621,2025-02-26 00:44:10.380853,7.738232
channel-6787,166831,30358613,30358617,4,2025-02-26 00:44:02.642621,2025-02-26 00:44:08.312824,5.670203
channel-642,126558,30358625,30358653,28,2025-02-26 00:44:21.533856,2025-02-26 00:44:58.804263,37.270407
channel-122,668417,30358630,30358633,3,2025-02-26 00:44:28.049467,2025-02-26 00:44:31.577041,3.527574
channel-0,4040399,30358637,30358668,31,2025-02-26 00:44:40.140085,2025-02-26 00:45:17.735327,37.595242
channel-0,4040400,30358667,30358678,11,2025-02-26 00:45:16.636014,2025-02-26 00:45:30.327288,13.691274
channel-2188,43913,30358672,30358678,6,2025-02-26 00:45:22.574216,2025-02-26 00:45:30.327288,7.753072
channel-229,55062,30358681,30358692,11,2025-02-26 00:45:33.763337,2025-02-26 00:45:47.192173,13.428836
channel-0,4040401,30358688,30358697,9,2025-02-26 00:45:41.835330,2025-02-26 00:45:54.118662,12.283332
channel-642,126559,30358697,30358707,10,2025-02-26 00:45:54.118662,2025-02-26 00:46:07.944036,13.825374
channel-184,137462,30358708,30358717,9,2025-02-26 00:46:09.110028,2025-02-26 00:46:19.023268,9.91324
channel-208,1491135,30358719,30358728,9,2025-02-26 00:46:22.382114,2025-02-26 00:46:33.228641,10.846527
channel-412,64664,30358727,30358736,9,2025-02-26 00:46:32.148161,2025-02-26 00:46:42.246130,10.097969
channel-0,4040402,30358731,30358744,13,2025-02-26 00:46:36.505801,2025-02-26 00:46:51.143833,14.638032
channel-208,1491136,30358737,30358749,12,2025-02-26 00:46:43.278390,2025-02-26 00:46:57.048391,13.770001
channel-412,64665,30358745,30358792,47,2025-02-26 00:46:52.261929,2025-02-26 00:47:53.815752,61.553823
channel-0,4040403,30358760,30358770,10,2025-02-26 00:47:14.093682,2025-02-26 00:47:26.592506,12.498824
channel-208,1491137,30358768,30358778,10,2025-02-26 00:47:24.465071,2025-02-26 00:47:36.665759,12.200688
channel-122,668418,30358790,30358793,3,2025-02-26 00:47:51.399193,2025-02-26 00:47:54.903026,3.503833
channel-75,845391,30358793,30358801,8,2025-02-26 00:47:54.903026,2025-02-26 00:48:06.587731,11.684705
channel-122,668419,30358838,30358841,3,2025-02-26 00:48:52.360561,2025-02-26 00:48:55.632560,3.271999
channel-216,94333,30358846,30358911,65,2025-02-26 00:49:05.995178,2025-02-26 00:50:31.808135,85.812957
channel-6994,1326063,30358853,30358863,10,2025-02-26 00:49:13.815224,2025-02-26 00:49:25.970122,12.154898
channel-0,4040404,30358858,30358869,11,2025-02-26 00:49:20.477973,2025-02-26 00:49:34.034244,13.556271
channel-208,1491138,30358866,30358879,13,2025-02-26 00:49:29.456087,2025-02-26 00:49:45.426760,15.970673
channel-19774,346202,30358870,30358880,10,2025-02-26 00:49:35.165954,2025-02-26 00:49:47.569400,12.403446
channel-19774,346203,30358880,30358891,11,2025-02-26 00:49:47.569400,2025-02-26 00:50:07.468052,19.898652
channel-232,49228,30358880,30358899,19,2025-02-26 00:49:47.569400,2025-02-26 00:50:18.218881,30.649481
channel-326,538515,30358910,30358928,18,2025-02-26 00:50:30.724478,2025-02-26 00:50:53.551914,22.827436
channel-750,685265,30358940,30358949,9,2025-02-26 00:51:07.995250,2025-02-26 00:51:20.202936,12.207686
channel-85077,61111,30358946,30358954,8,2025-02-26 00:51:16.760442,2025-02-26 00:51:26.603643,9.843201
channel-750,685266,30358963,30358975,12,2025-02-26 00:51:36.723183,2025-02-26 00:51:52.930983,16.2078
channel-19774,346204,30358977,30358986,9,2025-02-26 00:51:55.216642,2025-02-26 00:52:05.714758,10.498116
channel-208,1491139,30359002,30359011,9,2025-02-26 00:52:26.024634,2025-02-26 00:52:38.067767,12.043133
channel-199,132917,30359040,30359066,26,2025-02-26 00:53:14.312524,2025-02-26 00:53:50.037933,35.725409
channel-874,293529,30359041,30359044,3,2025-02-26 00:53:15.685652,2025-02-26 00:53:19.083038,3.397386
channel-326,538516,30359067,30359880,813,2025-02-26 00:53:52.136445,2025-02-26 01:11:32.226615,1060.09017
channel-326,538517,30359067,30359880,813,2025-02-26 00:53:52.136445,2025-02-26 01:11:32.226615,1060.09017
channel-326,538518,30359067,30359880,813,2025-02-26 00:53:52.136445,2025-02-26 01:11:32.226615,1060.09017
channel-326,538519,30359067,30359880,813,2025-02-26 00:53:52.136445,2025-02-26 01:11:32.226615,1060.09017
channel-326,538520,30359067,30359880,813,2025-02-26 00:53:52.136445,2025-02-26 01:11:32.226615,1060.09017
channel-412,64666,30359070,30359080,10,2025-02-26 00:53:55.678176,2025-02-26 00:54:08.095768,12.417592
channel-208,1491140,30359084,30359094,10,2025-02-26 00:54:14.767272,2025-02-26 00:54:27.014413,12.247141
channel-19774,346205,30359093,30359105,12,2025-02-26 00:54:25.903577,2025-02-26 00:54:40.117422,14.213845
channel-6994,1326064,30359099,30359108,9,2025-02-26 00:54:32.821950,2025-02-26 00:54:43.252211,10.430261
channel-6994,1326065,30359117,30359159,42,2025-02-26 00:54:54.509920,2025-02-26 00:55:50.375167,55.865247
channel-326,538521,30359132,30359147,15,2025-02-26 00:55:13.984761,2025-02-26 00:55:35.100105,21.115344
channel-85077,61112,30359138,30359147,9,2025-02-26 00:55:23.768417,2025-02-26 00:55:35.100105,11.331688
channel-232,49229,30359142,30359152,10,2025-02-26 00:55:28.435602,2025-02-26 00:55:42.207018,13.771416
channel-874,293530,30359156,30359164,8,2025-02-26 00:55:46.753479,2025-02-26 00:55:56.134774,9.381295
channel-0,4040405,30359158,30359168,10,2025-02-26 00:55:49.289418,2025-02-26 00:56:01.786892,12.497474
channel-181,13599,30359164,30359173,9,2025-02-26 00:55:56.134774,2025-02-26 00:56:08.427055,12.292281
channel-19774,346206,30359168,30359177,9,2025-02-26 00:56:01.786892,2025-02-26 00:56:13.384394,11.597502
channel-181,13600,30359168,30359177,9,2025-02-26 00:56:01.786892,2025-02-26 00:56:13.384394,11.597502
channel-122,668420,30359175,30359179,4,2025-02-26 00:56:10.744291,2025-02-26 00:56:15.616726,4.872435
channel-122,668421,30359186,30359189,3,2025-02-26 00:56:25.323271,2025-02-26 00:56:29.617256,4.293985
channel-199,132918,30359202,30359214,12,2025-02-26 00:56:45.314531,2025-02-26 00:56:58.910911,13.59638
channel-874,293531,30359206,30359212,6,2025-02-26 00:56:49.990077,2025-02-26 00:56:56.675018,6.684941
channel-208,1491141,30359208,30359217,9,2025-02-26 00:56:52.146511,2025-02-26 00:57:02.208709,10.062198
channel-85077,61113,30359211,30359218,7,2025-02-26 00:56:55.472971,2025-02-26 00:57:07.058334,11.585363
channel-326,538522,30359212,30359235,23,2025-02-26 00:56:56.675018,2025-02-26 00:57:30.560556,33.885538
channel-750,685267,30359225,30359228,3,2025-02-26 00:57:15.389594,2025-02-26 00:57:20.236354,4.84676
channel-326,538523,30359226,30359234,8,2025-02-26 00:57:16.479453,2025-02-26 00:57:29.388906,12.909453
channel-85077,61114,30359227,30359234,7,2025-02-26 00:57:17.570044,2025-02-26 00:57:29.388906,11.818862
channel-6994,1326066,30359233,30359246,13,2025-02-26 00:57:28.227764,2025-02-26 00:57:43.111929,14.884165
channel-874,293532,30359235,30359241,6,2025-02-26 00:57:30.560556,2025-02-26 00:57:37.242497,6.681941
channel-0,4040406,30359255,30359281,26,2025-02-26 00:57:56.987488,2025-02-26 00:58:30.476243,33.488755
channel-874,293533,30359267,30359272,5,2025-02-26 00:58:14.726807,2025-02-26 00:58:20.366013,5.639206
channel-6994,1326067,30359276,30359289,13,2025-02-26 00:58:24.943647,2025-02-26 00:58:41.421490,16.477843
channel-0,4040407,30359290,30359302,12,2025-02-26 00:58:42.542108,2025-02-26 00:58:57.396001,14.853893
channel-874,293534,30359303,30359308,5,2025-02-26 00:58:58.645117,2025-02-26 00:59:04.453591,5.808474
channel-0,4040408,30359308,30359318,10,2025-02-26 00:59:04.453591,2025-02-26 00:59:19.018312,14.564721
channel-0,4040409,30359317,30359328,11,2025-02-26 00:59:17.907566,2025-02-26 00:59:30.363950,12.456384
channel-642,126560,30359324,30359336,12,2025-02-26 00:59:25.753241,2025-02-26 00:59:40.800751,15.04751
channel-208,1491142,30359328,30359338,10,2025-02-26 00:59:30.363950,2025-02-26 00:59:42.991832,12.627882
channel-326,538524,30359330,30359339,9,2025-02-26 00:59:33.949769,2025-02-26 00:59:44.102141,10.152372
channel-326,538525,30359330,30359339,9,2025-02-26 00:59:33.949769,2025-02-26 00:59:44.102141,10.152372
channel-326,538526,30359330,30359339,9,2025-02-26 00:59:33.949769,2025-02-26 00:59:44.102141,10.152372
channel-326,538527,30359330,30359339,9,2025-02-26 00:59:33.949769,2025-02-26 00:59:44.102141,10.152372
channel-326,538528,30359330,30359339,9,2025-02-26 00:59:33.949769,2025-02-26 00:59:44.102141,10.152372
channel-326,538529,30359330,30359339,9,2025-02-26 00:59:33.949769,2025-02-26 00:59:44.102141,10.152372
channel-326,538530,30359330,30359339,9,2025-02-26 00:59:33.949769,2025-02-26 00:59:44.102141,10.152372
channel-326,538531,30359330,30359339,9,2025-02-26 00:59:33.949769,2025-02-26 00:59:44.102141,10.152372
channel-874,293535,30359336,30359343,7,2025-02-26 00:59:40.800751,2025-02-26 00:59:51.148524,10.347773
channel-0,4040410,30359339,30359349,10,2025-02-26 00:59:44.102141,2025-02-26 00:59:59.112714,15.010573
channel-750,685268,30359362,30359367,5,2025-02-26 01:00:15.148045,2025-02-26 01:00:21.295358,6.147313
channel-0,4040411,30359364,30359373,9,2025-02-26 01:00:17.539973,2025-02-26 01:00:28.233765,10.693792
channel-6787,166832,30359365,30359371,6,2025-02-26 01:00:18.713644,2025-02-26 01:00:25.854248,7.140604
channel-0,4040412,30359370,30359396,26,2025-02-26 01:00:24.707274,2025-02-26 01:00:58.944249,34.236975
channel-874,293536,30359371,30359376,5,2025-02-26 01:00:25.854248,2025-02-26 01:00:32.714039,6.859791
channel-326,538532,30359384,30359391,7,2025-02-26 01:00:44.070961,2025-02-26 01:00:53.387322,9.316361
channel-72,516485,30359398,30359444,46,2025-02-26 01:01:02.738864,2025-02-26 01:01:59.182407,56.443543
channel-0,4040413,30359413,30359424,11,2025-02-26 01:01:20.755099,2025-02-26 01:01:34.439476,13.684377
channel-750,685269,30359440,30359445,5,2025-02-26 01:01:54.683881,2025-02-26 01:02:01.329770,6.645889
channel-750,685270,30359449,30359454,5,2025-02-26 01:02:06.516190,2025-02-26 01:02:11.993283,5.477093
channel-113,301375,30359457,30359500,43,2025-02-26 01:02:15.260935,2025-02-26 01:03:13.133638,57.872703
channel-874,293537,30359460,30359464,4,2025-02-26 01:02:18.893395,2025-02-26 01:02:26.519365,7.62597
channel-783,104413,30359467,30359473,6,2025-02-26 01:02:30.929775,2025-02-26 01:02:39.014700,8.084925
channel-75,845392,30359473,30359479,6,2025-02-26 01:02:39.014700,2025-02-26 01:02:46.414624,7.399924
channel-0,4040414,30359490,30359503,13,2025-02-26 01:03:01.480979,2025-02-26 01:03:16.573455,15.092476
channel-874,293538,30359492,30359497,5,2025-02-26 01:03:03.609022,2025-02-26 01:03:09.049038,5.440016
channel-113,301376,30359496,30359504,8,2025-02-26 01:03:07.934768,2025-02-26 01:03:18.660860,10.726092
channel-75,845393,30359502,30359512,10,2025-02-26 01:03:15.496494,2025-02-26 01:03:27.565136,12.068642
channel-6994,1326068,30359512,30359521,9,2025-02-26 01:03:27.565136,2025-02-26 01:03:41.507314,13.942178
channel-642,126561,30359518,30359546,28,2025-02-26 01:03:36.010712,2025-02-26 01:04:12.860960,36.850248
channel-750,685271,30359518,30359522,4,2025-02-26 01:03:36.010712,2025-02-26 01:03:42.673857,6.663145
channel-874,293539,30359529,30359534,5,2025-02-26 01:03:51.881293,2025-02-26 01:03:58.534468,6.653175
channel-0,4040415,30359533,30359557,24,2025-02-26 01:03:57.365661,2025-02-26 01:04:25.244756,27.879095
channel-4,167092,30359535,30359544,9,2025-02-26 01:03:59.600704,2025-02-26 01:04:10.616958,11.016254
channel-783,104414,30359552,30359561,9,2025-02-26 01:04:19.667792,2025-02-26 01:04:31.009553,11.341761
channel-89298,18763,30359557,30359566,9,2025-02-26 01:04:25.244756,2025-02-26 01:04:38.814564,13.569808
channel-750,685272,30359558,30359566,8,2025-02-26 01:04:27.499087,2025-02-26 01:04:38.814564,11.315477
channel-874,293540,30359564,30359570,6,2025-02-26 01:04:35.453721,2025-02-26 01:04:46.111885,10.658164
channel-208,1491143,30359567,30359579,12,2025-02-26 01:04:41.459387,2025-02-26 01:04:57.593956,16.134569
channel-874,293541,30359597,30359605,8,2025-02-26 01:05:18.144881,2025-02-26 01:05:26.937808,8.792927
channel-750,685273,30359599,30359603,4,2025-02-26 01:05:20.410648,2025-02-26 01:05:24.696809,4.286161
channel-6994,1326069,30359602,30359613,11,2025-02-26 01:05:23.630877,2025-02-26 01:05:36.627786,12.996909
channel-874,293542,30359633,30359639,6,2025-02-26 01:06:02.983288,2025-02-26 01:06:10.010465,7.027177
channel-216,94334,30359649,30359678,29,2025-02-26 01:06:22.594784,2025-02-26 01:07:03.011372,40.416588
channel-2186,40808,30359659,30359670,11,2025-02-26 01:06:35.523526,2025-02-26 01:06:53.008580,17.485054
channel-874,293543,30359667,30359673,6,2025-02-26 01:06:49.566356,2025-02-26 01:06:56.340653,6.774297
channel-0,4040416,30359669,30359697,28,2025-02-26 01:06:51.912752,2025-02-26 01:07:28.722942,36.81019
channel-208,1491144,30359673,30359684,11,2025-02-26 01:06:56.340653,2025-02-26 01:07:10.490323,14.14967
channel-6994,1326070,30359686,30359693,7,2025-02-26 01:07:12.947889,2025-02-26 01:07:23.071021,10.123132
channel-412,64667,30359693,30359706,13,2025-02-26 01:07:23.071021,2025-02-26 01:07:39.019968,15.948947
channel-874,293544,30359699,30359704,5,2025-02-26 01:07:31.134868,2025-02-26 01:07:36.798781,5.663913
channel-0,4040417,30359706,30359716,10,2025-02-26 01:07:39.019968,2025-02-26 01:07:52.498029,13.478061
channel-0,4040418,30359724,30359732,8,2025-02-26 01:08:01.867325,2025-02-26 01:08:13.382400,11.515075
channel-1,408728,30359731,30359742,11,2025-02-26 01:08:10.752714,2025-02-26 01:08:29.966979,19.214265
channel-874,293545,30359731,30359738,7,2025-02-26 01:08:10.752714,2025-02-26 01:08:20.199008,9.446294
channel-89298,18764,30359733,30359739,6,2025-02-26 01:08:14.476230,2025-02-26 01:08:21.307817,6.831587
channel-0,4040419,30359750,30359763,13,2025-02-26 01:08:39.199376,2025-02-26 01:08:56.137053,16.937677
channel-184,137463,30359758,30359770,12,2025-02-26 01:08:49.276636,2025-02-26 01:09:04.163906,14.88727
channel-874,293546,30359767,30359777,10,2025-02-26 01:09:00.699435,2025-02-26 01:09:13.342263,12.642828
channel-642,126562,30359798,30359808,10,2025-02-26 01:09:40.511715,2025-02-26 01:09:53.911197,13.399482
channel-72,516486,30359802,30359834,32,2025-02-26 01:09:44.897700,2025-02-26 01:10:29.726497,44.828797
channel-6787,166833,30359811,30359815,4,2025-02-26 01:09:57.856173,2025-02-26 01:10:02.371919,4.515746
channel-2188,43914,30359817,30359822,5,2025-02-26 01:10:05.608001,2025-02-26 01:10:11.569250,5.961249
channel-72,516487,30359820,30359863,43,2025-02-26 01:10:09.127919,2025-02-26 01:11:07.333679,58.20576
channel-91017,2935,30359826,30359898,72,2025-02-26 01:10:16.072106,2025-02-26 01:11:53.671368,97.599262
channel-6994,1326071,30359828,30359841,13,2025-02-26 01:10:18.284335,2025-02-26 01:10:38.845413,20.561078
channel-72,516488,30359857,30359903,46,2025-02-26 01:11:00.348285,2025-02-26 01:11:59.415008,59.066723
channel-6994,1326072,30359869,30359877,8,2025-02-26 01:11:14.872581,2025-02-26 01:11:28.951590,14.079009
channel-0,4040420,30359876,30359893,17,2025-02-26 01:11:26.870395,2025-02-26 01:11:47.106017,20.235622
channel-1,408729,30359881,30359893,12,2025-02-26 01:11:33.495396,2025-02-26 01:11:47.106017,13.610621
channel-6787,166834,30359885,30359890,5,2025-02-26 01:11:38.138091,2025-02-26 01:11:43.787181,5.64909
channel-6994,1326073,30359888,30359896,8,2025-02-26 01:11:41.589798,2025-02-26 01:11:51.487470,9.897672
channel-750,685274,30359896,30359901,5,2025-02-26 01:11:51.487470,2025-02-26 01:11:57.045106,5.557636
channel-88,467237,30359909,30359939,30,2025-02-26 01:12:09.149739,2025-02-26 01:12:48.211687,39.061948
channel-642,126563,30359912,30359927,15,2025-02-26 01:12:12.565785,2025-02-26 01:12:33.906129,21.340344
channel-0,4040421,30359915,30359927,12,2025-02-26 01:12:19.961271,2025-02-26 01:12:33.906129,13.944858
channel-91017,2936,30359915,30359927,12,2025-02-26 01:12:19.961271,2025-02-26 01:12:33.906129,13.944858
channel-6994,1326074,30359922,30359934,12,2025-02-26 01:12:28.366177,2025-02-26 01:12:41.815591,13.449414
channel-0,4040422,30359973,30359985,12,2025-02-26 01:13:31.948068,2025-02-26 01:13:46.727480,14.779412
channel-122,668422,30359993,30359996,3,2025-02-26 01:13:55.617899,2025-02-26 01:13:58.992503,3.374604
channel-750,685275,30360009,30360018,9,2025-02-26 01:14:18.329418,2025-02-26 01:14:30.893662,12.564244
channel-75,845394,30360014,30360032,18,2025-02-26 01:14:26.127051,2025-02-26 01:14:47.854834,21.727783
channel-98451,101,30360027,30360039,12,2025-02-26 01:14:42.214992,2025-02-26 01:14:56.635447,14.420455
channel-0,4040423,30360070,30360082,12,2025-02-26 01:15:35.988471,2025-02-26 01:15:50.141828,14.153357
channel-94814,3804,30360097,30360106,9,2025-02-26 01:16:13.034250,2025-02-26 01:16:23.967119,10.932869
channel-208,1491145,30360110,30360122,12,2025-02-26 01:16:28.543016,2025-02-26 01:16:43.159759,14.616743
channel-0,4040424,30360120,30360133,13,2025-02-26 01:16:40.738658,2025-02-26 01:16:56.953426,16.214768
channel-6994,1326075,30360121,30360133,12,2025-02-26 01:16:41.994078,2025-02-26 01:16:56.953426,14.959348
channel-2494,31994,30360127,30360141,14,2025-02-26 01:16:48.881097,2025-02-26 01:17:06.736540,17.855443
channel-2494,31995,30360144,30360156,12,2025-02-26 01:17:10.219635,2025-02-26 01:17:25.491513,15.271878
channel-108,39870,30360145,30360189,44,2025-02-26 01:17:11.332876,2025-02-26 01:18:11.969596,60.63672
channel-85077,61115,30360147,30360157,10,2025-02-26 01:17:14.769158,2025-02-26 01:17:26.587573,11.818415
channel-108,39871,30360150,30360189,39,2025-02-26 01:17:18.586119,2025-02-26 01:18:11.969596,53.383477
channel-0,4040425,30360202,30360214,12,2025-02-26 01:18:27.448943,2025-02-26 01:18:41.817225,14.368282
channel-2188,43915,30360202,30360207,5,2025-02-26 01:18:27.448943,2025-02-26 01:18:33.839040,6.390097
channel-0,4040426,30360203,30360214,11,2025-02-26 01:18:29.294575,2025-02-26 01:18:41.817225,12.52265
channel-750,685276,30360219,30360224,5,2025-02-26 01:18:49.595275,2025-02-26 01:18:55.357718,5.762443
channel-75,845395,30360229,30360236,7,2025-02-26 01:19:01.033329,2025-02-26 01:19:11.484352,10.451023
channel-492,20130,30360240,30360250,10,2025-02-26 01:19:16.933496,2025-02-26 01:19:30.096828,13.163332
channel-750,685277,30360242,30360246,4,2025-02-26 01:19:20.211678,2025-02-26 01:19:25.607141,5.395463
channel-6994,1326076,30360243,30360280,37,2025-02-26 01:19:22.355819,2025-02-26 01:20:08.856596,46.500777
channel-750,685278,30360250,30360258,8,2025-02-26 01:19:30.096828,2025-02-26 01:19:40.460708,10.36388
channel-0,4040427,30360263,30360275,12,2025-02-26 01:19:47.680955,2025-02-26 01:20:03.156682,15.475727
channel-783,104415,30360273,30360282,9,2025-02-26 01:20:00.850374,2025-02-26 01:20:11.263394,10.41302
channel-750,685279,30360277,30360282,5,2025-02-26 01:20:05.455128,2025-02-26 01:20:11.263394,5.808266
channel-85077,61116,30360288,30360298,10,2025-02-26 01:20:21.197079,2025-02-26 01:20:33.766941,12.569862
channel-6994,1326077,30360305,30360342,37,2025-02-26 01:20:42.584744,2025-02-26 01:21:29.348129,46.763385
channel-85077,61117,30360310,30360320,10,2025-02-26 01:20:48.199608,2025-02-26 01:21:02.708805,14.509197
channel-750,685280,30360311,30360316,5,2025-02-26 01:20:50.441552,2025-02-26 01:20:57.106629,6.665077
channel-85077,61118,30360316,30360325,9,2025-02-26 01:20:57.106629,2025-02-26 01:21:08.373248,11.266619
channel-85077,61119,30360332,30360340,8,2025-02-26 01:21:16.237796,2025-02-26 01:21:27.115998,10.878202
channel-79241,953,30360342,30360350,8,2025-02-26 01:21:29.348129,2025-02-26 01:21:38.427973,9.079844
channel-85077,61120,30360354,30360364,10,2025-02-26 01:21:47.111269,2025-02-26 01:21:58.308646,11.197377
channel-750,685281,30360361,30360366,5,2025-02-26 01:21:54.880994,2025-02-26 01:22:00.428015,5.547021
channel-85077,61121,30360361,30360371,10,2025-02-26 01:21:54.880994,2025-02-26 01:22:07.074687,12.193693
channel-89298,18765,30360363,30360374,11,2025-02-26 01:21:57.201906,2025-02-26 01:22:11.494994,14.293088
channel-6994,1326078,30360367,30360414,47,2025-02-26 01:22:01.526225,2025-02-26 01:23:00.456731,58.930506
channel-0,4040428,30360381,30360393,12,2025-02-26 01:22:20.285872,2025-02-26 01:22:35.693342,15.40747
channel-85077,61122,30360384,30360393,9,2025-02-26 01:22:23.942485,2025-02-26 01:22:35.693342,11.750857
channel-85077,61123,30360385,30360393,8,2025-02-26 01:22:25.181288,2025-02-26 01:22:35.693342,10.512054
channel-75,845396,30360387,30360405,18,2025-02-26 01:22:27.505165,2025-02-26 01:22:50.272125,22.76696
channel-0,4040429,30360391,30360414,23,2025-02-26 01:22:33.301696,2025-02-26 01:23:00.456731,27.155035
channel-750,685282,30360397,30360401,4,2025-02-26 01:22:40.056110,2025-02-26 01:22:45.737813,5.681703
channel-85077,61124,30360408,30360419,11,2025-02-26 01:22:53.598222,2025-02-26 01:23:06.066884,12.468662
channel-0,4040430,30360417,30360430,13,2025-02-26 01:23:03.921070,2025-02-26 01:23:18.978780,15.05771
channel-1,408730,30360417,30360443,26,2025-02-26 01:23:03.921070,2025-02-26 01:23:42.393634,38.472564
channel-19774,346207,30360429,30360437,8,2025-02-26 01:23:17.733101,2025-02-26 01:23:29.827870,12.094769
channel-750,685283,30360433,30360437,4,2025-02-26 01:23:24.196259,2025-02-26 01:23:29.827870,5.631611
channel-85077,61125,30360434,30360439,5,2025-02-26 01:23:25.318462,2025-02-26 01:23:36.184925,10.866463
channel-72,516489,30360445,30360506,61,2025-02-26 01:23:44.587859,2025-02-26 01:25:03.719069,79.13121
channel-0,4040431,30360448,30360459,11,2025-02-26 01:23:47.859745,2025-02-26 01:24:01.693910,13.834165
channel-72,516490,30360454,30360510,56,2025-02-26 01:23:54.923661,2025-02-26 01:25:09.482418,74.558757
channel-0,4040432,30360460,30360468,8,2025-02-26 01:24:02.855958,2025-02-26 01:24:13.725984,10.870026
channel-750,685284,30360465,30360471,6,2025-02-26 01:24:09.499635,2025-02-26 01:24:17.119534,7.619899
channel-0,4040433,30360477,30360498,21,2025-02-26 01:24:23.825136,2025-02-26 01:24:53.639627,29.814491
channel-72,516491,30360478,30360529,51,2025-02-26 01:24:26.009475,2025-02-26 01:25:32.730919,66.721444
channel-199,132919,30360489,30360497,8,2025-02-26 01:24:39.364424,2025-02-26 01:24:51.849993,12.485569
channel-72,516492,30360493,30360550,57,2025-02-26 01:24:43.776500,2025-02-26 01:25:59.531958,75.755458
channel-98451,102,30360498,30360508,10,2025-02-26 01:24:53.639627,2025-02-26 01:25:06.984262,13.344635
channel-750,685285,30360499,30360503,4,2025-02-26 01:24:54.992424,2025-02-26 01:25:00.483061,5.490637
channel-783,104416,30360521,30360529,8,2025-02-26 01:25:21.949598,2025-02-26 01:25:32.730919,10.781321
channel-750,685286,30360534,30360538,4,2025-02-26 01:25:40.559409,2025-02-26 01:25:45.976579,5.41717
channel-72,516493,30360544,30360598,54,2025-02-26 01:25:52.801684,2025-02-26 01:27:00.674013,67.872329
channel-6994,1326079,30360547,30360559,12,2025-02-26 01:25:56.261094,2025-02-26 01:26:09.747990,13.486896
channel-326,538533,30360563,30360606,43,2025-02-26 01:26:14.230466,2025-02-26 01:27:09.756926,55.52646
channel-98451,103,30360564,30360580,16,2025-02-26 01:26:16.531688,2025-02-26 01:26:37.248135,20.716447
channel-6994,1326080,30360566,30360577,11,2025-02-26 01:26:19.755009,2025-02-26 01:26:32.181835,12.426826
channel-0,4040434,30360566,30360578,12,2025-02-26 01:26:19.755009,2025-02-26 01:26:33.398744,13.643735
channel-750,685287,30360570,30360575,5,2025-02-26 01:26:24.376407,2025-02-26 01:26:29.914086,5.537679
channel-0,4040435,30360570,30360582,12,2025-02-26 01:26:24.376407,2025-02-26 01:26:39.490073,15.113666
channel-6994,1326081,30360591,30360602,11,2025-02-26 01:26:51.731161,2025-02-26 01:27:05.387267,13.656106
channel-750,685288,30360605,30360609,4,2025-02-26 01:27:08.691489,2025-02-26 01:27:13.155590,4.464101
channel-0,4040436,30360619,30360629,10,2025-02-26 01:27:25.956455,2025-02-26 01:27:39.706985,13.75053
channel-85077,61126,30360623,30360630,7,2025-02-26 01:27:30.641065,2025-02-26 01:27:41.853320,11.212255
channel-6994,1326082,30360637,30360646,9,2025-02-26 01:27:50.360987,2025-02-26 01:28:01.374051,11.013064
channel-750,685289,30360640,30360644,4,2025-02-26 01:27:53.675310,2025-02-26 01:27:58.108993,4.433683
channel-6994,1326083,30360663,30360673,10,2025-02-26 01:28:22.221489,2025-02-26 01:28:35.798673,13.577184
channel-0,4040437,30360666,30360679,13,2025-02-26 01:28:25.607335,2025-02-26 01:28:42.778488,17.171153
channel-6994,1326084,30360674,30360687,13,2025-02-26 01:28:37.050854,2025-02-26 01:28:52.641642,15.590788
channel-750,685290,30360675,30360679,4,2025-02-26 01:28:38.138803,2025-02-26 01:28:42.778488,4.639685
channel-6994,1326085,30360686,30360719,33,2025-02-26 01:28:50.531097,2025-02-26 01:29:37.468754,46.937657
channel-874,293547,30360702,30360706,4,2025-02-26 01:29:16.450998,2025-02-26 01:29:22.709220,6.258222
channel-208,1491146,30360705,30360720,15,2025-02-26 01:29:20.089611,2025-02-26 01:29:38.615561,18.52595
channel-750,685291,30360707,30360712,5,2025-02-26 01:29:23.924495,2025-02-26 01:29:29.602333,5.677838
channel-199,132920,30360714,30360724,10,2025-02-26 01:29:31.856653,2025-02-26 01:29:44.366390,12.509737
channel-0,4040438,30360724,30360735,11,2025-02-26 01:29:44.366390,2025-02-26 01:29:57.568475,13.202085
channel-1,408731,30360727,30360739,12,2025-02-26 01:29:48.609779,2025-02-26 01:30:01.918832,13.309053
channel-89321,19587,30360727,30360737,10,2025-02-26 01:29:48.609779,2025-02-26 01:29:59.772222,11.162443
channel-21113,25366,30360734,30360743,9,2025-02-26 01:29:56.441833,2025-02-26 01:30:06.419021,9.977188
channel-750,685292,30360745,30360749,4,2025-02-26 01:30:08.845255,2025-02-26 01:30:13.701832,4.856577
channel-184,137464,30360760,30360768,8,2025-02-26 01:30:29.223371,2025-02-26 01:30:38.438400,9.215029
channel-6787,166835,30360761,30360766,5,2025-02-26 01:30:30.360174,2025-02-26 01:30:36.257404,5.89723
channel-750,685293,30360777,30360780,3,2025-02-26 01:30:54.036416,2025-02-26 01:30:58.755006,4.71859
channel-0,4040439,30360783,30360792,9,2025-02-26 01:31:02.147549,2025-02-26 01:31:12.371992,10.224443
channel-0,4040440,30360784,30360797,13,2025-02-26 01:31:03.233741,2025-02-26 01:31:18.171044,14.937303
channel-208,1491147,30360803,30360814,11,2025-02-26 01:31:24.933438,2025-02-26 01:31:38.258136,13.324698
channel-0,4040441,30360805,30360815,10,2025-02-26 01:31:28.260087,2025-02-26 01:31:39.471118,11.211031
channel-0,4040442,30360806,30360815,9,2025-02-26 01:31:29.380296,2025-02-26 01:31:39.471118,10.090822
channel-750,685294,30360815,30360820,5,2025-02-26 01:31:39.471118,2025-02-26 01:31:46.096972,6.625854
channel-0,4040443,30360822,30360831,9,2025-02-26 01:31:49.593616,2025-02-26 01:32:04.080399,14.486783
channel-750,685295,30360822,30360839,17,2025-02-26 01:31:49.593616,2025-02-26 01:32:13.308689,23.715073
channel-122,668423,30360822,30360826,4,2025-02-26 01:31:49.593616,2025-02-26 01:31:54.536630,4.943014
channel-1,408732,30360830,30360840,10,2025-02-26 01:32:02.821026,2025-02-26 01:32:14.468695,11.647669
channel-1,408733,30360835,30360851,16,2025-02-26 01:32:08.785262,2025-02-26 01:32:27.195495,18.410233
channel-750,685296,30360836,30360854,18,2025-02-26 01:32:09.852856,2025-02-26 01:32:30.550256,20.6974
channel-143,128489,30360836,30360852,16,2025-02-26 01:32:09.852856,2025-02-26 01:32:28.271773,18.418917
channel-85077,61127,30360837,30360847,10,2025-02-26 01:32:11.025601,2025-02-26 01:32:22.632701,11.6071
channel-208,1491148,30360840,30360849,9,2025-02-26 01:32:14.468695,2025-02-26 01:32:24.928292,10.459597
channel-1,408734,30360842,30360855,13,2025-02-26 01:32:16.872881,2025-02-26 01:32:31.943528,15.070647
channel-6994,1326086,30360848,30360856,8,2025-02-26 01:32:23.780066,2025-02-26 01:32:33.221158,9.441092
channel-19774,346208,30360852,30360864,12,2025-02-26 01:32:28.271773,2025-02-26 01:32:43.610090,15.338317
channel-0,4040444,30360857,30360864,7,2025-02-26 01:32:35.403584,2025-02-26 01:32:43.610090,8.206506
channel-143,128490,30360872,30360887,15,2025-02-26 01:32:57.805440,2025-02-26 01:33:16.018893,18.213453
channel-208,1491149,30360896,30360908,12,2025-02-26 01:33:26.795932,2025-02-26 01:33:40.735392,13.93946
channel-0,4040445,30360899,30360910,11,2025-02-26 01:33:30.207025,2025-02-26 01:33:43.958285,13.75126
channel-874,293548,30360899,30360908,9,2025-02-26 01:33:30.207025,2025-02-26 01:33:40.735392,10.528367
channel-0,4040446,30360908,30360917,9,2025-02-26 01:33:40.735392,2025-02-26 01:33:56.174506,15.439114
channel-208,1491150,30360911,30360922,11,2025-02-26 01:33:45.032861,2025-02-26 01:34:03.064135,18.031274
channel-199,132921,30360935,30360947,12,2025-02-26 01:34:20.870506,2025-02-26 01:34:35.345029,14.474523
channel-0,4040447,30360973,30360981,8,2025-02-26 01:35:09.429085,2025-02-26 01:35:18.758853,9.329768
channel-750,685297,30360983,30360987,4,2025-02-26 01:35:20.938798,2025-02-26 01:35:25.786099,4.847301
channel-0,4040448,30360993,30361006,13,2025-02-26 01:35:32.789641,2025-02-26 01:35:48.668901,15.87926
channel-1429,140828,30360999,30361011,12,2025-02-26 01:35:39.679959,2025-02-26 01:35:54.664918,14.984959
channel-232,49230,30361001,30361014,13,2025-02-26 01:35:41.883455,2025-02-26 01:35:57.883016,15.999561
channel-216,94335,30361025,30361143,118,2025-02-26 01:36:12.876428,2025-02-26 01:38:47.411871,154.535443
channel-89321,19588,30361025,30361045,20,2025-02-26 01:36:12.876428,2025-02-26 01:36:41.043394,28.166966
channel-6994,1326087,30361038,30361052,14,2025-02-26 01:36:31.981306,2025-02-26 01:36:49.039349,17.058043
channel-0,4040449,30361043,30361056,13,2025-02-26 01:36:38.828138,2025-02-26 01:36:53.833419,15.005281
channel-642,126564,30361047,30361089,42,2025-02-26 01:36:43.189647,2025-02-26 01:37:35.854638,52.664991
channel-6787,166836,30361075,30361079,4,2025-02-26 01:37:18.788399,2025-02-26 01:37:23.312628,4.524229
channel-5,184377,30361082,30361092,10,2025-02-26 01:37:26.639691,2025-02-26 01:37:39.416819,12.777128
channel-6994,1326088,30361084,30361121,37,2025-02-26 01:37:29.030437,2025-02-26 01:38:18.671362,49.640925
channel-259,314482,30361087,30361097,10,2025-02-26 01:37:33.541560,2025-02-26 01:37:45.323136,11.781576
channel-326,538534,30361090,30361099,9,2025-02-26 01:37:37.127456,2025-02-26 01:37:47.949744,10.822288
channel-6994,1326089,30361099,30361107,8,2025-02-26 01:37:47.949744,2025-02-26 01:38:02.146107,14.196363
channel-5,184378,30361108,30361120,12,2025-02-26 01:38:03.332323,2025-02-26 01:38:17.614774,14.282451
channel-750,685298,30361110,30361121,11,2025-02-26 01:38:05.671722,2025-02-26 01:38:18.671362,12.99964
channel-492,20132,30361122,30361132,10,2025-02-26 01:38:19.971768,2025-02-26 01:38:34.710189,14.738421
channel-85077,61128,30361141,30361151,10,2025-02-26 01:38:45.068773,2025-02-26 01:38:57.530128,12.461355
channel-6994,1326090,30361148,30361184,36,2025-02-26 01:38:53.098966,2025-02-26 01:39:42.129585,49.030619
channel-0,4040450,30361160,30361171,11,2025-02-26 01:39:09.129345,2025-02-26 01:39:21.732482,12.603137
channel-492,20133,30361214,30361225,11,2025-02-26 01:40:23.532128,2025-02-26 01:40:35.983375,12.451247
channel-1,408735,30361218,30361228,10,2025-02-26 01:40:28.141671,2025-02-26 01:40:39.375984,11.234313
channel-122,668424,30361247,30361250,3,2025-02-26 01:41:03.197498,2025-02-26 01:41:06.700382,3.502884
channel-85077,61129,30361257,30361267,10,2025-02-26 01:41:16.777882,2025-02-26 01:41:28.441096,11.663214
channel-199,132922,30361258,30361352,94,2025-02-26 01:41:17.929119,2025-02-26 01:43:18.011062,120.081943
channel-88,467238,30361259,30361296,37,2025-02-26 01:41:19.135167,2025-02-26 01:42:03.937228,44.802061
channel-326,538535,30361266,30361273,7,2025-02-26 01:41:27.315682,2025-02-26 01:41:35.433350,8.117668
channel-6994,1326091,30361315,30361334,19,2025-02-26 01:42:28.700951,2025-02-26 01:42:54.772970,26.072019
channel-0,4040451,30361319,30361328,9,2025-02-26 01:42:33.664094,2025-02-26 01:42:44.806466,11.142372
channel-204,670876,30361323,30361329,6,2025-02-26 01:42:38.209799,2025-02-26 01:42:49.155055,10.945256
channel-85077,61130,30361324,30361333,9,2025-02-26 01:42:39.267695,2025-02-26 01:42:53.648890,14.381195
channel-5,184379,30361328,30361340,12,2025-02-26 01:42:44.806466,2025-02-26 01:43:01.705082,16.898616
channel-492,20134,30361337,30361345,8,2025-02-26 01:42:58.080553,2025-02-26 01:43:08.347368,10.266815
channel-85077,61131,30361339,30361347,8,2025-02-26 01:43:00.573531,2025-02-26 01:43:10.576611,10.00308
channel-85077,61132,30361348,30361358,10,2025-02-26 01:43:11.818543,2025-02-26 01:43:25.185949,13.367406
channel-6994,1326092,30361355,30361365,10,2025-02-26 01:43:21.616362,2025-02-26 01:43:33.420135,11.803773
channel-0,4040452,30361362,30361375,13,2025-02-26 01:43:29.946237,2025-02-26 01:43:45.908300,15.962063
channel-85077,61133,30361366,30361376,10,2025-02-26 01:43:34.583371,2025-02-26 01:43:47.072529,12.489158
channel-199,132923,30361369,30361380,11,2025-02-26 01:43:38.954135,2025-02-26 01:43:52.709784,13.755649
channel-199,132924,30361377,30361388,11,2025-02-26 01:43:49.140093,2025-02-26 01:44:03.462038,14.321945
channel-492,20135,30361391,30361398,7,2025-02-26 01:44:06.994484,2025-02-26 01:44:18.226029,11.231545
channel-2188,43916,30361393,30361397,4,2025-02-26 01:44:09.359798,2025-02-26 01:44:16.006190,6.646392
channel-0,4040453,30361398,30361411,13,2025-02-26 01:44:18.226029,2025-02-26 01:44:32.725551,14.499522
channel-122,668425,30361398,30361402,4,2025-02-26 01:44:18.226029,2025-02-26 01:44:22.705024,4.478995
channel-75,845397,30361400,30361407,7,2025-02-26 01:44:20.393530,2025-02-26 01:44:28.358560,7.96503
channel-0,4040454,30361404,30361416,12,2025-02-26 01:44:24.913297,2025-02-26 01:44:39.042343,14.129046
channel-208,1491151,30361408,30361419,11,2025-02-26 01:44:29.513011,2025-02-26 01:44:42.686519,13.173508
channel-85077,61134,30361414,30361436,22,2025-02-26 01:44:36.109564,2025-02-26 01:45:02.914407,26.804843
channel-0,4040455,30361421,30361431,10,2025-02-26 01:44:44.934367,2025-02-26 01:44:56.714427,11.78006
channel-0,4040456,30361438,30361449,11,2025-02-26 01:45:05.068836,2025-02-26 01:45:21.081432,16.012596
channel-85077,61135,30361438,30361447,9,2025-02-26 01:45:05.068836,2025-02-26 01:45:17.595319,12.526483
channel-85077,61136,30361445,30361456,11,2025-02-26 01:45:14.041002,2025-02-26 01:45:28.950079,14.909077
channel-122,668426,30361465,30361469,4,2025-02-26 01:45:39.014018,2025-02-26 01:45:47.105658,8.09164
channel-750,685299,30361467,30361471,4,2025-02-26 01:45:41.479045,2025-02-26 01:45:49.612156,8.133111
channel-0,4040461,30361778,30361790,12,2025-02-26 01:52:23.154940,2025-02-26 01:52:38.083906,14.928966
channel-326,538536,30361781,30361789,8,2025-02-26 01:52:26.807652,2025-02-26 01:52:36.921852,10.1142
channel-0,4040462,30361783,30361795,12,2025-02-26 01:52:29.055052,2025-02-26 01:52:43.674990,14.619938
channel-782,310294,30361786,30361791,5,2025-02-26 01:52:33.484674,2025-02-26 01:52:39.265203,5.780529
channel-85077,61150,30361797,30361807,10,2025-02-26 01:52:45.945507,2025-02-26 01:52:57.372938,11.427431
channel-412,64668,30361800,30361809,9,2025-02-26 01:52:49.301441,2025-02-26 01:52:59.681610,10.380169
channel-85077,61151,30361800,30361814,14,2025-02-26 01:52:49.301441,2025-02-26 01:53:06.359608,17.058167
channel-47,198648,30361805,30361817,12,2025-02-26 01:52:55.062256,2025-02-26 01:53:11.252910,16.190654
channel-85077,61152,30361808,30361821,13,2025-02-26 01:52:58.495713,2025-02-26 01:53:15.756357,17.260644
channel-0,4040463,30361816,30361829,13,2025-02-26 01:53:10.125930,2025-02-26 01:53:27.368132,17.242202
channel-750,685304,30361817,30361823,6,2025-02-26 01:53:11.252910,2025-02-26 01:53:19.262517,8.009607
channel-85077,61153,30361823,30361831,8,2025-02-26 01:53:19.262517,2025-02-26 01:53:29.592008,10.329491
channel-73755,5868,30361830,30361839,9,2025-02-26 01:53:28.410424,2025-02-26 01:53:39.908259,11.497835
channel-208,1491153,30361832,30361844,12,2025-02-26 01:53:30.659285,2025-02-26 01:53:45.735160,15.075875
channel-85077,61154,30361832,30361860,28,2025-02-26 01:53:30.659285,2025-02-26 01:54:05.159577,34.500292
channel-0,4040464,30361836,30361847,11,2025-02-26 01:53:36.597812,2025-02-26 01:53:49.329295,12.731483
channel-85077,61155,30361837,30361847,10,2025-02-26 01:53:37.717109,2025-02-26 01:53:49.329295,11.612186
channel-47,198649,30361840,30361858,18,2025-02-26 01:53:41.148572,2025-02-26 01:54:02.812291,21.663719
channel-326,538537,30361840,30361846,6,2025-02-26 01:53:41.148572,2025-02-26 01:53:48.059089,6.910517
channel-122,668429,30361844,30361847,3,2025-02-26 01:53:45.735160,2025-02-26 01:53:49.329295,3.594135
channel-750,685305,30361847,30361853,6,2025-02-26 01:53:49.329295,2025-02-26 01:53:56.173677,6.844382
channel-326,538538,30361858,30361876,18,2025-02-26 01:54:02.812291,2025-02-26 01:54:24.809351,21.99706
channel-326,538539,30361860,30361865,5,2025-02-26 01:54:05.159577,2025-02-26 01:54:12.232755,7.073178
channel-85077,61156,30361863,30361871,8,2025-02-26 01:54:08.979304,2025-02-26 01:54:19.284827,10.305523
channel-6994,1326096,30361864,30361881,17,2025-02-26 01:54:11.158545,2025-02-26 01:54:33.678988,22.520443
channel-782,310295,30361865,30361871,6,2025-02-26 01:54:12.232755,2025-02-26 01:54:19.284827,7.052072
channel-85077,61157,30361875,30361891,16,2025-02-26 01:54:23.666771,2025-02-26 01:54:45.038457,21.371686
channel-0,4040465,30361886,30361895,9,2025-02-26 01:54:39.339169,2025-02-26 01:54:50.304964,10.965795
channel-73755,5869,30361887,30361893,6,2025-02-26 01:54:40.497444,2025-02-26 01:54:48.114630,7.617186
channel-0,4040466,30361893,30361902,9,2025-02-26 01:54:48.114630,2025-02-26 01:55:02.433060,14.31843
channel-85077,61158,30361895,30361902,7,2025-02-26 01:54:50.304964,2025-02-26 01:55:02.433060,12.128096
channel-750,685306,30361900,30361910,10,2025-02-26 01:54:56.013276,2025-02-26 01:55:11.443336,15.43006
channel-85077,61159,30361901,30361911,10,2025-02-26 01:54:57.132285,2025-02-26 01:55:12.510085,15.3778
channel-326,538540,30361902,30361926,24,2025-02-26 01:55:02.433060,2025-02-26 01:55:30.427622,27.994562
channel-208,1491154,30361905,30361915,10,2025-02-26 01:55:05.769268,2025-02-26 01:55:17.483758,11.71449
channel-326,538541,30361913,30361925,12,2025-02-26 01:55:15.008725,2025-02-26 01:55:29.288621,14.279896
channel-750,685307,30361931,30361943,12,2025-02-26 01:55:38.329414,2025-02-26 01:55:53.247777,14.918363
channel-208,1491155,30361936,30361947,11,2025-02-26 01:55:44.027346,2025-02-26 01:55:57.627687,13.600341
channel-122,668430,30361943,30361947,4,2025-02-26 01:55:53.247777,2025-02-26 01:55:57.627687,4.37991
channel-0,4040467,30361948,30361954,6,2025-02-26 01:55:58.717720,2025-02-26 01:56:08.930143,10.212423
channel-85077,61160,30361954,30361962,8,2025-02-26 01:56:08.930143,2025-02-26 01:56:18.788506,9.858363
channel-75,845398,30361958,30361967,9,2025-02-26 01:56:13.722348,2025-02-26 01:56:24.075159,10.352811
channel-89298,18766,30361975,30361986,11,2025-02-26 01:56:35.189862,2025-02-26 01:56:49.568125,14.378263
channel-199,132926,30361976,30361985,9,2025-02-26 01:56:36.403299,2025-02-26 01:56:48.474035,12.070736
channel-85077,61161,30361979,30361988,9,2025-02-26 01:56:40.750283,2025-02-26 01:56:53.466086,12.715803
channel-85077,61162,30361980,30361991,11,2025-02-26 01:56:41.945015,2025-02-26 01:56:56.902727,14.957712
channel-750,685308,30361989,30361999,10,2025-02-26 01:56:54.659184,2025-02-26 01:57:05.984424,11.32524
channel-782,310296,30361993,30361998,5,2025-02-26 01:56:59.302866,2025-02-26 01:57:04.864114,5.561248
channel-0,4040468,30362000,30362011,11,2025-02-26 01:57:07.210358,2025-02-26 01:57:20.872304,13.661946
channel-85077,61163,30362004,30362020,16,2025-02-26 01:57:12.765621,2025-02-26 01:57:32.441123,19.675502
channel-0,4040469,30362006,30362016,10,2025-02-26 01:57:14.937289,2025-02-26 01:57:27.856457,12.919168
channel-42,1490100,30362009,30362018,9,2025-02-26 01:57:18.510834,2025-02-26 01:57:30.070977,11.560143
channel-85077,61164,30362010,30362025,15,2025-02-26 01:57:19.800488,2025-02-26 01:57:38.699399,18.898911
channel-0,4040470,30362013,30362040,27,2025-02-26 01:57:24.329789,2025-02-26 01:57:58.166929,33.83714
channel-75,845399,30362018,30362025,7,2025-02-26 01:57:30.070977,2025-02-26 01:57:38.699399,8.628422
channel-0,4040471,30362020,30362030,10,2025-02-26 01:57:32.441123,2025-02-26 01:57:45.818091,13.376968
channel-85077,61165,30362031,30362042,11,2025-02-26 01:57:46.964263,2025-02-26 01:58:00.523604,13.559341
channel-0,4040472,30362032,30362045,13,2025-02-26 01:57:48.090228,2025-02-26 01:58:04.147993,16.057765
channel-782,310297,30362035,30362040,5,2025-02-26 01:57:51.504560,2025-02-26 01:57:58.166929,6.662369
channel-85077,61166,30362043,30362054,11,2025-02-26 01:58:01.832713,2025-02-26 01:58:15.676555,13.843842
channel-122,668431,30362046,30362049,3,2025-02-26 01:58:05.268437,2025-02-26 01:58:09.731509,4.463072
channel-0,4040473,30362053,30362065,12,2025-02-26 01:58:14.332914,2025-02-26 01:58:29.175289,14.842375
channel-85077,61167,30362053,30362065,12,2025-02-26 01:58:14.332914,2025-02-26 01:58:29.175289,14.842375
channel-122,668432,30362056,30362059,3,2025-02-26 01:58:18.237367,2025-02-26 01:58:21.535813,3.298446
channel-326,538542,30362057,30362080,23,2025-02-26 01:58:19.283314,2025-02-26 01:58:48.815862,29.532548
channel-6994,1326097,30362061,30362088,27,2025-02-26 01:58:23.737810,2025-02-26 01:58:57.745422,34.007612
channel-85077,61168,30362066,30362078,12,2025-02-26 01:58:30.442122,2025-02-26 01:58:46.603935,16.161813
channel-326,538543,30362073,30362078,5,2025-02-26 01:58:39.379059,2025-02-26 01:58:46.603935,7.224876
channel-73755,5870,30362079,30362086,7,2025-02-26 01:58:47.695413,2025-02-26 01:58:55.424738,7.729325
channel-750,685309,30362080,30362087,7,2025-02-26 01:58:48.815862,2025-02-26 01:58:56.485931,7.670069
channel-208,1491156,30362082,30362092,10,2025-02-26 01:58:51.043358,2025-02-26 01:59:03.413607,12.370249
channel-75,845400,30362088,30362096,8,2025-02-26 01:58:57.745422,2025-02-26 01:59:07.859963,10.114541
channel-85077,61169,30362097,30362107,10,2025-02-26 01:59:08.975748,2025-02-26 01:59:21.859482,12.883734
channel-6994,1326098,30362105,30362115,10,2025-02-26 01:59:18.436095,2025-02-26 01:59:31.108221,12.672126
channel-19774,346210,30362110,30362123,13,2025-02-26 01:59:25.296512,2025-02-26 01:59:41.274815,15.978303
channel-85077,61170,30362115,30362124,9,2025-02-26 01:59:31.108221,2025-02-26 01:59:43.412078,12.303857
channel-326,538544,30362116,30362141,25,2025-02-26 01:59:32.225720,2025-02-26 02:00:07.304672,35.078952
channel-85077,61171,30362120,30362139,19,2025-02-26 01:59:36.837320,2025-02-26 02:00:01.469060,24.63174
channel-75,845401,30362139,30362146,7,2025-02-26 02:00:01.469060,2025-02-26 02:00:13.206213,11.737153
channel-85077,61172,30362145,30362158,13,2025-02-26 02:00:12.098413,2025-02-26 02:00:26.848155,14.749742
channel-750,685310,30362149,30362155,6,2025-02-26 02:00:16.527546,2025-02-26 02:00:23.287850,6.760304
channel-326,538545,30362154,30362172,18,2025-02-26 02:00:22.160670,2025-02-26 02:00:47.064260,24.90359
channel-1429,140829,30362161,30362169,8,2025-02-26 02:00:30.278437,2025-02-26 02:00:42.379508,12.101071
channel-85077,61173,30362176,30362187,11,2025-02-26 02:00:51.791864,2025-02-26 02:01:04.746367,12.954503
channel-72,516494,30362177,30362232,55,2025-02-26 02:00:53.036333,2025-02-26 02:02:00.632719,67.596386
channel-85077,61174,30362180,30362189,9,2025-02-26 02:00:56.599939,2025-02-26 02:01:07.012621,10.412682
channel-89321,19589,30362183,30362194,11,2025-02-26 02:00:59.799263,2025-02-26 02:01:13.456052,13.656789
channel-89321,19590,30362183,30362194,11,2025-02-26 02:00:59.799263,2025-02-26 02:01:13.456052,13.656789
channel-85077,61175,30362188,30362199,11,2025-02-26 02:01:05.839613,2025-02-26 02:01:19.036890,13.197277
channel-6994,1326099,30362190,30362201,11,2025-02-26 02:01:09.134830,2025-02-26 02:01:21.413478,12.278648
channel-85077,61176,30362202,30362210,8,2025-02-26 02:01:22.557397,2025-02-26 02:01:34.072242,11.514845
channel-0,4040474,30362204,30362213,9,2025-02-26 02:01:25.739609,2025-02-26 02:01:37.569776,11.830167
channel-199,132927,30362205,30362220,15,2025-02-26 02:01:26.823031,2025-02-26 02:01:46.634129,19.811098
channel-0,4040475,30362207,30362217,10,2025-02-26 02:01:29.196674,2025-02-26 02:01:43.205449,14.008775
channel-208,1491157,30362208,30362218,10,2025-02-26 02:01:30.231964,2025-02-26 02:01:44.345428,14.113464
channel-75,845402,30362217,30362225,8,2025-02-26 02:01:43.205449,2025-02-26 02:01:52.482455,9.277006
channel-6994,1326100,30362232,30362242,10,2025-02-26 02:02:00.632719,2025-02-26 02:02:12.540174,11.907455
channel-0,4040476,30362232,30362243,11,2025-02-26 02:02:00.632719,2025-02-26 02:02:13.780820,13.148101
channel-1429,140830,30362239,30362248,9,2025-02-26 02:02:08.965857,2025-02-26 02:02:19.419200,10.453343
channel-750,685311,30362240,30362253,13,2025-02-26 02:02:10.088443,2025-02-26 02:02:31.156178,21.067735
channel-208,1491158,30362252,30362262,10,2025-02-26 02:02:29.944412,2025-02-26 02:02:42.792882,12.84847
channel-94814,3806,30362257,30362265,8,2025-02-26 02:02:35.826972,2025-02-26 02:02:48.564109,12.737137
channel-750,685312,30362264,30362269,5,2025-02-26 02:02:46.226739,2025-02-26 02:02:53.129930,6.903191
channel-0,4040477,30362281,30362293,12,2025-02-26 02:03:06.953529,2025-02-26 02:03:20.408996,13.455467
channel-72,516495,30362286,30362323,37,2025-02-26 02:03:12.585118,2025-02-26 02:03:58.956207,46.371089
channel-6994,1326101,30362294,30362303,9,2025-02-26 02:03:21.776792,2025-02-26 02:03:31.678154,9.901362
channel-199,132928,30362297,30362306,9,2025-02-26 02:03:25.054529,2025-02-26 02:03:35.240048,10.185519
channel-750,685313,30362303,30362308,5,2025-02-26 02:03:31.678154,2025-02-26 02:03:37.465498,5.787344
channel-750,685314,30362307,30362311,4,2025-02-26 02:03:36.344743,2025-02-26 02:03:41.976589,5.631846
channel-6994,1326102,30362308,30362315,7,2025-02-26 02:03:37.465498,2025-02-26 02:03:48.683804,11.218306
channel-89298,18767,30362311,30362322,11,2025-02-26 02:03:41.976589,2025-02-26 02:03:57.784781,15.808192
channel-326,538546,30362315,30362320,5,2025-02-26 02:03:48.683804,2025-02-26 02:03:55.390504,6.7067
channel-75,845403,30362318,30362324,6,2025-02-26 02:03:51.986710,2025-02-26 02:04:01.090593,9.103883
channel-6994,1326103,30362340,30362352,12,2025-02-26 02:04:23.679214,2025-02-26 02:04:37.401279,13.722065
channel-188,190605,30362344,30362357,13,2025-02-26 02:04:28.364406,2025-02-26 02:04:44.117177,15.752771
channel-143,128491,30362383,30362394,11,2025-02-26 02:05:19.759728,2025-02-26 02:05:32.307529,12.547801
channel-0,4040478,30362389,30362398,9,2025-02-26 02:05:26.776749,2025-02-26 02:05:38.145773,11.369024
channel-326,538547,30362395,30362400,5,2025-02-26 02:05:33.520679,2025-02-26 02:05:40.660535,7.139856
channel-0,4040479,30362409,30362420,11,2025-02-26 02:05:52.352166,2025-02-26 02:06:05.859443,13.507277
channel-0,4040480,30362414,30362424,10,2025-02-26 02:05:58.085570,2025-02-26 02:06:12.218522,14.132952
channel-122,668433,30362430,30362433,3,2025-02-26 02:06:19.506177,2025-02-26 02:06:22.934870,3.428693
channel-1429,140831,30362444,30362455,11,2025-02-26 02:06:36.424524,2025-02-26 02:06:48.715724,12.2912
channel-1429,140832,30362468,30362478,10,2025-02-26 02:07:05.539022,2025-02-26 02:07:17.697850,12.158828
channel-0,4040481,30362481,30362491,10,2025-02-26 02:07:21.108822,2025-02-26 02:07:33.474375,12.365553
channel-72,516496,30362483,30362511,28,2025-02-26 02:07:23.264155,2025-02-26 02:08:00.203753,36.939598
channel-492,20136,30362492,30362503,11,2025-02-26 02:07:34.671843,2025-02-26 02:07:48.224359,13.552516
channel-0,4040482,30362498,30362507,9,2025-02-26 02:07:42.480816,2025-02-26 02:07:53.915753,11.434937
channel-72,516497,30362507,30362561,54,2025-02-26 02:07:53.915753,2025-02-26 02:08:59.668423,65.75267
channel-85077,61177,30362512,30362524,12,2025-02-26 02:08:01.395997,2025-02-26 02:08:15.180613,13.784616
channel-0,4040483,30362515,30362524,9,2025-02-26 02:08:04.749342,2025-02-26 02:08:15.180613,10.431271
channel-0,4040484,30362543,30362555,12,2025-02-26 02:08:38.542780,2025-02-26 02:08:53.007953,14.465173
channel-5,184381,30362545,30362557,12,2025-02-26 02:08:40.817987,2025-02-26 02:08:55.260176,14.442189
channel-6994,1326104,30362552,30362566,14,2025-02-26 02:08:48.532913,2025-02-26 02:09:06.750115,18.217202
channel-326,538548,30362562,30362570,8,2025-02-26 02:09:00.756676,2025-02-26 02:09:11.080211,10.323535
channel-522,40453,30362570,30362577,7,2025-02-26 02:09:11.080211,2025-02-26 02:09:22.217747,11.137536
channel-0,4040485,30362577,30362587,10,2025-02-26 02:09:22.217747,2025-02-26 02:09:34.548108,12.330361
channel-874,293549,30362582,30362587,5,2025-02-26 02:09:28.658413,2025-02-26 02:09:34.548108,5.889695
channel-251,85291,30362584,30362596,12,2025-02-26 02:09:30.903904,2025-02-26 02:09:46.301397,15.397493
channel-115,20438,30362597,30362605,8,2025-02-26 02:09:47.429518,2025-02-26 02:09:57.863942,10.434424
channel-6994,1326105,30362601,30362609,8,2025-02-26 02:09:52.200615,2025-02-26 02:10:02.373562,10.172947
channel-750,685315,30362602,30362643,41,2025-02-26 02:09:54.469883,2025-02-26 02:10:44.486872,50.016989
channel-85077,61178,30362607,30362621,14,2025-02-26 02:10:00.041393,2025-02-26 02:10:16.241547,16.200154
channel-0,4040486,30362615,30362624,9,2025-02-26 02:10:09.460749,2025-02-26 02:10:20.572812,11.112063
channel-85077,61179,30362617,30362626,9,2025-02-26 02:10:11.845618,2025-02-26 02:10:23.050512,11.204894
channel-85077,61180,30362620,30362631,11,2025-02-26 02:10:15.160492,2025-02-26 02:10:30.670110,15.509618
channel-6994,1326106,30362624,30362632,8,2025-02-26 02:10:20.572812,2025-02-26 02:10:31.755109,11.182297
channel-251,85292,30362627,30362639,12,2025-02-26 02:10:25.265863,2025-02-26 02:10:39.754995,14.489132
channel-75,845404,30362628,30362645,17,2025-02-26 02:10:26.437671,2025-02-26 02:10:46.695451,20.25778
channel-259,314483,30362634,30362641,7,2025-02-26 02:10:33.968804,2025-02-26 02:10:42.312509,8.343705
channel-0,4040487,30362636,30362641,5,2025-02-26 02:10:36.284120,2025-02-26 02:10:42.312509,6.028389
channel-85077,61181,30362637,30362646,9,2025-02-26 02:10:37.494880,2025-02-26 02:10:48.029058,10.534178
channel-85077,61182,30362650,30362661,11,2025-02-26 02:10:52.593997,2025-02-26 02:11:06.094408,13.500411
channel-6994,1326107,30362657,30362670,13,2025-02-26 02:11:01.648740,2025-02-26 02:11:16.682014,15.033274
channel-75,845405,30362662,30362671,9,2025-02-26 02:11:07.205233,2025-02-26 02:11:17.797952,10.592719
channel-85077,61183,30362665,30362676,11,2025-02-26 02:11:10.875863,2025-02-26 02:11:23.525691,12.649828
channel-238,10101,30362667,30362689,22,2025-02-26 02:11:13.067460,2025-02-26 02:11:41.725969,28.658509
channel-85077,61184,30362680,30362688,8,2025-02-26 02:11:29.024834,2025-02-26 02:11:40.631118,11.606284
channel-208,1491159,30362684,30362692,8,2025-02-26 02:11:36.184353,2025-02-26 02:11:46.019083,9.83473
channel-85077,61185,30362686,30362694,8,2025-02-26 02:11:38.340955,2025-02-26 02:11:48.381703,10.040748
channel-6994,1326108,30362700,30362712,12,2025-02-26 02:11:56.790768,2025-02-26 02:12:13.754824,16.964056
channel-204,670877,30362704,30362712,8,2025-02-26 02:12:02.709761,2025-02-26 02:12:13.754824,11.045063
channel-85077,61186,30362708,30362716,8,2025-02-26 02:12:07.753223,2025-02-26 02:12:18.421268,10.668045
channel-85077,61187,30362716,30362724,8,2025-02-26 02:12:18.421268,2025-02-26 02:12:28.567179,10.145911
channel-0,4040488,30362722,30362733,11,2025-02-26 02:12:26.407347,2025-02-26 02:12:38.927908,12.520561
channel-782,310298,30362728,30362734,6,2025-02-26 02:12:33.225312,2025-02-26 02:12:40.204449,6.979137
channel-85077,61188,30362729,30362749,20,2025-02-26 02:12:34.363374,2025-02-26 02:12:59.759490,25.396116
channel-1,408737,30362744,30362758,14,2025-02-26 02:12:52.302783,2025-02-26 02:13:09.935822,17.633039
channel-85077,61189,30362748,30362758,10,2025-02-26 02:12:57.681515,2025-02-26 02:13:09.935822,12.254307
channel-0,4040489,30362762,30362774,12,2025-02-26 02:13:14.802879,2025-02-26 02:13:30.690846,15.887967
channel-85077,61190,30362764,30362773,9,2025-02-26 02:13:17.085050,2025-02-26 02:13:29.629657,12.544607
channel-0,4040490,30362768,30362777,9,2025-02-26 02:13:21.928340,2025-02-26 02:13:34.001050,12.07271
channel-1,408738,30362775,30362783,8,2025-02-26 02:13:31.836598,2025-02-26 02:13:45.591573,13.754975
channel-0,4040491,30362781,30362790,9,2025-02-26 02:13:43.364474,2025-02-26 02:13:54.591389,11.226915
channel-0,4040492,30362784,30362795,11,2025-02-26 02:13:46.686857,2025-02-26 02:14:01.472903,14.786046
channel-85077,61191,30362786,30362796,10,2025-02-26 02:13:50.009755,2025-02-26 02:14:02.605997,12.596242
channel-0,4040493,30362797,30362807,10,2025-02-26 02:14:03.788298,2025-02-26 02:14:15.376034,11.587736
channel-0,4040494,30362798,30362812,14,2025-02-26 02:14:04.925660,2025-02-26 02:14:21.229130,16.30347
channel-85077,61192,30362798,30362808,10,2025-02-26 02:14:04.925660,2025-02-26 02:14:16.720028,11.794368
channel-38946,124370,30362802,30362817,15,2025-02-26 02:14:09.538476,2025-02-26 02:14:28.145577,18.607101
channel-0,4040495,30362808,30362816,8,2025-02-26 02:14:16.720028,2025-02-26 02:14:26.911423,10.191395
channel-1,408739,30362810,30362822,12,2025-02-26 02:14:18.988714,2025-02-26 02:14:34.049316,15.060602
channel-85077,61193,30362812,30362825,13,2025-02-26 02:14:21.229130,2025-02-26 02:14:37.578302,16.349172
channel-251,85293,30362817,30362827,10,2025-02-26 02:14:28.145577,2025-02-26 02:14:39.808888,11.663311
channel-750,685316,30362821,30362835,14,2025-02-26 02:14:32.895570,2025-02-26 02:14:49.126853,16.231283
channel-0,4040496,30362823,30362832,9,2025-02-26 02:14:35.151397,2025-02-26 02:14:45.867389,10.715992
channel-85077,61194,30362826,30362837,11,2025-02-26 02:14:38.720052,2025-02-26 02:14:51.620506,12.900454
channel-750,685317,30362832,30362844,12,2025-02-26 02:14:45.867389,2025-02-26 02:15:01.833792,15.966403
channel-1429,140833,30362836,30362843,7,2025-02-26 02:14:50.371416,2025-02-26 02:14:59.675865,9.304449
channel-0,4040497,30362850,30362861,11,2025-02-26 02:15:08.542301,2025-02-26 02:15:23.368358,14.826057
channel-77,50269,30362853,30362864,11,2025-02-26 02:15:13.523604,2025-02-26 02:15:27.260771,13.737167
channel-85077,61195,30362854,30362866,12,2025-02-26 02:15:14.646688,2025-02-26 02:15:29.567747,14.921059
channel-0,4040498,30362856,30362864,8,2025-02-26 02:15:16.918572,2025-02-26 02:15:27.260771,10.342199
channel-0,4040499,30362858,30362869,11,2025-02-26 02:15:19.229638,2025-02-26 02:15:33.172961,13.943323
channel-1429,140834,30362858,30362871,13,2025-02-26 02:15:19.229638,2025-02-26 02:15:35.337418,16.10778
channel-0,4040500,30362858,30362869,11,2025-02-26 02:15:19.229638,2025-02-26 02:15:33.172961,13.943323
channel-85077,61196,30362858,30362887,29,2025-02-26 02:15:19.229638,2025-02-26 02:15:54.790801,35.561163
channel-6994,1326109,30362872,30362883,11,2025-02-26 02:15:36.641811,2025-02-26 02:15:50.336654,13.694843
channel-750,685318,30362874,30362892,18,2025-02-26 02:15:40.054727,2025-02-26 02:16:01.552754,21.498027
channel-85077,61197,30362875,30362887,12,2025-02-26 02:15:41.126189,2025-02-26 02:15:54.790801,13.664612
channel-320,119292,30362878,30362895,17,2025-02-26 02:15:44.431209,2025-02-26 02:16:04.923434,20.492225
channel-85077,61198,30362889,30362898,9,2025-02-26 02:15:57.075321,2025-02-26 02:16:09.545252,12.469931
channel-122,668434,30362890,30362895,5,2025-02-26 02:15:58.170944,2025-02-26 02:16:04.923434,6.75249
channel-750,685319,30362891,30362895,4,2025-02-26 02:15:59.284509,2025-02-26 02:16:04.923434,5.638925
channel-412,64669,30362891,30362902,11,2025-02-26 02:15:59.284509,2025-02-26 02:16:14.144637,14.860128
channel-6994,1326110,30362892,30362901,9,2025-02-26 02:16:01.552754,2025-02-26 02:16:13.036476,11.483722
channel-0,4040501,30362896,30362909,13,2025-02-26 02:16:07.155475,2025-02-26 02:16:22.291640,15.136165
channel-874,293550,30362897,30362922,25,2025-02-26 02:16:08.358062,2025-02-26 02:16:37.145257,28.787195
channel-750,685320,30362899,30362907,8,2025-02-26 02:16:10.707907,2025-02-26 02:16:19.867286,9.159379
channel-85077,61199,30362899,30362911,12,2025-02-26 02:16:10.707907,2025-02-26 02:16:24.605840,13.897933
channel-750,685321,30362902,30362916,14,2025-02-26 02:16:14.144637,2025-02-26 02:16:30.520545,16.375908
channel-0,4040502,30362907,30362920,13,2025-02-26 02:16:19.867286,2025-02-26 02:16:34.923047,15.055761
channel-326,538549,30362920,30362926,6,2025-02-26 02:16:34.923047,2025-02-26 02:16:42.347557,7.42451
channel-259,314484,30362924,30362932,8,2025-02-26 02:16:39.446863,2025-02-26 02:16:51.508454,12.061591
channel-85077,61200,30362925,30362933,8,2025-02-26 02:16:40.678417,2025-02-26 02:16:52.588483,11.910066
channel-0,4040503,30362929,30362937,8,2025-02-26 02:16:45.934615,2025-02-26 02:16:57.987953,12.053338
channel-85077,61201,30362930,30362948,18,2025-02-26 02:16:46.998554,2025-02-26 02:17:14.461146,27.462592
channel-6994,1326111,30362931,30362940,9,2025-02-26 02:16:49.200584,2025-02-26 02:17:03.965583,14.764999
channel-750,685322,30362934,30362945,11,2025-02-26 02:16:54.643141,2025-02-26 02:17:10.042409,15.399268
channel-0,4040504,30362936,30362946,10,2025-02-26 02:16:56.790223,2025-02-26 02:17:12.218654,15.428431
channel-0,4040505,30362937,30362946,9,2025-02-26 02:16:57.987953,2025-02-26 02:17:12.218654,14.230701
channel-1429,140835,30362939,30362948,9,2025-02-26 02:17:01.688028,2025-02-26 02:17:14.461146,12.773118
channel-326,538550,30362944,30362951,7,2025-02-26 02:17:08.833344,2025-02-26 02:17:17.753357,8.920013
channel-75,845406,30362946,30362954,8,2025-02-26 02:17:12.218654,2025-02-26 02:17:22.138588,9.919934
channel-85077,61202,30362946,30362983,37,2025-02-26 02:17:12.218654,2025-02-26 02:17:59.127984,46.90933
channel-6994,1326112,30362955,30362968,13,2025-02-26 02:17:23.325307,2025-02-26 02:17:38.470322,15.145015
channel-0,4040506,30362959,30362972,13,2025-02-26 02:17:27.831863,2025-02-26 02:17:43.353552,15.521689
channel-85077,61203,30362959,30362969,10,2025-02-26 02:17:27.831863,2025-02-26 02:17:39.844835,12.012972
channel-0,4040507,30362965,30362975,10,2025-02-26 02:17:35.129948,2025-02-26 02:17:46.675177,11.545229
channel-259,314485,30362972,30362975,3,2025-02-26 02:17:43.353552,2025-02-26 02:17:46.675177,3.321625
channel-113,301377,30362972,30363013,41,2025-02-26 02:17:43.353552,2025-02-26 02:18:37.816927,54.463375
channel-85077,61204,30362975,30362989,14,2025-02-26 02:17:46.675177,2025-02-26 02:18:08.745854,22.070677
channel-72,516498,30362977,30363007,30,2025-02-26 02:17:52.267940,2025-02-26 02:18:31.004448,38.736508
channel-750,685323,30362980,30362994,14,2025-02-26 02:17:55.632509,2025-02-26 02:18:14.491205,18.858696
channel-0,4040508,30362985,30362997,12,2025-02-26 02:18:02.614929,2025-02-26 02:18:17.973650,15.358721
channel-341,3395,30362985,30362993,8,2025-02-26 02:18:02.614929,2025-02-26 02:18:13.396570,10.781641
channel-208,1491160,30362993,30363005,12,2025-02-26 02:18:13.396570,2025-02-26 02:18:28.868272,15.471702
channel-72,516499,30363000,30363056,56,2025-02-26 02:18:22.337984,2025-02-26 02:19:30.741299,68.403315
channel-89298,18768,30363000,30363012,12,2025-02-26 02:18:22.337984,2025-02-26 02:18:36.712240,14.374256
channel-85077,61205,30363004,30363016,12,2025-02-26 02:18:27.766592,2025-02-26 02:18:41.437534,13.670942
channel-0,4040509,30363014,30363026,12,2025-02-26 02:18:39.022851,2025-02-26 02:18:52.774402,13.751551
channel-85077,61206,30363016,30363026,10,2025-02-26 02:18:41.437534,2025-02-26 02:18:52.774402,11.336868
channel-2188,43920,30363017,30363021,4,2025-02-26 02:18:42.541665,2025-02-26 02:18:47.118802,4.577137
channel-874,293551,30363023,30363040,17,2025-02-26 02:18:49.514197,2025-02-26 02:19:12.553186,23.038989
channel-85077,61207,30363031,30363040,9,2025-02-26 02:19:00.111334,2025-02-26 02:19:12.553186,12.441852
channel-113,301378,30363043,30363074,31,2025-02-26 02:19:15.891184,2025-02-26 02:19:53.316828,37.425644
channel-85077,61208,30363044,30363056,12,2025-02-26 02:19:17.064860,2025-02-26 02:19:30.741299,13.676439
channel-85077,61209,30363049,30363059,10,2025-02-26 02:19:22.567384,2025-02-26 02:19:34.253993,11.686609
channel-750,685324,30363068,30363079,11,2025-02-26 02:19:46.405370,2025-02-26 02:19:59.983107,13.577737
channel-522,40454,30363069,30363081,12,2025-02-26 02:19:47.600936,2025-02-26 02:20:02.274083,14.673147
channel-0,4040510,30363072,30363083,11,2025-02-26 02:19:50.978373,2025-02-26 02:20:05.887897,14.909524
channel-2188,43921,30363073,30363077,4,2025-02-26 02:19:52.191792,2025-02-26 02:19:57.598946,5.407154
channel-0,4040511,30363079,30363102,23,2025-02-26 02:19:59.983107,2025-02-26 02:20:29.430064,29.446957
channel-144,86706,30363081,30363092,11,2025-02-26 02:20:02.274083,2025-02-26 02:20:17.548721,15.274638
channel-1,408740,30363083,30363099,16,2025-02-26 02:20:05.887897,2025-02-26 02:20:25.885896,19.997999
channel-6994,1326113,30363087,30363096,9,2025-02-26 02:20:11.689766,2025-02-26 02:20:22.401261,10.711495
channel-0,4040512,30363106,30363136,30,2025-02-26 02:20:34.955521,2025-02-26 02:21:13.338437,38.382916
channel-89321,19591,30363113,30363144,31,2025-02-26 02:20:44.794833,2025-02-26 02:21:22.533686,37.738853
channel-1429,140836,30363121,30363130,9,2025-02-26 02:20:53.564359,2025-02-26 02:21:05.522381,11.958022
channel-199,132929,30363122,30363131,9,2025-02-26 02:20:55.646675,2025-02-26 02:21:06.660220,11.013545
channel-122,668435,30363123,30363127,4,2025-02-26 02:20:56.875740,2025-02-26 02:21:01.885542,5.009802
channel-72,516500,30363126,30363153,27,2025-02-26 02:21:00.544700,2025-02-26 02:21:32.847652,32.302952
channel-85077,61210,30363127,30363138,11,2025-02-26 02:21:01.885542,2025-02-26 02:21:15.735472,13.84993
channel-85186,861,30363130,30363139,9,2025-02-26 02:21:05.522381,2025-02-26 02:21:16.994165,11.471784
channel-750,685325,30363136,30363146,10,2025-02-26 02:21:13.338437,2025-02-26 02:21:24.749512,11.411075
channel-782,310299,30363142,30363150,8,2025-02-26 02:21:20.185738,2025-02-26 02:21:29.419259,9.233521
channel-122,668436,30363150,30363153,3,2025-02-26 02:21:29.419259,2025-02-26 02:21:32.847652,3.428393
channel-72,516501,30363159,30363196,37,2025-02-26 02:21:40.277327,2025-02-26 02:22:30.774062,50.496735
channel-0,4040513,30363162,30363170,8,2025-02-26 02:21:43.912745,2025-02-26 02:21:55.270392,11.357647
channel-750,685326,30363162,30363176,14,2025-02-26 02:21:43.912745,2025-02-26 02:22:01.941122,18.028377
channel-750,685327,30363164,30363173,9,2025-02-26 02:21:46.205944,2025-02-26 02:21:58.611429,12.405485
channel-1429,140837,30363167,30363178,11,2025-02-26 02:21:50.860824,2025-02-26 02:22:04.380749,13.519925
channel-38946,124371,30363176,30363191,15,2025-02-26 02:22:01.941122,2025-02-26 02:22:24.519710,22.578588
channel-89321,19592,30363176,30363181,5,2025-02-26 02:22:01.941122,2025-02-26 02:22:09.102323,7.161201
channel-199,132930,30363181,30363189,8,2025-02-26 02:22:09.102323,2025-02-26 02:22:22.208652,13.106329
channel-750,685328,30363182,30363186,4,2025-02-26 02:22:10.226448,2025-02-26 02:22:18.946588,8.72014
channel-1,408741,30363198,30363204,6,2025-02-26 02:22:32.992402,2025-02-26 02:22:44.163008,11.170606
channel-89298,18769,30363200,30363208,8,2025-02-26 02:22:35.276889,2025-02-26 02:22:50.038763,14.761874
channel-6787,166837,30363200,30363204,4,2025-02-26 02:22:35.276889,2025-02-26 02:22:44.163008,8.886119
channel-1,408742,30363200,30363222,22,2025-02-26 02:22:35.276889,2025-02-26 02:23:08.125464,32.848575
channel-750,685329,30363209,30363219,10,2025-02-26 02:22:51.279719,2025-02-26 02:23:04.813610,13.533891
channel-91017,2937,30363218,30363229,11,2025-02-26 02:23:03.639925,2025-02-26 02:23:16.503518,12.863593
channel-85077,61211,30363226,30363234,8,2025-02-26 02:23:12.932972,2025-02-26 02:23:23.456926,10.523954
channel-2188,43922,30363232,30363236,4,2025-02-26 02:23:21.141873,2025-02-26 02:23:25.740805,4.598932
channel-0,4040514,30363232,30363245,13,2025-02-26 02:23:21.141873,2025-02-26 02:23:35.694740,14.552867
channel-85077,61212,30363241,30363260,19,2025-02-26 02:23:31.219112,2025-02-26 02:23:54.983776,23.764664
channel-85077,61213,30363249,30363260,11,2025-02-26 02:23:42.169032,2025-02-26 02:23:54.983776,12.814744
channel-72,516502,30363264,30363286,22,2025-02-26 02:23:59.463219,2025-02-26 02:24:30.566678,31.103459
channel-750,685330,30363272,30363284,12,2025-02-26 02:24:08.675254,2025-02-26 02:24:28.185427,19.510173
channel-122,668437,30363302,30363305,3,2025-02-26 02:24:48.604583,2025-02-26 02:24:52.067409,3.462826
channel-0,4040515,30363304,30363329,25,2025-02-26 02:24:50.914707,2025-02-26 02:25:23.152729,32.238022
channel-85077,61214,30363306,30363315,9,2025-02-26 02:24:53.260204,2025-02-26 02:25:04.435886,11.175682
channel-6994,1326114,30363307,30363317,10,2025-02-26 02:24:54.397328,2025-02-26 02:25:06.682672,12.285344
channel-0,4040516,30363323,30363353,30,2025-02-26 02:25:14.349892,2025-02-26 02:25:50.786223,36.436331
channel-1,408743,30363323,30363336,13,2025-02-26 02:25:14.349892,2025-02-26 02:25:30.922656,16.572764
channel-750,685331,30363323,30363341,18,2025-02-26 02:25:14.349892,2025-02-26 02:25:36.647528,22.297636
channel-874,293552,30363330,30363336,6,2025-02-26 02:25:24.289009,2025-02-26 02:25:30.922656,6.633647
channel-2188,43923,30363333,30363337,4,2025-02-26 02:25:27.726119,2025-02-26 02:25:32.066496,4.340377
channel-199,132931,30363342,30363350,8,2025-02-26 02:25:37.790530,2025-02-26 02:25:46.946766,9.156236
channel-782,310300,30363353,30363361,8,2025-02-26 02:25:50.786223,2025-02-26 02:25:59.768314,8.982091
channel-0,4040517,30363356,30363369,13,2025-02-26 02:25:54.035846,2025-02-26 02:26:09.247842,15.211996
channel-199,132932,30363359,30363372,13,2025-02-26 02:25:57.632357,2025-02-26 02:26:16.754233,19.121876
channel-1429,140838,30363363,30363372,9,2025-02-26 02:26:02.108340,2025-02-26 02:26:16.754233,14.645893
channel-0,4040518,30363376,30363386,10,2025-02-26 02:26:23.435282,2025-02-26 02:26:35.428461,11.993179
channel-0,4040519,30363377,30363386,9,2025-02-26 02:26:24.548171,2025-02-26 02:26:35.428461,10.88029
channel-750,685332,30363381,30363393,12,2025-02-26 02:26:28.958300,2025-02-26 02:26:44.547804,15.589504
channel-492,20137,30363382,30363394,12,2025-02-26 02:26:31.099807,2025-02-26 02:26:45.867618,14.767811
channel-0,4040520,30363387,30363401,14,2025-02-26 02:26:36.597166,2025-02-26 02:26:53.638941,17.041775
channel-750,685333,30363390,30363398,8,2025-02-26 02:26:41.257489,2025-02-26 02:26:50.282084,9.024595
channel-783,104417,30363391,30363399,8,2025-02-26 02:26:42.286803,2025-02-26 02:26:51.492171,9.205368
channel-251,85294,30363403,30363414,11,2025-02-26 02:27:00.250826,2025-02-26 02:27:14.124632,13.873806
channel-1279,67150,30363409,30363420,11,2025-02-26 02:27:08.413924,2025-02-26 02:27:20.957252,12.543328
channel-238,10102,30363431,30363446,15,2025-02-26 02:27:35.889445,2025-02-26 02:27:53.678398,17.788953
channel-1429,140839,30363435,30363445,10,2025-02-26 02:27:40.567779,2025-02-26 02:27:52.495782,11.928003
channel-0,4040521,30363447,30363458,11,2025-02-26 02:27:55.185001,2025-02-26 02:28:09.562279,14.377278
channel-0,4040522,30363457,30363470,13,2025-02-26 02:28:06.882330,2025-02-26 02:28:23.204350,16.32202
channel-85077,61215,30363475,30363490,15,2025-02-26 02:28:29.990611,2025-02-26 02:28:47.103791,17.11318
channel-85077,61216,30363479,30363490,11,2025-02-26 02:28:34.594036,2025-02-26 02:28:47.103791,12.509755
channel-6994,1326115,30363484,30363493,9,2025-02-26 02:28:40.230758,2025-02-26 02:28:51.616631,11.385873
channel-0,4040523,30363492,30363503,11,2025-02-26 02:28:50.387949,2025-02-26 02:29:04.763361,14.375412
channel-1,408744,30363496,30363504,8,2025-02-26 02:28:54.993879,2025-02-26 02:29:05.922721,10.928842
channel-85077,61217,30363498,30363509,11,2025-02-26 02:28:57.218831,2025-02-26 02:29:11.960676,14.741845
channel-208,1491161,30363506,30363520,14,2025-02-26 02:29:08.317281,2025-02-26 02:29:25.880585,17.563304
channel-0,4040524,30363517,30363525,8,2025-02-26 02:29:22.450609,2025-02-26 02:29:31.625933,9.175324
channel-75,845407,30363520,30363527,7,2025-02-26 02:29:25.880585,2025-02-26 02:29:33.896483,8.015898
channel-874,293553,30363526,30363537,11,2025-02-26 02:29:32.837121,2025-02-26 02:29:46.382667,13.545546
channel-874,293554,30363536,30363541,5,2025-02-26 02:29:45.297785,2025-02-26 02:29:52.507352,7.209567
channel-85077,61218,30363537,30363548,11,2025-02-26 02:29:46.382667,2025-02-26 02:30:00.653036,14.270369
channel-1,408745,30363545,30363557,12,2025-02-26 02:29:56.958904,2025-02-26 02:30:12.085436,15.126532
channel-0,4040525,30363548,30363581,33,2025-02-26 02:30:00.653036,2025-02-26 02:30:41.915368,41.262332
channel-750,685334,30363561,30363572,11,2025-02-26 02:30:16.773786,2025-02-26 02:30:31.529849,14.756063
channel-0,4040526,30363573,30363604,31,2025-02-26 02:30:32.727272,2025-02-26 02:31:12.615885,39.888613
channel-85077,61219,30363574,30363583,9,2025-02-26 02:30:33.814560,2025-02-26 02:30:44.405129,10.590569
channel-1575,15207,30363580,30363593,13,2025-02-26 02:30:40.850443,2025-02-26 02:30:55.791245,14.940802
channel-0,4040527,30363593,30363604,11,2025-02-26 02:30:55.791245,2025-02-26 02:31:12.615885,16.82464
channel-750,685335,30363595,30363605,10,2025-02-26 02:30:58.078843,2025-02-26 02:31:13.785194,15.706351
channel-750,685336,30363637,30363649,12,2025-02-26 02:31:55.041645,2025-02-26 02:32:09.737246,14.695601
channel-0,4040528,30363640,30363651,11,2025-02-26 02:31:58.285109,2025-02-26 02:32:12.210185,13.925076
channel-208,1491162,30363648,30363661,13,2025-02-26 02:32:08.594856,2025-02-26 02:32:23.788538,15.193682
channel-181,13601,30363654,30363667,13,2025-02-26 02:32:15.840700,2025-02-26 02:32:31.686922,15.846222
channel-0,4040529,30363700,30363711,11,2025-02-26 02:33:15.119230,2025-02-26 02:33:30.999746,15.880516
channel-750,685337,30363703,30363712,9,2025-02-26 02:33:19.650234,2025-02-26 02:33:32.116499,12.466265
channel-1,408746,30363705,30363713,8,2025-02-26 02:33:22.990174,2025-02-26 02:33:37.433856,14.443682
channel-85077,61220,30363715,30363726,11,2025-02-26 02:33:39.653972,2025-02-26 02:33:52.148344,12.494372
channel-0,4040530,30363727,30363737,10,2025-02-26 02:33:53.461655,2025-02-26 02:34:04.623204,11.161549
channel-1,408747,30363734,30363744,10,2025-02-26 02:34:01.365441,2025-02-26 02:34:13.844038,12.478597
channel-122,668438,30363771,30363775,4,2025-02-26 02:34:48.237287,2025-02-26 02:34:52.658098,4.420811
channel-750,685338,30363772,30363785,13,2025-02-26 02:34:49.352721,2025-02-26 02:35:04.419505,15.066784
channel-412,64670,30363785,30363799,14,2025-02-26 02:35:04.419505,2025-02-26 02:35:20.078354,15.658849
channel-0,4040531,30363801,30363809,8,2025-02-26 02:35:23.972169,2025-02-26 02:35:34.076713,10.104544
channel-85077,61221,30363807,30363816,9,2025-02-26 02:35:31.578405,2025-02-26 02:35:43.067939,11.489534
channel-0,4040532,30363811,30363820,9,2025-02-26 02:35:36.330590,2025-02-26 02:35:52.191508,15.860918
channel-767,14391,30363818,30363829,11,2025-02-26 02:35:48.900199,2025-02-26 02:36:02.314568,13.414369
channel-750,685339,30363819,30363835,16,2025-02-26 02:35:50.076010,2025-02-26 02:36:09.276143,19.200133
channel-6897,5654,30363821,30363830,9,2025-02-26 02:35:53.457466,2025-02-26 02:36:03.417247,9.959781
channel-184,137465,30363838,30363849,11,2025-02-26 02:36:13.376671,2025-02-26 02:36:27.199467,13.822796
channel-0,4040533,30363850,30363862,12,2025-02-26 02:36:28.306250,2025-02-26 02:36:43.531503,15.225253
channel-1,408748,30363861,30363872,11,2025-02-26 02:36:42.306467,2025-02-26 02:36:57.221717,14.91525
channel-412,64671,30363868,30363877,9,2025-02-26 02:36:51.539504,2025-02-26 02:37:03.903601,12.364097
channel-89298,18770,30363869,30363878,9,2025-02-26 02:36:52.608405,2025-02-26 02:37:05.038426,12.430021
channel-0,4040534,30363869,30363881,12,2025-02-26 02:36:52.608405,2025-02-26 02:37:08.614992,16.006587
channel-1,408749,30363872,30363887,15,2025-02-26 02:36:57.221717,2025-02-26 02:37:15.208690,17.986973
channel-1,408750,30363875,30363887,12,2025-02-26 02:37:01.743494,2025-02-26 02:37:15.208690,13.465196
channel-85077,61222,30363911,30363921,10,2025-02-26 02:37:45.419040,2025-02-26 02:37:58.010705,12.591665
channel-0,4040535,30363917,30363925,8,2025-02-26 02:37:52.485303,2025-02-26 02:38:02.883931,10.398628
channel-750,685340,30363941,30363953,12,2025-02-26 02:38:22.325359,2025-02-26 02:38:35.966137,13.640778
channel-199,132933,30363946,30363957,11,2025-02-26 02:38:27.947507,2025-02-26 02:38:42.544716,14.597209
channel-122,668439,30363974,30363978,4,2025-02-26 02:39:02.998671,2025-02-26 02:39:10.907451,7.90878
channel-0,4040536,30363984,30363995,11,2025-02-26 02:39:18.198752,2025-02-26 02:39:30.699188,12.500436
channel-0,4040537,30363986,30363995,9,2025-02-26 02:39:20.548868,2025-02-26 02:39:30.699188,10.15032
channel-1,408751,30363991,30364003,12,2025-02-26 02:39:26.294487,2025-02-26 02:39:41.601933,15.307446
channel-208,1491163,30363996,30364008,12,2025-02-26 02:39:31.800198,2025-02-26 02:39:47.752993,15.952795
channel-122,668440,30363998,30364002,4,2025-02-26 02:39:34.940512,2025-02-26 02:39:40.503356,5.562844
channel-0,4040538,30364007,30364016,9,2025-02-26 02:39:46.647762,2025-02-26 02:39:59.924683,13.276921
channel-0,4040539,30364017,30364029,12,2025-02-26 02:40:01.036638,2025-02-26 02:40:18.189332,17.152694
channel-0,4040540,30364018,30364029,11,2025-02-26 02:40:03.279416,2025-02-26 02:40:18.189332,14.909916
channel-122,668441,30364023,30364026,3,2025-02-26 02:40:09.936920,2025-02-26 02:40:14.345117,4.408197
channel-1429,140840,30364039,30364051,12,2025-02-26 02:40:29.465175,2025-02-26 02:40:44.715230,15.250055
channel-412,64672,30364040,30364051,11,2025-02-26 02:40:30.597227,2025-02-26 02:40:44.715230,14.118003
channel-232,49231,30364045,30364059,14,2025-02-26 02:40:36.414398,2025-02-26 02:40:53.660119,17.245721
channel-750,685341,30364062,30364083,21,2025-02-26 02:40:58.129446,2025-02-26 02:41:30.000233,31.870787
channel-750,685342,30364065,30364081,16,2025-02-26 02:41:06.107624,2025-02-26 02:41:27.505814,21.39819
channel-750,685343,30364086,30364100,14,2025-02-26 02:41:33.312371,2025-02-26 02:41:50.620295,17.307924
channel-750,685344,30364092,30364101,9,2025-02-26 02:41:40.235325,2025-02-26 02:41:51.874907,11.639582
channel-2188,43924,30364106,30364110,4,2025-02-26 02:41:57.388652,2025-02-26 02:42:01.960161,4.571509
channel-0,4040541,30364114,30364124,10,2025-02-26 02:42:06.570413,2025-02-26 02:42:19.209762,12.639349
channel-6994,1326116,30364117,30364130,13,2025-02-26 02:42:10.184910,2025-02-26 02:42:26.095725,15.910815
channel-238,10103,30364121,30364136,15,2025-02-26 02:42:14.894616,2025-02-26 02:42:32.928745,18.034129
channel-750,685345,30364127,30364144,17,2025-02-26 02:42:22.707238,2025-02-26 02:42:42.993157,20.285919
channel-0,4040542,30364131,30364141,10,2025-02-26 02:42:27.355481,2025-02-26 02:42:39.629477,12.273996
channel-122,668442,30364148,30364152,4,2025-02-26 02:42:50.325249,2025-02-26 02:42:54.751017,4.425768
channel-20082,9907,30364179,30364317,138,2025-02-26 02:43:30.063815,2025-02-26 02:46:24.245521,174.181706
channel-0,4040543,30364180,30364192,12,2025-02-26 02:43:31.105054,2025-02-26 02:43:45.498106,14.393052
channel-42,1490101,30364212,30364224,12,2025-02-26 02:44:09.616534,2025-02-26 02:44:26.180845,16.564311
channel-6994,1326117,30364231,30364242,11,2025-02-26 02:44:35.904844,2025-02-26 02:44:50.740901,14.836057
channel-19774,346211,30364232,30364237,5,2025-02-26 02:44:37.049326,2025-02-26 02:44:42.862919,5.813593
channel-6994,1326118,30364240,30364250,10,2025-02-26 02:44:47.344812,2025-02-26 02:45:00.925929,13.581117
channel-750,685346,30364264,30364285,21,2025-02-26 02:45:17.004472,2025-02-26 02:45:41.259812,24.25534
channel-208,1491164,30364267,30364279,12,2025-02-26 02:45:20.338162,2025-02-26 02:45:34.337141,13.998979
channel-1,408752,30364270,30364280,10,2025-02-26 02:45:24.042845,2025-02-26 02:45:35.711071,11.668226
channel-208,1491165,30364280,30364292,12,2025-02-26 02:45:35.711071,2025-02-26 02:45:52.776369,17.065298
channel-0,4040544,30364286,30364291,5,2025-02-26 02:45:42.603774,2025-02-26 02:45:50.474430,7.870656
channel-0,4040545,30364286,30364291,5,2025-02-26 02:45:42.603774,2025-02-26 02:45:50.474430,7.870656
channel-0,4040546,30364290,30364301,11,2025-02-26 02:45:49.394564,2025-02-26 02:46:04.090442,14.695878
channel-251,85295,30364317,30364331,14,2025-02-26 02:46:24.245521,2025-02-26 02:46:42.081801,17.83628
channel-216,94336,30364347,30364498,151,2025-02-26 02:47:02.545302,2025-02-26 02:50:17.582756,195.037454
channel-0,4040547,30364353,30364367,14,2025-02-26 02:47:09.892065,2025-02-26 02:47:26.985405,17.09334
channel-89298,18771,30364358,30364370,12,2025-02-26 02:47:16.654093,2025-02-26 02:47:30.229388,13.575295
channel-750,685347,30364379,30364388,9,2025-02-26 02:47:42.604468,2025-02-26 02:47:54.107267,11.502799
channel-320,119293,30364395,30364407,12,2025-02-26 02:48:02.919468,2025-02-26 02:48:18.830760,15.911292
channel-122,668443,30364395,30364399,4,2025-02-26 02:48:02.919468,2025-02-26 02:48:07.889375,4.969907
channel-6994,1326119,30364403,30364412,9,2025-02-26 02:48:12.723863,2025-02-26 02:48:24.726945,12.003082
channel-0,4040548,30364414,30364426,12,2025-02-26 02:48:27.097244,2025-02-26 02:48:40.653095,13.555851
channel-122,668444,30364415,30364419,4,2025-02-26 02:48:28.163816,2025-02-26 02:48:32.710237,4.546421
channel-216,94337,30364423,30364498,75,2025-02-26 02:48:37.083379,2025-02-26 02:50:17.582756,100.499377
channel-0,4040549,30364424,30364433,9,2025-02-26 02:48:38.164314,2025-02-26 02:48:53.715477,15.551163
channel-85077,61223,30364429,30364439,10,2025-02-26 02:48:48.127875,2025-02-26 02:49:01.389690,13.261815
channel-320,119294,30364446,30364462,16,2025-02-26 02:49:09.371409,2025-02-26 02:49:28.576879,19.20547
channel-208,1491166,30364449,30364461,12,2025-02-26 02:49:12.856415,2025-02-26 02:49:27.446755,14.59034
channel-6994,1326120,30364462,30364475,13,2025-02-26 02:49:28.576879,2025-02-26 02:49:44.520467,15.943588
channel-0,4040550,30364468,30364477,9,2025-02-26 02:49:36.196954,2025-02-26 02:49:46.766510,10.569556
channel-750,685348,30364470,30364486,16,2025-02-26 02:49:38.704860,2025-02-26 02:49:59.352162,20.647302
channel-522,40455,30364474,30364483,9,2025-02-26 02:49:43.168835,2025-02-26 02:49:54.891244,11.722409
channel-89298,18772,30364496,30364504,8,2025-02-26 02:50:11.194267,2025-02-26 02:50:25.368008,14.173741
channel-6994,1326121,30364497,30364505,8,2025-02-26 02:50:16.541168,2025-02-26 02:50:27.621046,11.079878
channel-89321,19593,30364505,30364535,30,2025-02-26 02:50:27.621046,2025-02-26 02:51:04.748528,37.127482
channel-750,685349,30364515,30364524,9,2025-02-26 02:50:39.759837,2025-02-26 02:50:50.338532,10.578695
channel-148,16099,30364517,30364525,8,2025-02-26 02:50:42.074022,2025-02-26 02:50:52.530931,10.456909
channel-75755,5558,30364531,30364545,14,2025-02-26 02:51:00.272547,2025-02-26 02:51:16.392849,16.120302
channel-0,4040551,30364534,30364545,11,2025-02-26 02:51:03.549703,2025-02-26 02:51:16.392849,12.843146
channel-19774,346212,30364537,30364546,9,2025-02-26 02:51:07.166081,2025-02-26 02:51:17.591630,10.425549
channel-208,1491167,30364548,30364558,10,2025-02-26 02:51:19.842064,2025-02-26 02:51:31.413628,11.571564
channel-0,4040552,30364550,30364560,10,2025-02-26 02:51:22.434163,2025-02-26 02:51:34.596634,12.162471
channel-208,1491168,30364550,30364563,13,2025-02-26 02:51:22.434163,2025-02-26 02:51:38.231822,15.797659
channel-0,4040553,30364554,30364565,11,2025-02-26 02:51:27.037083,2025-02-26 02:51:41.577839,14.540756
channel-750,685350,30364564,30364575,11,2025-02-26 02:51:39.394614,2025-02-26 02:51:53.877619,14.483005
channel-0,4040554,30364575,30364586,11,2025-02-26 02:51:53.877619,2025-02-26 02:52:11.995034,18.117415
channel-75,845408,30364577,30364586,9,2025-02-26 02:52:01.860133,2025-02-26 02:52:11.995034,10.134901
channel-750,685351,30364600,30364610,10,2025-02-26 02:52:27.874621,2025-02-26 02:52:40.701900,12.827279
channel-783,104418,30364612,30364618,6,2025-02-26 02:52:42.979181,2025-02-26 02:52:50.002402,7.023221
channel-750,685352,30364626,30364637,11,2025-02-26 02:53:00.283688,2025-02-26 02:53:13.774064,13.490376
channel-750,685353,30364629,30364640,11,2025-02-26 02:53:04.882793,2025-02-26 02:53:21.808340,16.925547
channel-750,685354,30364638,30364654,16,2025-02-26 02:53:15.036486,2025-02-26 02:53:38.092350,23.055864
channel-85077,61224,30364639,30364650,11,2025-02-26 02:53:17.377793,2025-02-26 02:53:33.329532,15.951739
channel-750,685355,30364668,30364673,5,2025-02-26 02:53:59.479168,2025-02-26 02:54:07.604620,8.125452
channel-326,538551,30364672,30364686,14,2025-02-26 02:54:05.184160,2025-02-26 02:54:23.210853,18.026693
channel-208,1491169,30364672,30364685,13,2025-02-26 02:54:05.184160,2025-02-26 02:54:22.067195,16.883035
channel-0,4040555,30364672,30364682,10,2025-02-26 02:54:05.184160,2025-02-26 02:54:17.701833,12.517673
channel-0,4040556,30364686,30364697,11,2025-02-26 02:54:23.210853,2025-02-26 02:54:35.957240,12.746387
channel-874,293555,30364692,30364699,7,2025-02-26 02:54:30.278510,2025-02-26 02:54:38.511007,8.232497
channel-1,408753,30364696,30364713,17,2025-02-26 02:54:34.938733,2025-02-26 02:54:56.442007,21.503274
channel-750,685356,30364719,30364735,16,2025-02-26 02:55:03.301336,2025-02-26 02:55:23.405333,20.103997
channel-0,4040557,30364719,30364730,11,2025-02-26 02:55:03.301336,2025-02-26 02:55:17.488591,14.187255
channel-0,4040558,30364720,30364730,10,2025-02-26 02:55:04.383855,2025-02-26 02:55:17.488591,13.104736
channel-750,685357,30364734,30364747,13,2025-02-26 02:55:22.171452,2025-02-26 02:55:39.338683,17.167231
channel-0,4040559,30364735,30364744,9,2025-02-26 02:55:23.405333,2025-02-26 02:55:34.837667,11.432334
channel-208,1491170,30364742,30364749,7,2025-02-26 02:55:32.236305,2025-02-26 02:55:41.540145,9.30384
channel-0,4040560,30364746,30364755,9,2025-02-26 02:55:38.184423,2025-02-26 02:55:52.738640,14.554217
channel-85077,61225,30364751,30364762,11,2025-02-26 02:55:48.110927,2025-02-26 02:56:00.704903,12.593976
channel-199,132934,30364760,30364773,13,2025-02-26 02:55:58.501131,2025-02-26 02:56:14.469086,15.967955
channel-1,408754,30364772,30364787,15,2025-02-26 02:56:13.368910,2025-02-26 02:56:32.315343,18.946433
channel-522,40456,30364783,30364792,9,2025-02-26 02:56:25.685005,2025-02-26 02:56:39.121176,13.436171
channel-750,685358,30364785,30364794,9,2025-02-26 02:56:28.974781,2025-02-26 02:56:42.287334,13.312553
channel-122,668445,30364786,30364789,3,2025-02-26 02:56:31.136788,2025-02-26 02:56:34.564048,3.42726
channel-0,4040561,30364791,30364802,11,2025-02-26 02:56:36.947882,2025-02-26 02:56:51.390215,14.442333
channel-122,668446,30364792,30364796,4,2025-02-26 02:56:39.121176,2025-02-26 02:56:44.642544,5.521368
channel-750,685359,30364794,30364810,16,2025-02-26 02:56:42.287334,2025-02-26 02:57:00.703323,18.415989
channel-750,685360,30364828,30364839,11,2025-02-26 02:57:24.073311,2025-02-26 02:57:40.143687,16.070376
channel-122,668447,30364828,30364831,3,2025-02-26 02:57:24.073311,2025-02-26 02:57:27.611232,3.537921
channel-0,4040562,30364830,30364838,8,2025-02-26 02:57:26.435094,2025-02-26 02:57:35.743657,9.308563
channel-19774,346213,30364836,30364844,8,2025-02-26 02:57:33.359913,2025-02-26 02:57:47.176707,13.816794
channel-750,685361,30364845,30364856,11,2025-02-26 02:57:48.451243,2025-02-26 02:58:04.700563,16.24932
channel-750,685362,30364845,30364856,11,2025-02-26 02:57:48.451243,2025-02-26 02:58:04.700563,16.24932
channel-0,4040563,30364861,30364869,8,2025-02-26 02:58:10.634442,2025-02-26 02:58:21.410043,10.775601
channel-750,685363,30364866,30364881,15,2025-02-26 02:58:16.555600,2025-02-26 02:58:35.911383,19.355783
channel-0,4040564,30364868,30364880,12,2025-02-26 02:58:20.241244,2025-02-26 02:58:34.741096,14.499852
channel-89321,19594,30364869,30364897,28,2025-02-26 02:58:21.410043,2025-02-26 02:58:55.224437,33.814394
channel-783,104419,30364874,30364883,9,2025-02-26 02:58:27.963444,2025-02-26 02:58:38.117007,10.153563
channel-6994,1326122,30364875,30364894,19,2025-02-26 02:58:29.043162,2025-02-26 02:58:51.633009,22.589847
channel-208,1491171,30364880,30364892,12,2025-02-26 02:58:34.741096,2025-02-26 02:58:48.333108,13.592012
channel-98451,105,30364897,30364912,15,2025-02-26 02:58:55.224437,2025-02-26 02:59:13.338371,18.113934
channel-6994,1326123,30364900,30364912,12,2025-02-26 02:58:58.753879,2025-02-26 02:59:13.338371,14.584492
channel-0,4040565,30364901,30364914,13,2025-02-26 02:58:59.877497,2025-02-26 02:59:15.557703,15.680206
channel-750,685364,30364904,30364914,10,2025-02-26 02:59:03.482601,2025-02-26 02:59:15.557703,12.075102
channel-113,301379,30364929,30364946,17,2025-02-26 02:59:38.060044,2025-02-26 02:59:59.478635,21.418591
channel-122,668448,30364938,30364942,4,2025-02-26 02:59:50.560315,2025-02-26 02:59:55.018562,4.458247
channel-522,40457,30364947,30364960,13,2025-02-26 03:00:00.599087,2025-02-26 03:00:17.449911,16.850824
channel-750,685365,30364951,30364965,14,2025-02-26 03:00:06.806776,2025-02-26 03:00:23.095572,16.288796
channel-0,4040566,30364953,30364964,11,2025-02-26 03:00:09.199841,2025-02-26 03:00:21.906920,12.707079
channel-0,4040567,30364960,30364971,11,2025-02-26 03:00:17.449911,2025-02-26 03:00:31.262782,13.812871
channel-0,4040568,30364968,30364978,10,2025-02-26 03:00:27.941927,2025-02-26 03:00:39.620832,11.678905
channel-122,668449,30364971,30364974,3,2025-02-26 03:00:31.262782,2025-02-26 03:00:35.083840,3.821058
channel-91017,2938,30364978,30364994,16,2025-02-26 03:00:39.620832,2025-02-26 03:01:00.248448,20.627616
channel-208,1491172,30364980,30364989,9,2025-02-26 03:00:42.891412,2025-02-26 03:00:53.639404,10.747992
channel-72,516503,30364982,30365017,35,2025-02-26 03:00:45.027472,2025-02-26 03:01:30.536044,45.508572
channel-750,685366,30364984,30364999,15,2025-02-26 03:00:47.171082,2025-02-26 03:01:06.994131,19.823049
channel-0,4040569,30364996,30365007,11,2025-02-26 03:01:03.510976,2025-02-26 03:01:16.345464,12.834488
channel-750,685367,30365006,30365018,12,2025-02-26 03:01:15.222318,2025-02-26 03:01:31.659910,16.437592
channel-98451,106,30365008,30365018,10,2025-02-26 03:01:17.584397,2025-02-26 03:01:31.659910,14.075513
channel-0,4040570,30365012,30365026,14,2025-02-26 03:01:24.847372,2025-02-26 03:01:40.706341,15.858969
channel-6994,1326124,30365012,30365023,11,2025-02-26 03:01:24.847372,2025-02-26 03:01:37.326813,12.479441
channel-1,408755,30365012,30365025,13,2025-02-26 03:01:24.847372,2025-02-26 03:01:39.585690,14.738318
channel-750,685368,30365012,30365027,15,2025-02-26 03:01:24.847372,2025-02-26 03:01:41.843977,16.996605
channel-75755,5559,30365030,30365043,13,2025-02-26 03:01:45.281922,2025-02-26 03:02:01.413852,16.13193
channel-750,685369,30365039,30365070,31,2025-02-26 03:01:56.664786,2025-02-26 03:02:38.364056,41.69927
channel-750,685370,30365039,30365050,11,2025-02-26 03:01:56.664786,2025-02-26 03:02:12.543633,15.878847
channel-199,132935,30365044,30365055,11,2025-02-26 03:02:02.606274,2025-02-26 03:02:18.411073,15.804799
channel-199,132936,30365052,30365063,11,2025-02-26 03:02:14.685067,2025-02-26 03:02:29.830448,15.145381
channel-750,685371,30365056,30365067,11,2025-02-26 03:02:19.593909,2025-02-26 03:02:34.808130,15.214221
channel-782,310301,30365058,30365063,5,2025-02-26 03:02:21.955279,2025-02-26 03:02:29.830448,7.875169
channel-89321,19595,30365061,30365077,16,2025-02-26 03:02:27.485399,2025-02-26 03:02:46.451298,18.965899
channel-642,126565,30365062,30365077,15,2025-02-26 03:02:28.682178,2025-02-26 03:02:46.451298,17.76912
channel-750,685372,30365062,30365074,12,2025-02-26 03:02:28.682178,2025-02-26 03:02:43.116718,14.43454
channel-199,132937,30365072,30365082,10,2025-02-26 03:02:40.710007,2025-02-26 03:02:52.095318,11.385311
channel-750,685373,30365080,30365093,13,2025-02-26 03:02:49.829035,2025-02-26 03:03:06.908838,17.079803
channel-750,685374,30365082,30365094,12,2025-02-26 03:02:52.095318,2025-02-26 03:03:09.584367,17.489049
channel-750,685375,30365084,30365096,12,2025-02-26 03:02:54.321939,2025-02-26 03:03:13.215317,18.893378
channel-750,685376,30365090,30365105,15,2025-02-26 03:03:02.402703,2025-02-26 03:03:24.758413,22.35571
channel-783,104420,30365100,30365107,7,2025-02-26 03:03:18.218456,2025-02-26 03:03:28.180671,9.962215
channel-750,685377,30365101,30365125,24,2025-02-26 03:03:20.353819,2025-02-26 03:03:49.602566,29.248747
channel-750,685378,30365102,30365112,10,2025-02-26 03:03:21.503475,2025-02-26 03:03:33.791366,12.287891
channel-1,408756,30365103,30365123,20,2025-02-26 03:03:22.594307,2025-02-26 03:03:47.351627,24.75732
channel-199,132938,30365107,30365116,9,2025-02-26 03:03:28.180671,2025-02-26 03:03:38.394450,10.213779
channel-750,685379,30365109,30365122,13,2025-02-26 03:03:30.518262,2025-02-26 03:03:46.312258,15.793996
channel-750,685380,30365117,30365131,14,2025-02-26 03:03:39.515577,2025-02-26 03:03:57.611169,18.095592
channel-320,119295,30365124,30365158,34,2025-02-26 03:03:48.505609,2025-02-26 03:04:31.682829,43.17722
channel-75,845409,30365129,30365136,7,2025-02-26 03:03:55.289001,2025-02-26 03:04:03.605194,8.316193
channel-0,4040571,30365131,30365140,9,2025-02-26 03:03:57.611169,2025-02-26 03:04:08.026229,10.41506
channel-750,685381,30365132,30365149,17,2025-02-26 03:03:59.026816,2025-02-26 03:04:19.790115,20.763299
channel-2,130699,30365133,30365148,15,2025-02-26 03:04:00.108197,2025-02-26 03:04:18.635890,18.527693
channel-199,132939,30365138,30365147,9,2025-02-26 03:04:05.719552,2025-02-26 03:04:17.281800,11.562248
channel-750,685382,30365141,30365153,12,2025-02-26 03:04:09.525474,2025-02-26 03:04:24.606300,15.080826
channel-184,137466,30365144,30365153,9,2025-02-26 03:04:14.006067,2025-02-26 03:04:24.606300,10.600233
channel-341,3396,30365146,30365157,11,2025-02-26 03:04:16.221562,2025-02-26 03:04:30.505625,14.284063
channel-208,1491173,30365152,30365164,12,2025-02-26 03:04:23.370248,2025-02-26 03:04:38.667818,15.29757
channel-113,301380,30365153,30365185,32,2025-02-26 03:04:24.606300,2025-02-26 03:05:05.211208,40.604908
channel-750,685383,30365156,30365171,15,2025-02-26 03:04:29.405483,2025-02-26 03:04:46.346701,16.941218
channel-6787,166838,30365157,30365161,4,2025-02-26 03:04:30.505625,2025-02-26 03:04:35.085304,4.579679
channel-0,4040572,30365167,30365178,11,2025-02-26 03:04:41.832511,2025-02-26 03:04:54.830570,12.998059
channel-750,685384,30365170,30365192,22,2025-02-26 03:04:45.276477,2025-02-26 03:05:17.237648,31.961171
channel-642,126566,30365174,30365183,9,2025-02-26 03:04:49.969739,2025-02-26 03:05:02.012043,12.042304
channel-750,685385,30365174,30365185,11,2025-02-26 03:04:49.969739,2025-02-26 03:05:05.211208,15.241469
channel-750,685386,30365181,30365188,7,2025-02-26 03:04:59.740563,2025-02-26 03:05:12.947582,13.207019
channel-184,137467,30365187,30365197,10,2025-02-26 03:05:11.745859,2025-02-26 03:05:22.944102,11.198243
channel-113,301381,30365188,30365207,19,2025-02-26 03:05:12.947582,2025-02-26 03:05:37.260326,24.312744
channel-0,4040573,30365194,30365204,10,2025-02-26 03:05:19.508252,2025-02-26 03:05:31.426437,11.918185
channel-0,4040574,30365203,30365213,10,2025-02-26 03:05:30.281494,2025-02-26 03:05:44.418044,14.13655
channel-750,685387,30365205,30365217,12,2025-02-26 03:05:33.576370,2025-02-26 03:05:50.183133,16.606763
channel-85077,61226,30365209,30365218,9,2025-02-26 03:05:39.619203,2025-02-26 03:05:51.428127,11.808924
channel-2186,40809,30365212,30365225,13,2025-02-26 03:05:43.340428,2025-02-26 03:05:59.369151,16.028723
channel-750,685388,30365213,30365231,18,2025-02-26 03:05:44.418044,2025-02-26 03:06:06.384888,21.966844
channel-412,64673,30365213,30365223,10,2025-02-26 03:05:44.418044,2025-02-26 03:05:57.055547,12.637503
channel-6994,1326125,30365222,30365232,10,2025-02-26 03:05:55.938874,2025-02-26 03:06:07.473505,11.534631
channel-750,685389,30365224,30365252,28,2025-02-26 03:05:58.201278,2025-02-26 03:06:32.857522,34.656244
channel-184,137468,30365224,30365240,16,2025-02-26 03:05:58.201278,2025-02-26 03:06:16.859299,18.658021
channel-85077,61227,30365226,30365236,10,2025-02-26 03:06:00.565378,2025-02-26 03:06:12.329429,11.764051
channel-750,685390,30365238,30365243,5,2025-02-26 03:06:14.532697,2025-02-26 03:06:20.527013,5.994316
channel-750,685391,30365238,30365252,14,2025-02-26 03:06:14.532697,2025-02-26 03:06:32.857522,18.324825
channel-6994,1326126,30365238,30365249,11,2025-02-26 03:06:14.532697,2025-02-26 03:06:29.216497,14.6838
channel-199,132940,30365248,30365258,10,2025-02-26 03:06:28.155809,2025-02-26 03:06:41.842530,13.686721
channel-750,685392,30365250,30365262,12,2025-02-26 03:06:30.579336,2025-02-26 03:06:49.512975,18.933639
channel-75,845410,30365253,30365258,5,2025-02-26 03:06:35.129330,2025-02-26 03:06:41.842530,6.7132
channel-0,4040575,30365257,30365267,10,2025-02-26 03:06:40.674398,2025-02-26 03:06:55.322493,14.648095
channel-0,4040576,30365260,30365270,10,2025-02-26 03:06:47.207924,2025-02-26 03:07:00.492917,13.284993
channel-750,685393,30365263,30365271,8,2025-02-26 03:06:50.759358,2025-02-26 03:07:02.613173,11.853815
channel-0,4040577,30365279,30365288,9,2025-02-26 03:07:11.573924,2025-02-26 03:07:21.723625,10.149701
channel-783,104421,30365290,30365298,8,2025-02-26 03:07:24.018426,2025-02-26 03:07:33.348315,9.329889
channel-750,685394,30365291,30365317,26,2025-02-26 03:07:25.063302,2025-02-26 03:07:57.341941,32.278639
channel-251,85296,30365334,30365347,13,2025-02-26 03:08:18.301470,2025-02-26 03:08:33.227960,14.92649
channel-750,685395,30365352,30365376,24,2025-02-26 03:08:40.623398,2025-02-26 03:09:12.229179,31.605781
channel-208,1491174,30365380,30365392,12,2025-02-26 03:09:16.990228,2025-02-26 03:09:30.405428,13.4152
channel-0,4040578,30365403,30365411,8,2025-02-26 03:09:44.294606,2025-02-26 03:09:54.528562,10.233956
channel-6994,1326127,30365407,30365418,11,2025-02-26 03:09:49.040279,2025-02-26 03:10:02.435624,13.395345
channel-750,685396,30365412,30365433,21,2025-02-26 03:09:55.667661,2025-02-26 03:10:20.917056,25.249395
channel-0,4040579,30365432,30365440,8,2025-02-26 03:10:19.855986,2025-02-26 03:10:30.963907,11.107921
channel-1,408757,30365440,30365449,9,2025-02-26 03:10:30.963907,2025-02-26 03:10:44.269259,13.305352
channel-0,4040580,30365457,30365469,12,2025-02-26 03:10:53.486486,2025-02-26 03:11:07.250101,13.763615
channel-750,685397,30365466,30365493,27,2025-02-26 03:11:03.856053,2025-02-26 03:11:41.287617,37.431564
channel-0,4040581,30365475,30365486,11,2025-02-26 03:11:18.538072,2025-02-26 03:11:32.143078,13.605006
channel-199,132941,30365475,30365483,8,2025-02-26 03:11:18.538072,2025-02-26 03:11:28.800131,10.262059
channel-326,538552,30365476,30365485,9,2025-02-26 03:11:19.832225,2025-02-26 03:11:31.053038,11.220813
channel-6994,1326128,30365482,30365494,12,2025-02-26 03:11:27.557040,2025-02-26 03:11:43.400052,15.843012
channel-208,1491175,30365505,30365523,18,2025-02-26 03:11:55.898517,2025-02-26 03:12:16.582806,20.684289
channel-6994,1326129,30365517,30365526,9,2025-02-26 03:12:09.732050,2025-02-26 03:12:20.352103,10.620053
channel-750,685398,30365520,30365541,21,2025-02-26 03:12:13.237538,2025-02-26 03:12:40.274901,27.037363
channel-874,293556,30365531,30365537,6,2025-02-26 03:12:26.086779,2025-02-26 03:12:34.534857,8.448078
channel-122,668450,30365532,30365536,4,2025-02-26 03:12:28.733365,2025-02-26 03:12:33.332465,4.5991
channel-115,20439,30365560,30365571,11,2025-02-26 03:13:03.129809,2025-02-26 03:13:17.839892,14.710083
channel-6994,1326130,30365582,30365592,10,2025-02-26 03:13:31.458598,2025-02-26 03:13:44.295128,12.83653
channel-750,685399,30365586,30365609,23,2025-02-26 03:13:36.086436,2025-02-26 03:14:03.700739,27.614303
channel-783,104422,30365588,30365594,6,2025-02-26 03:13:38.388595,2025-02-26 03:13:46.771649,8.383054
channel-259,314486,30365609,30365615,6,2025-02-26 03:14:03.700739,2025-02-26 03:14:12.250940,8.550201
channel-6994,1326131,30365622,30365634,12,2025-02-26 03:14:21.840984,2025-02-26 03:14:36.667146,14.826162
channel-208,1491176,30365634,30365645,11,2025-02-26 03:14:36.667146,2025-02-26 03:14:52.264970,15.597824
channel-0,4040582,30365640,30365650,10,2025-02-26 03:14:45.702904,2025-02-26 03:14:59.304816,13.601912
channel-750,685400,30365641,30365665,24,2025-02-26 03:14:46.855604,2025-02-26 03:15:16.676306,29.820702
channel-0,4040583,30365662,30365669,7,2025-02-26 03:15:13.276699,2025-02-26 03:15:24.596060,11.319361
channel-0,4040584,30365662,30365669,7,2025-02-26 03:15:13.276699,2025-02-26 03:15:24.596060,11.319361
channel-6994,1326132,30365670,30365681,11,2025-02-26 03:15:25.749180,2025-02-26 03:15:40.255831,14.506651
channel-6994,1326133,30365673,30365695,22,2025-02-26 03:15:29.072214,2025-02-26 03:15:57.894695,28.822481
channel-874,293557,30365678,30365696,18,2025-02-26 03:15:35.914925,2025-02-26 03:15:59.208651,23.293726
channel-750,685401,30365687,30365692,5,2025-02-26 03:15:48.765372,2025-02-26 03:15:54.569011,5.803639
channel-165,71478,30365700,30365710,10,2025-02-26 03:16:05.354194,2025-02-26 03:16:17.030295,11.676101
channel-750,685402,30365701,30365724,23,2025-02-26 03:16:06.488257,2025-02-26 03:16:33.785024,27.296767
channel-115,20440,30365723,30365733,10,2025-02-26 03:16:32.681014,2025-02-26 03:16:45.420188,12.739174
channel-85077,61228,30365735,30365744,9,2025-02-26 03:16:47.690180,2025-02-26 03:16:59.197208,11.507028
channel-85077,61229,30365737,30365746,9,2025-02-26 03:16:50.351428,2025-02-26 03:17:02.083064,11.731636
channel-750,685403,30365741,30365750,9,2025-02-26 03:16:54.968452,2025-02-26 03:17:06.653812,11.68536
channel-750,685404,30365743,30365755,12,2025-02-26 03:16:57.127980,2025-02-26 03:17:13.420880,16.2929
channel-75,845411,30365750,30365757,7,2025-02-26 03:17:06.653812,2025-02-26 03:17:15.703945,9.050133
channel-85077,61230,30365755,30365765,10,2025-02-26 03:17:13.420880,2025-02-26 03:17:25.167908,11.747028
channel-750,685405,30365761,30365784,23,2025-02-26 03:17:20.639618,2025-02-26 03:17:48.916923,28.277305
channel-0,4040585,30365781,30365789,8,2025-02-26 03:17:44.445099,2025-02-26 03:17:55.719222,11.274123
channel-750,685406,30365805,30365822,17,2025-02-26 03:18:18.208205,2025-02-26 03:18:38.930683,20.722478
channel-750,685407,30365812,30365836,24,2025-02-26 03:18:27.276991,2025-02-26 03:18:56.328137,29.051146
channel-750,685408,30365835,30365857,22,2025-02-26 03:18:55.099241,2025-02-26 03:19:22.476825,27.377584
channel-874,293558,30365837,30365862,25,2025-02-26 03:18:58.434353,2025-02-26 03:19:28.117020,29.682667
channel-750,685409,30365838,30365869,31,2025-02-26 03:18:59.594448,2025-02-26 03:19:36.246401,36.651953
channel-6994,1326134,30365840,30365849,9,2025-02-26 03:19:01.870112,2025-02-26 03:19:12.164429,10.294317
channel-6994,1326135,30365840,30365849,9,2025-02-26 03:19:01.870112,2025-02-26 03:19:12.164429,10.294317
channel-199,132942,30365841,30365870,29,2025-02-26 03:19:03.185084,2025-02-26 03:19:38.311860,35.126776
channel-89321,19596,30365851,30365859,8,2025-02-26 03:19:14.399502,2025-02-26 03:19:24.896759,10.497257
channel-76971,12260,30365855,30365875,20,2025-02-26 03:19:19.196434,2025-02-26 03:19:47.705154,28.50872
channel-782,310302,30365859,30365865,6,2025-02-26 03:19:24.896759,2025-02-26 03:19:31.655932,6.759173
channel-199,132943,30365867,30365894,27,2025-02-26 03:19:33.999374,2025-02-26 03:20:13.656350,39.656976
channel-0,4040586,30365873,30365892,19,2025-02-26 03:19:43.928323,2025-02-26 03:20:11.278642,27.350319
channel-412,64674,30365873,30365976,103,2025-02-26 03:19:43.928323,2025-02-26 03:21:55.753342,131.825019
channel-750,685410,30365876,30365902,26,2025-02-26 03:19:48.796549,2025-02-26 03:20:23.783092,34.986543
channel-412,64675,30365887,30365976,89,2025-02-26 03:20:05.864684,2025-02-26 03:21:55.753342,109.888658
channel-750,685411,30365888,30365902,14,2025-02-26 03:20:06.915728,2025-02-26 03:20:23.783092,16.867364
channel-412,64676,30365903,30365976,73,2025-02-26 03:20:25.034933,2025-02-26 03:21:55.753342,90.718409
channel-19774,346214,30365923,30365932,9,2025-02-26 03:20:49.019050,2025-02-26 03:21:00.996655,11.977605
channel-412,64677,30365931,30365943,12,2025-02-26 03:20:59.761025,2025-02-26 03:21:14.872112,15.111087
channel-750,685412,30365932,30365957,25,2025-02-26 03:21:00.996655,2025-02-26 03:21:30.879072,29.882417
channel-0,4040587,30365933,30365944,11,2025-02-26 03:21:03.173778,2025-02-26 03:21:16.010946,12.837168
channel-750,685413,30365943,30365959,16,2025-02-26 03:21:14.872112,2025-02-26 03:21:33.353399,18.481287
channel-0,4040588,30365944,30365954,10,2025-02-26 03:21:16.010946,2025-02-26 03:21:27.358283,11.347337
channel-874,293559,30365954,30365970,16,2025-02-26 03:21:27.358283,2025-02-26 03:21:47.610555,20.252272
channel-750,685414,30365957,30365961,4,2025-02-26 03:21:30.879072,2025-02-26 03:21:37.173006,6.293934
channel-750,685415,30365972,30365986,14,2025-02-26 03:21:49.921707,2025-02-26 03:22:08.928077,19.00637
channel-0,4040589,30365986,30366004,18,2025-02-26 03:22:08.928077,2025-02-26 03:22:32.102549,23.174472
channel-0,4040590,30365992,30366004,12,2025-02-26 03:22:16.170603,2025-02-26 03:22:32.102549,15.931946
channel-750,685416,30365995,30366021,26,2025-02-26 03:22:19.682754,2025-02-26 03:22:51.601464,31.91871
channel-750,685417,30366009,30366024,15,2025-02-26 03:22:37.924827,2025-02-26 03:22:55.018353,17.093526
channel-115,20441,30366032,30366042,10,2025-02-26 03:23:06.231474,2025-02-26 03:23:17.984764,11.75329
channel-2188,43925,30366040,30366042,2,2025-02-26 03:23:15.732121,2025-02-26 03:23:17.984764,2.252643
channel-1,408758,30366049,30366064,15,2025-02-26 03:23:29.875925,2025-02-26 03:23:47.917910,18.041985
channel-750,685418,30366056,30366078,22,2025-02-26 03:23:37.982030,2025-02-26 03:24:06.296730,28.3147
channel-750,685419,30366065,30366071,6,2025-02-26 03:23:49.119665,2025-02-26 03:23:56.116036,6.996371
channel-89321,19597,30366066,30366077,11,2025-02-26 03:23:50.350810,2025-02-26 03:24:05.030775,14.679965
channel-0,4040591,30366070,30366081,11,2025-02-26 03:23:54.872250,2025-02-26 03:24:13.027344,18.155094
channel-6994,1326136,30366074,30366084,10,2025-02-26 03:24:01.848618,2025-02-26 03:24:16.273132,14.424514
channel-412,64678,30366077,30366085,8,2025-02-26 03:24:05.030775,2025-02-26 03:24:17.545126,12.514351
channel-750,685420,30366090,30366104,14,2025-02-26 03:24:23.343967,2025-02-26 03:24:40.601541,17.257574
channel-88,467239,30366106,30366118,12,2025-02-26 03:24:42.899691,2025-02-26 03:24:57.343524,14.443833
channel-750,685421,30366122,30366146,24,2025-02-26 03:25:03.016673,2025-02-26 03:25:33.188613,30.17194
channel-0,4040592,30366126,30366138,12,2025-02-26 03:25:08.724751,2025-02-26 03:25:23.605134,14.880383
channel-199,132944,30366131,30366170,39,2025-02-26 03:25:14.451884,2025-02-26 03:26:03.578710,49.126826
channel-783,104423,30366137,30366146,9,2025-02-26 03:25:22.588659,2025-02-26 03:25:33.188613,10.599954
channel-82819,489,30366140,30366152,12,2025-02-26 03:25:26.193633,2025-02-26 03:25:40.336063,14.14243
channel-88,467240,30366143,30366161,18,2025-02-26 03:25:29.696493,2025-02-26 03:25:50.586283,20.88979
channel-199,132945,30366157,30366187,30,2025-02-26 03:25:46.066565,2025-02-26 03:26:26.190230,40.123665
channel-0,4040593,30366158,30366162,4,2025-02-26 03:25:47.235796,2025-02-26 03:25:53.169149,5.933353
channel-89321,19598,30366163,30366171,8,2025-02-26 03:25:54.392862,2025-02-26 03:26:04.787071,10.394209
channel-750,685422,30366165,30366175,10,2025-02-26 03:25:56.596671,2025-02-26 03:26:09.289662,12.692991
channel-750,685423,30366182,30366199,17,2025-02-26 03:26:18.315396,2025-02-26 03:26:41.910196,23.5948
channel-750,685424,30366183,30366195,12,2025-02-26 03:26:19.520830,2025-02-26 03:26:37.378250,17.85742
channel-88,467241,30366186,30366199,13,2025-02-26 03:26:24.989300,2025-02-26 03:26:41.910196,16.920896
channel-750,685425,30366191,30366214,23,2025-02-26 03:26:31.008348,2025-02-26 03:27:00.280140,29.271792
channel-113,301382,30366195,30366241,46,2025-02-26 03:26:37.378250,2025-02-26 03:27:35.535748,58.157498
channel-0,4040594,30366195,30366204,9,2025-02-26 03:26:37.378250,2025-02-26 03:26:47.716781,10.338531
channel-874,293560,30366198,30366218,20,2025-02-26 03:26:40.865582,2025-02-26 03:27:06.550063,25.684481
channel-165,71479,30366204,30366215,11,2025-02-26 03:26:47.716781,2025-02-26 03:27:01.565152,13.848371
channel-750,685426,30366212,30366218,6,2025-02-26 03:26:56.882185,2025-02-26 03:27:06.550063,9.667878
channel-184,137469,30366223,30366240,17,2025-02-26 03:27:14.345200,2025-02-26 03:27:33.418845,19.073645
channel-750,685427,30366261,30366282,21,2025-02-26 03:27:58.034804,2025-02-26 03:28:23.637361,25.602557
channel-750,685428,30366263,30366280,17,2025-02-26 03:28:01.569096,2025-02-26 03:28:21.247877,19.678781
channel-6994,1326137,30366263,30366282,19,2025-02-26 03:28:01.569096,2025-02-26 03:28:23.637361,22.068265
channel-199,132946,30366267,30366279,12,2025-02-26 03:28:06.393216,2025-02-26 03:28:19.960568,13.567352
channel-688,33513,30366268,30366276,8,2025-02-26 03:28:07.510525,2025-02-26 03:28:16.699647,9.189122
channel-412,64679,30366273,30366284,11,2025-02-26 03:28:13.167991,2025-02-26 03:28:29.078903,15.910912
channel-6994,1326138,30366276,30366285,9,2025-02-26 03:28:16.699647,2025-02-26 03:28:30.208541,13.508894
channel-165,71480,30366276,30366285,9,2025-02-26 03:28:16.699647,2025-02-26 03:28:30.208541,13.508894
channel-19774,346215,30366277,30366294,17,2025-02-26 03:28:17.832736,2025-02-26 03:28:41.380859,23.548123
channel-85077,61231,30366282,30366291,9,2025-02-26 03:28:23.637361,2025-02-26 03:28:37.798316,14.160955
channel-750,685429,30366294,30366311,17,2025-02-26 03:28:41.380859,2025-02-26 03:29:06.305211,24.924352
channel-750,685430,30366297,30366305,8,2025-02-26 03:28:44.807733,2025-02-26 03:28:58.460573,13.65284
channel-1429,140841,30366299,30366306,7,2025-02-26 03:28:47.168408,2025-02-26 03:28:59.509000,12.340592
channel-122,668451,30366302,30366304,2,2025-02-26 03:28:50.791681,2025-02-26 03:28:53.196048,2.404367
channel-6994,1326139,30366309,30366317,8,2025-02-26 03:29:04.070305,2025-02-26 03:29:14.457252,10.386947
channel-6994,1326140,30366310,30366321,11,2025-02-26 03:29:05.163760,2025-02-26 03:29:19.350212,14.186452
channel-750,685431,30366321,30366342,21,2025-02-26 03:29:19.350212,2025-02-26 03:29:46.825872,27.47566
channel-874,293561,30366331,30366350,19,2025-02-26 03:29:31.967055,2025-02-26 03:29:56.337287,24.370232
channel-6994,1326141,30366331,30366339,8,2025-02-26 03:29:31.967055,2025-02-26 03:29:42.442524,10.475469
channel-0,4040595,30366339,30366349,10,2025-02-26 03:29:42.442524,2025-02-26 03:29:55.068809,12.626285
channel-750,685432,30366339,30366345,6,2025-02-26 03:29:42.442524,2025-02-26 03:29:50.182702,7.740178
channel-199,132947,30366341,30366351,10,2025-02-26 03:29:45.793041,2025-02-26 03:29:57.454321,11.66128
channel-0,4040596,30366348,30366359,11,2025-02-26 03:29:53.774435,2025-02-26 03:30:07.785737,14.011302
channel-6994,1326142,30366357,30366367,10,2025-02-26 03:30:04.451928,2025-02-26 03:30:17.095074,12.643146
channel-88,467242,30366363,30366377,14,2025-02-26 03:30:12.512243,2025-02-26 03:30:29.547697,17.035454
channel-6994,1326143,30366395,30366425,30,2025-02-26 03:30:52.763251,2025-02-26 03:31:29.193011,36.42976
channel-782,310303,30366400,30366407,7,2025-02-26 03:30:58.569654,2025-02-26 03:31:06.723813,8.154159
channel-750,685433,30366401,30366426,25,2025-02-26 03:30:59.680798,2025-02-26 03:31:30.523877,30.843079
channel-6994,1326144,30366402,30366417,15,2025-02-26 03:31:00.852775,2025-02-26 03:31:19.042549,18.189774
channel-199,132948,30366402,30366410,8,2025-02-26 03:31:00.852775,2025-02-26 03:31:11.331582,10.478807
channel-750,685434,30366418,30366422,4,2025-02-26 03:31:20.101530,2025-02-26 03:31:24.708409,4.606879
channel-208,1491177,30366420,30366428,8,2025-02-26 03:31:22.420004,2025-02-26 03:31:33.947934,11.52793
channel-199,132949,30366423,30366433,10,2025-02-26 03:31:26.871541,2025-02-26 03:31:40.729209,13.857668
channel-750,685435,30366426,30366439,13,2025-02-26 03:31:30.523877,2025-02-26 03:31:47.773744,17.249867
channel-199,132950,30366434,30366443,9,2025-02-26 03:31:41.897494,2025-02-26 03:31:52.307817,10.410323
channel-874,293562,30366453,30366471,18,2025-02-26 03:32:04.800028,2025-02-26 03:32:26.419700,21.619672
channel-750,685436,30366469,30366489,20,2025-02-26 03:32:24.343858,2025-02-26 03:32:48.583370,24.239512
channel-1,408759,30366493,30366503,10,2025-02-26 03:32:54.234687,2025-02-26 03:33:09.966966,15.732279
channel-208,1491178,30366514,30366528,14,2025-02-26 03:33:25.031602,2025-02-26 03:33:40.763491,15.731889
channel-750,685437,30366521,30366539,18,2025-02-26 03:33:32.792552,2025-02-26 03:33:54.612152,21.8196
channel-750,685438,30366532,30366554,22,2025-02-26 03:33:45.734325,2025-02-26 03:34:13.063463,27.329138
channel-85791,3783,30366536,30366542,6,2025-02-26 03:33:50.190663,2025-02-26 03:33:58.107163,7.9165
channel-750,685439,30366560,30366575,15,2025-02-26 03:34:22.989600,2025-02-26 03:34:44.565078,21.575478
channel-0,4040597,30366589,30366632,43,2025-02-26 03:35:00.654468,2025-02-26 03:35:53.578089,52.923621
channel-750,685440,30366590,30366615,25,2025-02-26 03:35:01.740693,2025-02-26 03:35:31.608917,29.868224
channel-6994,1326145,30366594,30366606,12,2025-02-26 03:35:06.164267,2025-02-26 03:35:21.370242,15.205975
channel-320,119296,30366595,30366603,8,2025-02-26 03:35:07.272920,2025-02-26 03:35:17.883167,10.610247
channel-89298,18773,30366596,30366607,11,2025-02-26 03:35:08.510657,2025-02-26 03:35:22.433919,13.923262
channel-750,685441,30366601,30366617,16,2025-02-26 03:35:14.489747,2025-02-26 03:35:35.062423,20.572676
channel-750,685442,30366602,30366619,17,2025-02-26 03:35:16.751477,2025-02-26 03:35:37.382626,20.631149
channel-2,130700,30366627,30366644,17,2025-02-26 03:35:47.658612,2025-02-26 03:36:07.177843,19.519231
channel-85077,61232,30366630,30366642,12,2025-02-26 03:35:51.154756,2025-02-26 03:36:04.718660,13.563904
channel-750,685443,30366646,30366655,9,2025-02-26 03:36:10.439737,2025-02-26 03:36:23.048727,12.60899
channel-750,685444,30366654,30366668,14,2025-02-26 03:36:21.919998,2025-02-26 03:36:43.171307,21.251309
channel-0,4040598,30366662,30366672,10,2025-02-26 03:36:35.016488,2025-02-26 03:36:47.577969,12.561481
channel-750,685445,30366672,30366698,26,2025-02-26 03:36:47.577969,2025-02-26 03:37:19.312178,31.734209
channel-85077,61233,30366687,30366697,10,2025-02-26 03:37:05.584171,2025-02-26 03:37:17.017752,11.433581
channel-750,685446,30366700,30366708,8,2025-02-26 03:37:21.501829,2025-02-26 03:37:33.942849,12.44102
channel-199,132951,30366704,30366713,9,2025-02-26 03:37:25.965431,2025-02-26 03:37:40.466889,14.501458
channel-1,408760,30366705,30366719,14,2025-02-26 03:37:27.183457,2025-02-26 03:37:47.700692,20.517235
channel-94814,3807,30366726,30366733,7,2025-02-26 03:37:58.138204,2025-02-26 03:38:06.436779,8.298575
channel-122,668452,30366728,30366731,3,2025-02-26 03:38:00.407626,2025-02-26 03:38:04.155640,3.748014
channel-750,685447,30366733,30366758,25,2025-02-26 03:38:06.436779,2025-02-26 03:38:41.597996,35.161217
channel-750,685448,30366737,30366759,22,2025-02-26 03:38:14.389465,2025-02-26 03:38:42.671105,28.28164
channel-0,4040599,30366759,30366769,10,2025-02-26 03:38:42.671105,2025-02-26 03:38:54.319172,11.648067
channel-750,685449,30366760,30366775,15,2025-02-26 03:38:43.781344,2025-02-26 03:39:01.103053,17.321709
channel-1,408761,30366772,30366786,14,2025-02-26 03:38:57.647675,2025-02-26 03:39:14.874190,17.226515
channel-750,685450,30366774,30366788,14,2025-02-26 03:39:00.038149,2025-02-26 03:39:17.375385,17.337236
channel-2188,43926,30366776,30366781,5,2025-02-26 03:39:02.334561,2025-02-26 03:39:09.066441,6.73188
channel-750,685451,30366791,30366801,10,2025-02-26 03:39:20.584286,2025-02-26 03:39:33.397237,12.812951
channel-750,685452,30366794,30366815,21,2025-02-26 03:39:24.170157,2025-02-26 03:39:51.604095,27.433938
channel-144,86707,30366804,30366814,10,2025-02-26 03:39:37.795431,2025-02-26 03:39:50.208766,12.413335
channel-122,668453,30366804,30366808,4,2025-02-26 03:39:37.795431,2025-02-26 03:39:42.285597,4.490166
channel-750,685453,30366814,30366828,14,2025-02-26 03:39:50.208766,2025-02-26 03:40:07.849068,17.640302
channel-199,132952,30366815,30366825,10,2025-02-26 03:39:51.604095,2025-02-26 03:40:04.587283,12.983188
channel-143,128492,30366821,30366834,13,2025-02-26 03:39:58.584230,2025-02-26 03:40:15.904271,17.320041
channel-143,128493,30366823,30366834,11,2025-02-26 03:40:00.807653,2025-02-26 03:40:15.904271,15.096618
channel-6994,1326146,30366827,30366835,8,2025-02-26 03:40:06.829882,2025-02-26 03:40:17.043285,10.213403
channel-208,1491179,30366829,30366841,12,2025-02-26 03:40:09.105264,2025-02-26 03:40:25.294978,16.189714
channel-208,1491180,30366836,30366847,11,2025-02-26 03:40:18.181965,2025-02-26 03:40:32.094555,13.91259
channel-750,685454,30366844,30366858,14,2025-02-26 03:40:28.578041,2025-02-26 03:40:46.093715,17.515674
channel-1429,140842,30366844,30366855,11,2025-02-26 03:40:28.578041,2025-02-26 03:40:42.913082,14.335041
channel-750,685455,30366844,30366869,25,2025-02-26 03:40:28.578041,2025-02-26 03:40:59.213109,30.635068
channel-874,293563,30366845,30366869,24,2025-02-26 03:40:29.736497,2025-02-26 03:40:59.213109,29.476612
channel-783,104424,30366847,30366855,8,2025-02-26 03:40:32.094555,2025-02-26 03:40:42.913082,10.818527
channel-750,685456,30366848,30366863,15,2025-02-26 03:40:33.237767,2025-02-26 03:40:51.469923,18.232156
channel-208,1491181,30366868,30366880,12,2025-02-26 03:40:58.014205,2025-02-26 03:41:13.138318,15.124113
channel-326,538553,30366872,30366878,6,2025-02-26 03:41:02.958605,2025-02-26 03:41:10.621963,7.663358
channel-199,132953,30366872,30366885,13,2025-02-26 03:41:02.958605,2025-02-26 03:41:18.661969,15.703364
channel-75,845412,30366878,30366885,7,2025-02-26 03:41:10.621963,2025-02-26 03:41:18.661969,8.040006
channel-208,1491182,30366880,30366889,9,2025-02-26 03:41:13.138318,2025-02-26 03:41:23.145781,10.007463
channel-0,4040600,30366886,30366895,9,2025-02-26 03:41:19.750644,2025-02-26 03:41:31.417525,11.666881
channel-0,4040601,30366889,30366901,12,2025-02-26 03:41:23.145781,2025-02-26 03:41:38.024429,14.878648
channel-750,685457,30366895,30366907,12,2025-02-26 03:41:31.417525,2025-02-26 03:41:44.914657,13.497132
channel-6994,1326147,30366901,30366908,7,2025-02-26 03:41:38.024429,2025-02-26 03:41:50.358003,12.333574
channel-208,1491183,30366907,30366919,12,2025-02-26 03:41:44.914657,2025-02-26 03:42:06.077949,21.163292
channel-87,182912,30366908,30366941,33,2025-02-26 03:41:50.358003,2025-02-26 03:42:36.278866,45.920863
channel-320,119297,30366910,30366922,12,2025-02-26 03:41:55.792181,2025-02-26 03:42:10.042173,14.249992
channel-6994,1326148,30366912,30366922,10,2025-02-26 03:41:57.940662,2025-02-26 03:42:10.042173,12.101511
channel-208,1491184,30366920,30366932,12,2025-02-26 03:42:07.230906,2025-02-26 03:42:23.009033,15.778127
channel-6994,1326149,30366927,30366938,11,2025-02-26 03:42:16.232918,2025-02-26 03:42:31.356821,15.123903
channel-6994,1326150,30366929,30366951,22,2025-02-26 03:42:18.578089,2025-02-26 03:42:47.855975,29.277886
channel-750,685458,30366929,30366939,10,2025-02-26 03:42:18.578089,2025-02-26 03:42:32.634574,14.056485
channel-492,20138,30366932,30366943,11,2025-02-26 03:42:23.009033,2025-02-26 03:42:38.591094,15.582061
channel-0,4040602,30366945,30366954,9,2025-02-26 03:42:40.947373,2025-02-26 03:42:52.509314,11.561941
channel-251,85297,30366951,30366960,9,2025-02-26 03:42:47.855975,2025-02-26 03:42:59.367748,11.511773
channel-874,293564,30366963,30366981,18,2025-02-26 03:43:03.826245,2025-02-26 03:43:25.064327,21.238082
channel-750,685459,30366967,30366990,23,2025-02-26 03:43:08.470704,2025-02-26 03:43:36.810856,28.340152
channel-199,132954,30366989,30366999,10,2025-02-26 03:43:35.694724,2025-02-26 03:43:47.818040,12.123316
channel-97998,61,30366990,30366994,4,2025-02-26 03:43:36.810856,2025-02-26 03:43:41.308616,4.49776
channel-750,685460,30366994,30367010,16,2025-02-26 03:43:41.308616,2025-02-26 03:44:04.908567,23.599951
channel-0,4040603,30366999,30367010,11,2025-02-26 03:43:47.818040,2025-02-26 03:44:04.908567,17.090527
channel-0,4040604,30367015,30367036,21,2025-02-26 03:44:12.802530,2025-02-26 03:44:37.810202,25.007672
channel-750,685461,30367017,30367022,5,2025-02-26 03:44:14.946393,2025-02-26 03:44:20.664971,5.718578
channel-750,685462,30367021,30367040,19,2025-02-26 03:44:19.382557,2025-02-26 03:44:43.379757,23.9972
channel-750,685463,30367032,30367050,18,2025-02-26 03:44:32.170311,2025-02-26 03:44:55.191995,23.021684
channel-750,685464,30367032,30367042,10,2025-02-26 03:44:32.170311,2025-02-26 03:44:45.574002,13.403691
channel-0,4040605,30367051,30367060,9,2025-02-26 03:44:56.372198,2025-02-26 03:45:07.583428,11.21123
channel-0,4040606,30367059,30367080,21,2025-02-26 03:45:06.390964,2025-02-26 03:45:35.958363,29.567399
channel-750,685465,30367078,30367099,21,2025-02-26 03:45:33.709715,2025-02-26 03:46:00.482307,26.772592
channel-750,685466,30367090,30367099,9,2025-02-26 03:45:48.420442,2025-02-26 03:46:00.482307,12.061865
channel-750,685467,30367107,30367119,12,2025-02-26 03:46:09.794067,2025-02-26 03:46:27.852670,18.058603
channel-874,293565,30367117,30367135,18,2025-02-26 03:46:22.345313,2025-02-26 03:46:48.928215,26.582902
channel-6994,1326151,30367143,30367172,29,2025-02-26 03:46:58.228582,2025-02-26 03:47:35.440075,37.211493
channel-750,685468,30367147,30367158,11,2025-02-26 03:47:02.686486,2025-02-26 03:47:17.677001,14.990515
channel-750,685469,30367148,30367171,23,2025-02-26 03:47:05.296176,2025-02-26 03:47:34.307459,29.011283
channel-750,685470,30367149,30367171,22,2025-02-26 03:47:06.409298,2025-02-26 03:47:34.307459,27.898161
channel-412,64680,30367153,30367164,11,2025-02-26 03:47:11.899237,2025-02-26 03:47:24.779996,12.880759
channel-2188,43927,30367155,30367162,7,2025-02-26 03:47:14.296956,2025-02-26 03:47:22.473364,8.176408
channel-85077,61234,30367155,30367167,12,2025-02-26 03:47:14.296956,2025-02-26 03:47:29.909229,15.612273
channel-2188,43928,30367179,30367183,4,2025-02-26 03:47:45.629524,2025-02-26 03:47:51.481925,5.852401
channel-6994,1326152,30367184,30367212,28,2025-02-26 03:47:52.655502,2025-02-26 03:48:25.959278,33.303776
channel-0,4040607,30367191,30367201,10,2025-02-26 03:48:00.589540,2025-02-26 03:48:12.227311,11.637771
channel-2,130701,30367196,30367204,8,2025-02-26 03:48:06.546846,2025-02-26 03:48:15.954207,9.407361
channel-208,1491185,30367211,30367222,11,2025-02-26 03:48:24.883951,2025-02-26 03:48:38.737251,13.8533
channel-750,685471,30367216,30367241,25,2025-02-26 03:48:30.528778,2025-02-26 03:49:02.632712,32.103934
channel-874,293566,30367228,30367254,26,2025-02-26 03:48:46.799052,2025-02-26 03:49:18.476370,31.677318
channel-750,685472,30367230,30367235,5,2025-02-26 03:48:50.109311,2025-02-26 03:48:55.867864,5.758553
channel-199,132955,30367252,30367257,5,2025-02-26 03:49:16.180805,2025-02-26 03:49:26.112989,9.932184
channel-143,128494,30367258,30367267,9,2025-02-26 03:49:27.293523,2025-02-26 03:49:39.979544,12.686021
channel-750,685473,30367261,30367280,19,2025-02-26 03:49:31.986532,2025-02-26 03:49:57.034506,25.047974
channel-750,685474,30367271,30367293,22,2025-02-26 03:49:44.828477,2025-02-26 03:50:12.448302,27.619825
channel-199,132956,30367280,30367293,13,2025-02-26 03:49:57.034506,2025-02-26 03:50:12.448302,15.413796
channel-143,128495,30367283,30367302,19,2025-02-26 03:50:00.105361,2025-02-26 03:50:23.038982,22.933621
channel-143,128496,30367286,30367297,11,2025-02-26 03:50:03.386460,2025-02-26 03:50:16.800235,13.413775
channel-6897,5655,30367291,30367299,8,2025-02-26 03:50:09.980073,2025-02-26 03:50:19.098279,9.118206
channel-199,132957,30367307,30367317,10,2025-02-26 03:50:28.574118,2025-02-26 03:50:41.130507,12.556389
channel-1429,140843,30367314,30367325,11,2025-02-26 03:50:37.425570,2025-02-26 03:50:50.386504,12.960934
channel-750,685475,30367327,30367346,19,2025-02-26 03:50:54.057416,2025-02-26 03:51:21.288165,27.230749
channel-1,408762,30367348,30367361,13,2025-02-26 03:51:23.634919,2025-02-26 03:51:38.252284,14.617365
channel-85077,61235,30367352,30367364,12,2025-02-26 03:51:28.172268,2025-02-26 03:51:41.793600,13.621332
channel-143,128497,30367356,30367373,17,2025-02-26 03:51:32.535996,2025-02-26 03:51:53.926393,21.390397
channel-199,132958,30367370,30367378,8,2025-02-26 03:51:50.559858,2025-02-26 03:52:00.588163,10.028305
channel-208,1491186,30367383,30367395,12,2025-02-26 03:52:06.578307,2025-02-26 03:52:21.246486,14.668179
channel-750,685476,30367388,30367413,25,2025-02-26 03:52:12.207167,2025-02-26 03:52:41.764973,29.557806
channel-0,4040608,30367394,30367407,13,2025-02-26 03:52:19.997894,2025-02-26 03:52:35.008113,15.010219
channel-143,128498,30367418,30367429,11,2025-02-26 03:52:48.684777,2025-02-26 03:53:06.779317,18.09454
channel-75,845413,30367421,30367427,6,2025-02-26 03:52:53.231001,2025-02-26 03:53:00.224305,6.993304
channel-204,670878,30367425,30367432,7,2025-02-26 03:52:57.957153,2025-02-26 03:53:10.276801,12.319648
channel-750,685477,30367430,30367440,10,2025-02-26 03:53:08.073988,2025-02-26 03:53:20.199720,12.125732
channel-750,685478,30367439,30367460,21,2025-02-26 03:53:18.887692,2025-02-26 03:53:43.966040,25.078348
channel-750,685479,30367442,30367465,23,2025-02-26 03:53:23.655265,2025-02-26 03:53:49.822648,26.167383
channel-98451,107,30367456,30367478,22,2025-02-26 03:53:39.369742,2025-02-26 03:54:07.041246,27.671504
channel-1,408763,30367471,30367484,13,2025-02-26 03:53:58.253088,2025-02-26 03:54:14.539487,16.286399
channel-642,126567,30367477,30367487,10,2025-02-26 03:54:05.911019,2025-02-26 03:54:18.055631,12.144612
channel-750,685480,30367496,30367523,27,2025-02-26 03:54:29.934448,2025-02-26 03:55:06.981492,37.047044
channel-6994,1326153,30367503,30367514,11,2025-02-26 03:54:38.670691,2025-02-26 03:54:51.185515,12.514824
channel-750,685481,30367506,30367524,18,2025-02-26 03:54:42.095613,2025-02-26 03:55:08.147303,26.05169
channel-72,516504,30367508,30367564,56,2025-02-26 03:54:44.362359,2025-02-26 03:56:00.111556,75.749197
channel-6994,1326154,30367509,30367529,20,2025-02-26 03:54:45.533432,2025-02-26 03:55:14.351904,28.818472
channel-6994,1326155,30367526,30367535,9,2025-02-26 03:55:10.624311,2025-02-26 03:55:22.430946,11.806635
channel-1,408764,30367543,30367556,13,2025-02-26 03:55:35.079068,2025-02-26 03:55:50.724031,15.644963
channel-6994,1326156,30367550,30367571,21,2025-02-26 03:55:42.907525,2025-02-26 03:56:09.337396,26.429871
channel-91017,2939,30367555,30367644,89,2025-02-26 03:55:49.481225,2025-02-26 03:57:45.681157,116.199932
channel-750,685482,30367558,30367581,23,2025-02-26 03:55:53.180352,2025-02-26 03:56:20.668813,27.488461
channel-326,538554,30367564,30367570,6,2025-02-26 03:56:00.111556,2025-02-26 03:56:08.216750,8.105194
channel-72,516505,30367594,30367632,38,2025-02-26 03:56:37.491510,2025-02-26 03:57:30.335663,52.844153
channel-75,845414,30367606,30367614,8,2025-02-26 03:56:57.446981,2025-02-26 03:57:08.796465,11.349484
channel-750,685483,30367622,30367643,21,2025-02-26 03:57:18.796224,2025-02-26 03:57:44.477386,25.681162
channel-72,516506,30367622,30367656,34,2025-02-26 03:57:18.796224,2025-02-26 03:58:01.031194,42.23497
channel-750,685484,30367683,30367707,24,2025-02-26 03:58:33.678070,2025-02-26 03:59:03.603947,29.925877
channel-73755,5871,30367689,30367698,9,2025-02-26 03:58:43.221728,2025-02-26 03:58:53.834011,10.612283
channel-122,668454,30367719,30367723,4,2025-02-26 03:59:19.357300,2025-02-26 03:59:24.323086,4.965786
channel-89298,18774,30367721,30367731,10,2025-02-26 03:59:22.106900,2025-02-26 03:59:34.835341,12.728441
channel-750,685485,30367738,30367745,7,2025-02-26 03:59:42.932262,2025-02-26 03:59:55.127570,12.195308
channel-750,685486,30367740,30367763,23,2025-02-26 03:59:48.359940,2025-02-26 04:00:17.189763,28.829823
channel-85077,61236,30367740,30367750,10,2025-02-26 03:59:48.359940,2025-02-26 04:00:00.830283,12.470343
channel-750,685487,30367762,30367779,17,2025-02-26 04:00:16.042562,2025-02-26 04:00:36.987842,20.94528
channel-0,4040609,30367774,30367788,14,2025-02-26 04:00:29.513345,2025-02-26 04:00:46.751752,17.238407
channel-750,685488,30367789,30367801,12,2025-02-26 04:00:47.887410,2025-02-26 04:01:03.116630,15.22922
channel-750,685489,30367805,30367827,22,2025-02-26 04:01:07.731231,2025-02-26 04:01:38.403372,30.672141
channel-412,64681,30367812,30367822,10,2025-02-26 04:01:18.807712,2025-02-26 04:01:31.295331,12.487619
channel-88,467243,30367828,30367848,20,2025-02-26 04:01:39.504436,2025-02-26 04:02:02.458500,22.954064
channel-6897,5656,30367831,30367839,8,2025-02-26 04:01:43.051833,2025-02-26 04:01:52.140896,9.089063
channel-750,685490,30367841,30367848,7,2025-02-26 04:01:54.445403,2025-02-26 04:02:02.458500,8.013097
channel-6994,1326157,30367848,30367856,8,2025-02-26 04:02:02.458500,2025-02-26 04:02:12.959174,10.500674
channel-750,685491,30367858,30367871,13,2025-02-26 04:02:15.349288,2025-02-26 04:02:32.580635,17.231347
channel-750,685492,30367865,30367899,34,2025-02-26 04:02:25.009426,2025-02-26 04:03:06.970494,41.961068
channel-6994,1326158,30367873,30367881,8,2025-02-26 04:02:34.757060,2025-02-26 04:02:45.070232,10.313172
channel-208,1491187,30367881,30367892,11,2025-02-26 04:02:45.070232,2025-02-26 04:02:57.816542,12.74631
channel-208,1491188,30367884,30367898,14,2025-02-26 04:02:48.460007,2025-02-26 04:03:05.786165,17.326158
channel-122,668455,30367885,30367889,4,2025-02-26 04:02:49.690501,2025-02-26 04:02:54.153839,4.463338
channel-326,538555,30367887,30367895,8,2025-02-26 04:02:52.045083,2025-02-26 04:03:01.353776,9.308693
channel-750,685493,30367907,30367927,20,2025-02-26 04:03:18.352890,2025-02-26 04:03:42.787208,24.434318
channel-1411,1991,30367916,30367924,8,2025-02-26 04:03:28.803105,2025-02-26 04:03:38.307253,9.504148
channel-113,301383,30367917,30367981,64,2025-02-26 04:03:29.886774,2025-02-26 04:04:58.830573,88.943799
channel-750,685494,30367923,30367945,22,2025-02-26 04:03:37.020004,2025-02-26 04:04:12.934094,35.91409
channel-642,126568,30367930,30367939,9,2025-02-26 04:03:50.368873,2025-02-26 04:04:01.642262,11.273389
channel-1411,1992,30367938,30367944,6,2025-02-26 04:04:00.608330,2025-02-26 04:04:07.543164,6.934834
channel-2694,3329,30367950,30367957,7,2025-02-26 04:04:18.871329,2025-02-26 04:04:31.336538,12.465209
channel-0,4040610,30367955,30367986,31,2025-02-26 04:04:25.958827,2025-02-26 04:05:04.750461,38.791634
channel-750,685495,30367964,30367980,16,2025-02-26 04:04:39.581838,2025-02-26 04:04:57.661408,18.07957
channel-750,685496,30367973,30367998,25,2025-02-26 04:04:49.666722,2025-02-26 04:05:20.166548,30.499826
channel-204,670879,30367973,30367994,21,2025-02-26 04:04:49.666722,2025-02-26 04:05:15.401800,25.735078
channel-6994,1326159,30367989,30367999,10,2025-02-26 04:05:08.684478,2025-02-26 04:05:21.423270,12.738792
channel-0,4040611,30367995,30368006,11,2025-02-26 04:05:16.672905,2025-02-26 04:05:30.592217,13.919312
channel-0,4040612,30368018,30368032,14,2025-02-26 04:05:45.137778,2025-02-26 04:06:01.062002,15.924224
channel-750,685497,30368032,30368060,28,2025-02-26 04:06:01.062002,2025-02-26 04:06:41.338747,40.276745
channel-750,685498,30368037,30368058,21,2025-02-26 04:06:13.104304,2025-02-26 04:06:39.183776,26.079472
channel-0,4040613,30368049,30368060,11,2025-02-26 04:06:28.158368,2025-02-26 04:06:41.338747,13.180379
channel-326,538556,30368052,30368058,6,2025-02-26 04:06:31.397481,2025-02-26 04:06:39.183776,7.786295
channel-75,845415,30368058,30368066,8,2025-02-26 04:06:39.183776,2025-02-26 04:06:48.398408,9.214632
channel-6994,1326160,30368076,30368088,12,2025-02-26 04:07:00.971220,2025-02-26 04:07:14.657336,13.686116
channel-165,71481,30368084,30368095,11,2025-02-26 04:07:10.094351,2025-02-26 04:07:24.168105,14.073754
channel-750,685499,30368100,30368129,29,2025-02-26 04:07:29.790454,2025-02-26 04:08:07.054143,37.263689
channel-750,685500,30368104,30368121,17,2025-02-26 04:07:34.265138,2025-02-26 04:07:57.216118,22.95098
channel-326,538557,30368108,30368115,7,2025-02-26 04:07:38.721804,2025-02-26 04:07:46.525062,7.803258
channel-122,668456,30368115,30368118,3,2025-02-26 04:07:46.525062,2025-02-26 04:07:53.376661,6.851599
channel-232,49232,30368138,30368150,12,2025-02-26 04:08:18.790439,2025-02-26 04:08:34.470566,15.680127
channel-326,538558,30368145,30368152,7,2025-02-26 04:08:28.802572,2025-02-26 04:08:36.854531,8.051959
channel-75,845416,30368160,30368168,8,2025-02-26 04:08:46.430347,2025-02-26 04:08:59.162473,12.732126
channel-750,685501,30368171,30368196,25,2025-02-26 04:09:02.722196,2025-02-26 04:09:34.856136,32.13394
channel-750,685502,30368175,30368189,14,2025-02-26 04:09:07.242756,2025-02-26 04:09:24.476165,17.233409
channel-1575,15208,30368176,30368188,12,2025-02-26 04:09:08.338136,2025-02-26 04:09:23.178318,14.840182
channel-750,685503,30368182,30368198,16,2025-02-26 04:09:16.180587,2025-02-26 04:09:37.182320,21.001733
channel-91017,2940,30368185,30368207,22,2025-02-26 04:09:19.476455,2025-02-26 04:09:49.023955,29.5475
channel-750,685504,30368187,30368198,11,2025-02-26 04:09:21.792378,2025-02-26 04:09:37.182320,15.389942
channel-412,64682,30368199,30368207,8,2025-02-26 04:09:38.371225,2025-02-26 04:09:49.023955,10.65273
channel-6994,1326161,30368206,30368220,14,2025-02-26 04:09:47.903081,2025-02-26 04:10:04.272974,16.369893
channel-750,685505,30368208,30368218,10,2025-02-26 04:09:50.269601,2025-02-26 04:10:01.805530,11.535929
channel-750,685506,30368230,30368253,23,2025-02-26 04:10:16.605215,2025-02-26 04:10:46.139906,29.534691
channel-75,845417,30368237,30368244,7,2025-02-26 04:10:24.883424,2025-02-26 04:10:35.148854,10.26543
channel-208,1491189,30368255,30368264,9,2025-02-26 04:10:48.453762,2025-02-26 04:10:58.599361,10.145599
channel-874,293567,30368275,30368296,21,2025-02-26 04:11:11.104617,2025-02-26 04:11:40.584725,29.480108
channel-85077,61237,30368289,30368295,6,2025-02-26 04:11:28.233528,2025-02-26 04:11:39.383118,11.14959
channel-750,685507,30368290,30368296,6,2025-02-26 04:11:29.356815,2025-02-26 04:11:40.584725,11.22791
channel-750,685508,30368297,30368321,24,2025-02-26 04:11:41.896567,2025-02-26 04:12:11.672113,29.775546
channel-53,19973,30368298,30368324,26,2025-02-26 04:11:42.997441,2025-02-26 04:12:15.049837,32.052396
channel-0,4040614,30368326,30368333,7,2025-02-26 04:12:17.255318,2025-02-26 04:12:27.090395,9.835077
channel-6994,1326162,30368332,30368343,11,2025-02-26 04:12:25.533177,2025-02-26 04:12:42.494476,16.961299
channel-85077,61238,30368334,30368343,9,2025-02-26 04:12:29.401060,2025-02-26 04:12:42.494476,13.093416
channel-783,104425,30368339,30368346,7,2025-02-26 04:12:35.902405,2025-02-26 04:12:45.951837,10.049432
channel-750,685509,30368342,30368350,8,2025-02-26 04:12:40.341712,2025-02-26 04:12:50.614862,10.27315
channel-229,55063,30368342,30368354,12,2025-02-26 04:12:40.341712,2025-02-26 04:12:56.276546,15.934834
channel-750,685510,30368354,30368374,20,2025-02-26 04:12:56.276546,2025-02-26 04:13:23.443503,27.166957
channel-6,66643,30368356,30368384,28,2025-02-26 04:12:58.582366,2025-02-26 04:13:36.826605,38.244239
channel-750,685511,30368361,30368366,5,2025-02-26 04:13:04.386771,2025-02-26 04:13:13.292867,8.906096
channel-88,467244,30368368,30368388,20,2025-02-26 04:13:16.469613,2025-02-26 04:13:42.516113,26.0465
channel-781,11384,30368392,30368397,5,2025-02-26 04:13:47.180939,2025-02-26 04:13:53.064076,5.883137
channel-750,685512,30368395,30368400,5,2025-02-26 04:13:50.746504,2025-02-26 04:13:56.220172,5.473668
channel-750,685513,30368410,30368418,8,2025-02-26 04:14:07.535177,2025-02-26 04:14:16.799661,9.264484
channel-750,685514,30368416,30368437,21,2025-02-26 04:14:14.363649,2025-02-26 04:14:41.491854,27.128205
channel-75,845418,30368420,30368427,7,2025-02-26 04:14:19.074767,2025-02-26 04:14:28.065724,8.990957
channel-85077,61239,30368423,30368431,8,2025-02-26 04:14:22.663014,2025-02-26 04:14:32.672048,10.009034
channel-75755,5560,30368425,30368436,11,2025-02-26 04:14:24.840245,2025-02-26 04:14:40.247753,15.407508
channel-259,314487,30368432,30368438,6,2025-02-26 04:14:34.927057,2025-02-26 04:14:42.569696,7.642639
channel-5,184382,30368446,30368457,11,2025-02-26 04:14:52.000268,2025-02-26 04:15:04.659313,12.659045
channel-98451,108,30368455,30368468,13,2025-02-26 04:15:02.396503,2025-02-26 04:15:21.384806,18.988303
channel-0,4040615,30368461,30368473,12,2025-02-26 04:15:10.234169,2025-02-26 04:15:27.150438,16.916269
channel-75,845419,30368461,30368469,8,2025-02-26 04:15:10.234169,2025-02-26 04:15:22.513843,12.279674
channel-750,685515,30368463,30368477,14,2025-02-26 04:15:15.658664,2025-02-26 04:15:31.418612,15.759948
channel-208,1491190,30368467,30368480,13,2025-02-26 04:15:20.285897,2025-02-26 04:15:35.967443,15.681546
channel-750,685516,30368471,30368493,22,2025-02-26 04:15:24.986131,2025-02-26 04:15:52.321810,27.335679
channel-6994,1326163,30368506,30368516,10,2025-02-26 04:16:08.324418,2025-02-26 04:16:21.323805,12.999387
channel-113,301385,30368517,30368559,42,2025-02-26 04:16:22.412499,2025-02-26 04:17:17.751369,55.33887
channel-750,685517,30368519,30368524,5,2025-02-26 04:16:24.690992,2025-02-26 04:16:30.415484,5.724492
channel-750,685518,30368541,30368560,19,2025-02-26 04:16:50.746845,2025-02-26 04:17:19.915691,29.168846
channel-108,39872,30368551,30368606,55,2025-02-26 04:17:05.736270,2025-02-26 04:18:14.812629,69.076359
channel-750,685519,30368598,30368618,20,2025-02-26 04:18:05.466524,2025-02-26 04:18:31.664762,26.198238
channel-6994,1326164,30368604,30368613,9,2025-02-26 04:18:12.636530,2025-02-26 04:18:24.777948,12.141418
channel-0,4040616,30368607,30368617,10,2025-02-26 04:18:16.227183,2025-02-26 04:18:29.572331,13.345148
channel-781,11385,30368615,30368620,5,2025-02-26 04:18:27.262610,2025-02-26 04:18:33.926878,6.664268
channel-6994,1326165,30368615,30368640,25,2025-02-26 04:18:27.262610,2025-02-26 04:18:59.559257,32.296647
channel-6994,1326166,30368616,30368644,28,2025-02-26 04:18:28.501327,2025-02-26 04:19:04.522007,36.02068
channel-76971,12261,30368617,30368639,22,2025-02-26 04:18:29.572331,2025-02-26 04:18:58.322576,28.750245
channel-6994,1326167,30368642,30368653,11,2025-02-26 04:19:01.976241,2025-02-26 04:19:14.944852,12.968611
channel-783,104426,30368650,30368655,5,2025-02-26 04:19:11.333266,2025-02-26 04:19:18.708903,7.375637
channel-750,685520,30368653,30368671,18,2025-02-26 04:19:14.944852,2025-02-26 04:19:40.398078,25.453226
channel-750,685521,30368673,30368678,5,2025-02-26 04:19:42.626573,2025-02-26 04:19:49.276339,6.649766
channel-6897,5657,30368674,30368680,6,2025-02-26 04:19:43.740649,2025-02-26 04:19:52.454668,8.714019
channel-208,1491191,30368702,30368712,10,2025-02-26 04:20:19.069060,2025-02-26 04:20:30.735127,11.666067
channel-85077,61240,30368708,30368719,11,2025-02-26 04:20:26.117655,2025-02-26 04:20:38.642780,12.525125
channel-783,104427,30368709,30368831,122,2025-02-26 04:20:27.230067,2025-02-26 04:23:05.407690,158.177623
channel-750,685522,30368718,30368739,21,2025-02-26 04:20:37.563222,2025-02-26 04:21:06.281093,28.717871
channel-199,132959,30368770,30368779,9,2025-02-26 04:21:43.010014,2025-02-26 04:21:55.246288,12.236274
channel-750,685523,30368785,30368803,18,2025-02-26 04:22:02.262963,2025-02-26 04:22:28.186364,25.923401
channel-1,408765,30368787,30368802,15,2025-02-26 04:22:04.574099,2025-02-26 04:22:25.969577,21.395478
channel-76971,12262,30368795,30368817,22,2025-02-26 04:22:18.333808,2025-02-26 04:22:47.912342,29.578534
channel-0,4040617,30368818,30368828,10,2025-02-26 04:22:50.238981,2025-02-26 04:23:01.781666,11.542685
channel-6994,1326168,30368826,30368838,12,2025-02-26 04:22:59.331609,2025-02-26 04:23:13.553907,14.222298
channel-148,16100,30368837,30368847,10,2025-02-26 04:23:12.384113,2025-02-26 04:23:23.929534,11.545421
channel-750,685524,30368838,30368857,19,2025-02-26 04:23:13.553907,2025-02-26 04:23:35.729134,22.175227
channel-750,685525,30368841,30368866,25,2025-02-26 04:23:16.939001,2025-02-26 04:23:45.798433,28.859432
channel-85077,61241,30368852,30368863,11,2025-02-26 04:23:30.014486,2025-02-26 04:23:42.493130,12.478644
channel-92956,196,30368860,30368872,12,2025-02-26 04:23:39.082971,2025-02-26 04:23:54.530478,15.447507
channel-75,845420,30368875,30368880,5,2025-02-26 04:23:59.076487,2025-02-26 04:24:05.995798,6.919311
channel-122,668457,30368880,30368884,4,2025-02-26 04:24:05.995798,2025-02-26 04:24:10.692084,4.696286
channel-6994,1326169,30368891,30368903,12,2025-02-26 04:24:21.173669,2025-02-26 04:24:34.942926,13.769257
channel-92956,197,30368891,30368906,15,2025-02-26 04:24:21.173669,2025-02-26 04:24:38.701598,17.527929
channel-750,685526,30368902,30368923,21,2025-02-26 04:24:33.724076,2025-02-26 04:24:59.100474,25.376398
channel-874,293568,30368902,30368919,17,2025-02-26 04:24:33.724076,2025-02-26 04:24:54.401708,20.677632
channel-0,4040618,30368902,30368911,9,2025-02-26 04:24:33.724076,2025-02-26 04:24:44.339846,10.61577
channel-92956,198,30368910,30368920,10,2025-02-26 04:24:43.183429,2025-02-26 04:24:55.734431,12.551002
channel-92956,199,30368929,30368942,13,2025-02-26 04:25:06.786882,2025-02-26 04:25:21.496402,14.70952
channel-750,685527,30368948,30368953,5,2025-02-26 04:25:28.573583,2025-02-26 04:25:34.166585,5.593002
channel-92956,200,30368948,30368961,13,2025-02-26 04:25:28.573583,2025-02-26 04:25:44.402941,15.829358
channel-0,4040619,30368956,30368966,10,2025-02-26 04:25:37.577466,2025-02-26 04:25:51.284403,13.706937
channel-2188,43929,30368958,30368962,4,2025-02-26 04:25:39.931795,2025-02-26 04:25:46.674947,6.743152
channel-750,685528,30368961,30368985,24,2025-02-26 04:25:44.402941,2025-02-26 04:26:19.511302,35.108361
channel-750,685529,30368979,30368985,6,2025-02-26 04:26:07.770246,2025-02-26 04:26:19.511302,11.741056
channel-0,4040620,30368987,30368998,11,2025-02-26 04:26:21.837757,2025-02-26 04:26:36.808142,14.970385
channel-750,685530,30368995,30369009,14,2025-02-26 04:26:32.560776,2025-02-26 04:26:50.438687,17.877911
channel-874,293569,30369009,30369029,20,2025-02-26 04:26:50.438687,2025-02-26 04:27:15.594075,25.155388
channel-750,685531,30369011,30369031,20,2025-02-26 04:26:52.831064,2025-02-26 04:27:17.815529,24.984465
channel-750,685532,30369014,30369019,5,2025-02-26 04:26:57.478939,2025-02-26 04:27:03.250374,5.771435
channel-122,668458,30369020,30369023,3,2025-02-26 04:27:04.382935,2025-02-26 04:27:07.696853,3.313918
channel-750,685533,30369024,30369050,26,2025-02-26 04:27:09.914447,2025-02-26 04:27:39.352354,29.437907
channel-208,1491192,30369055,30369064,9,2025-02-26 04:27:46.043034,2025-02-26 04:27:57.403592,11.360558
channel-88,467245,30369081,30369093,12,2025-02-26 04:28:18.100377,2025-02-26 04:28:33.355171,15.254794
channel-783,104428,30369084,30369093,9,2025-02-26 04:28:21.776396,2025-02-26 04:28:33.355171,11.578775
channel-88,467246,30369085,30369099,14,2025-02-26 04:28:22.966219,2025-02-26 04:28:40.503079,17.53686
channel-750,685534,30369087,30369108,21,2025-02-26 04:28:26.271858,2025-02-26 04:28:53.148359,26.876501
channel-208,1491193,30369092,30369101,9,2025-02-26 04:28:32.159391,2025-02-26 04:28:42.922522,10.763131
channel-85077,61242,30369096,30369106,10,2025-02-26 04:28:36.753823,2025-02-26 04:28:49.593900,12.840077
channel-122,668459,30369097,30369100,3,2025-02-26 04:28:38.039619,2025-02-26 04:28:41.806717,3.767098
channel-326,538559,30369104,30369109,5,2025-02-26 04:28:46.222600,2025-02-26 04:28:54.294700,8.0721
channel-750,685535,30369110,30369114,4,2025-02-26 04:28:55.341670,2025-02-26 04:29:00.314461,4.972791
channel-92956,201,30369129,30369142,13,2025-02-26 04:29:21.780205,2025-02-26 04:29:36.433663,14.653458
channel-750,685536,30369136,30369151,15,2025-02-26 04:29:29.425940,2025-02-26 04:29:47.700606,18.274666
channel-750,685537,30369140,30369160,20,2025-02-26 04:29:34.181143,2025-02-26 04:30:01.328451,27.147308
channel-783,104429,30369142,30369150,8,2025-02-26 04:29:36.433663,2025-02-26 04:29:46.557426,10.123763
channel-92956,202,30369142,30369152,10,2025-02-26 04:29:36.433663,2025-02-26 04:29:48.762963,12.3293
channel-85077,61243,30369148,30369156,8,2025-02-26 04:29:44.336074,2025-02-26 04:29:55.937050,11.600976
channel-0,4040621,30369149,30369159,10,2025-02-26 04:29:45.426083,2025-02-26 04:30:00.225035,14.798952
channel-0,4040622,30369154,30369164,10,2025-02-26 04:29:52.618170,2025-02-26 04:30:06.087482,13.469312
channel-0,4040623,30369165,30369175,10,2025-02-26 04:30:07.340405,2025-02-26 04:30:18.745265,11.40486
channel-750,685538,30369169,30369173,4,2025-02-26 04:30:11.782043,2025-02-26 04:30:16.507160,4.725117
channel-92956,203,30369170,30369176,6,2025-02-26 04:30:12.892027,2025-02-26 04:30:20.007794,7.115767
channel-874,293570,30369170,30369189,19,2025-02-26 04:30:12.892027,2025-02-26 04:30:36.114011,23.221984
channel-251,85298,30369176,30369184,8,2025-02-26 04:30:20.007794,2025-02-26 04:30:30.043980,10.036186
channel-92956,204,30369179,30369192,13,2025-02-26 04:30:24.364525,2025-02-26 04:30:39.470770,15.106245
channel-92956,205,30369197,30369206,9,2025-02-26 04:30:45.200602,2025-02-26 04:31:01.275602,16.075
channel-750,685539,30369200,30369211,11,2025-02-26 04:30:52.892070,2025-02-26 04:31:07.209634,14.317564
channel-6994,1326170,30369201,30369213,12,2025-02-26 04:30:53.968365,2025-02-26 04:31:09.466665,15.4983
channel-750,685540,30369202,30369224,22,2025-02-26 04:30:55.119086,2025-02-26 04:31:24.027034,28.907948
channel-94814,3808,30369204,30369213,9,2025-02-26 04:30:58.760939,2025-02-26 04:31:09.466665,10.705726
channel-92956,206,30369215,30369225,10,2025-02-26 04:31:11.693054,2025-02-26 04:31:25.226517,13.533463
channel-5,184383,30369221,30369233,12,2025-02-26 04:31:20.649495,2025-02-26 04:31:34.505489,13.855994
channel-5,184384,30369241,30369251,10,2025-02-26 04:31:44.418386,2025-02-26 04:32:01.214615,16.796229
channel-92956,207,30369242,30369251,9,2025-02-26 04:31:49.702613,2025-02-26 04:32:01.214615,11.512002
channel-750,685541,30369254,30369278,24,2025-02-26 04:32:06.006154,2025-02-26 04:32:34.600299,28.594145
channel-92956,208,30369259,30369272,13,2025-02-26 04:32:11.659148,2025-02-26 04:32:27.735674,16.076526
channel-750,685542,30369260,30369272,12,2025-02-26 04:32:12.745967,2025-02-26 04:32:27.735674,14.989707
channel-85077,61244,30369275,30369286,11,2025-02-26 04:32:31.250798,2025-02-26 04:32:43.428957,12.178159
channel-874,293571,30369281,30369335,54,2025-02-26 04:32:37.995134,2025-02-26 04:33:47.632686,69.637552
channel-874,293572,30369283,30369300,17,2025-02-26 04:32:40.196704,2025-02-26 04:32:59.380054,19.18335
channel-5,184385,30369288,30369300,12,2025-02-26 04:32:45.675779,2025-02-26 04:32:59.380054,13.704275
channel-85077,61245,30369292,30369302,10,2025-02-26 04:32:50.142434,2025-02-26 04:33:02.877672,12.735238
channel-91017,2941,30369294,30369305,11,2025-02-26 04:32:52.391671,2025-02-26 04:33:07.393563,15.001892
channel-85077,61246,30369300,30369310,10,2025-02-26 04:32:59.380054,2025-02-26 04:33:13.919229,14.539175
channel-2188,43930,30369302,30369306,4,2025-02-26 04:33:02.877672,2025-02-26 04:33:09.509135,6.631463
channel-75,845421,30369305,30369312,7,2025-02-26 04:33:07.393563,2025-02-26 04:33:15.994998,8.601435
channel-750,685543,30369310,30369331,21,2025-02-26 04:33:13.919229,2025-02-26 04:33:42.899209,28.97998
channel-750,685544,30369316,30369326,10,2025-02-26 04:33:20.909365,2025-02-26 04:33:33.959966,13.050601
channel-492,20139,30369329,30369338,9,2025-02-26 04:33:37.480922,2025-02-26 04:33:51.189786,13.708864
channel-750,685545,30369338,30369343,5,2025-02-26 04:33:51.189786,2025-02-26 04:33:56.797511,5.607725
channel-0,4040624,30369349,30369361,12,2025-02-26 04:34:05.608677,2025-02-26 04:34:19.192845,13.584168
channel-92956,209,30369350,30369361,11,2025-02-26 04:34:06.672454,2025-02-26 04:34:19.192845,12.520391
channel-19774,346216,30369350,30369363,13,2025-02-26 04:34:06.672454,2025-02-26 04:34:21.492269,14.819815
channel-750,685546,30369354,30369359,5,2025-02-26 04:34:11.228242,2025-02-26 04:34:17.035187,5.806945
channel-492,20140,30369363,30369376,13,2025-02-26 04:34:21.492269,2025-02-26 04:34:36.870065,15.377796
channel-92956,210,30369374,30369388,14,2025-02-26 04:34:34.772985,2025-02-26 04:34:50.720637,15.947652
channel-750,685547,30369381,30369402,21,2025-02-26 04:34:42.507315,2025-02-26 04:35:07.400375,24.89306
channel-94814,3809,30369391,30369403,12,2025-02-26 04:34:54.072978,2025-02-26 04:35:08.698503,14.625525
channel-92956,211,30369391,30369401,10,2025-02-26 04:34:54.072978,2025-02-26 04:35:06.397519,12.324541
channel-0,4040625,30369403,30369414,11,2025-02-26 04:35:08.698503,2025-02-26 04:35:24.546953,15.84845
channel-144,86708,30369404,30369414,10,2025-02-26 04:35:09.883562,2025-02-26 04:35:24.546953,14.663391
channel-2188,43931,30369416,30369420,4,2025-02-26 04:35:27.640672,2025-02-26 04:35:36.323128,8.682456
channel-874,293573,30369418,30369560,142,2025-02-26 04:35:34.036080,2025-02-26 04:38:31.885494,177.849414
channel-19774,346217,30369423,30369432,9,2025-02-26 04:35:40.689909,2025-02-26 04:35:54.283880,13.593971
channel-750,685548,30369432,30369454,22,2025-02-26 04:35:54.283880,2025-02-26 04:36:20.581489,26.297609
channel-19774,346218,30369449,30369462,13,2025-02-26 04:36:14.870527,2025-02-26 04:36:29.509804,14.639277
channel-38946,124372,30369462,30369473,11,2025-02-26 04:36:29.509804,2025-02-26 04:36:43.433042,13.923238
channel-874,293574,30369467,30369472,5,2025-02-26 04:36:35.321688,2025-02-26 04:36:41.263215,5.941527
channel-750,685549,30369478,30369483,5,2025-02-26 04:36:49.125500,2025-02-26 04:36:54.704592,5.579092
channel-19774,346219,30369479,30369492,13,2025-02-26 04:36:50.182183,2025-02-26 04:37:06.366182,16.183999
channel-208,1491194,30369490,30369500,10,2025-02-26 04:37:04.067234,2025-02-26 04:37:18.514294,14.44706
channel-750,685550,30369498,30369521,23,2025-02-26 04:37:14.371003,2025-02-26 04:37:43.880617,29.509614
channel-0,4040626,30369499,30369509,10,2025-02-26 04:37:15.545617,2025-02-26 04:37:28.892325,13.346708
channel-208,1491195,30369514,30369524,10,2025-02-26 04:37:34.995320,2025-02-26 04:37:47.243221,12.247901
channel-750,685551,30369523,30369540,17,2025-02-26 04:37:46.157853,2025-02-26 04:38:07.083963,20.92611
channel-38946,124373,30369526,30369544,18,2025-02-26 04:37:49.607513,2025-02-26 04:38:12.828229,23.220716
channel-1,408766,30369531,30369555,24,2025-02-26 04:37:56.693570,2025-02-26 04:38:26.422357,29.728787
channel-85077,61247,30369549,30369556,7,2025-02-26 04:38:18.442654,2025-02-26 04:38:27.504410,9.061756
channel-5,184386,30369551,30369560,9,2025-02-26 04:38:20.779742,2025-02-26 04:38:31.885494,11.105752
channel-750,685552,30369553,30369578,25,2025-02-26 04:38:23.210562,2025-02-26 04:38:53.483228,30.272666
channel-208,1491196,30369559,30369573,14,2025-02-26 04:38:30.791484,2025-02-26 04:38:46.404387,15.612903
channel-2188,43932,30369562,30369566,4,2025-02-26 04:38:34.058478,2025-02-26 04:38:38.618872,4.560394
channel-0,4040627,30369566,30369575,9,2025-02-26 04:38:38.618872,2025-02-26 04:38:48.873225,10.254353
channel-165,71482,30369570,30369582,12,2025-02-26 04:38:43.118373,2025-02-26 04:38:58.016074,14.897701
channel-38946,124374,30369574,30369586,12,2025-02-26 04:38:47.690516,2025-02-26 04:39:02.588255,14.897739
channel-750,685553,30369584,30369587,3,2025-02-26 04:39:00.251922,2025-02-26 04:39:07.986984,7.735062
channel-19774,346220,30369586,30369595,9,2025-02-26 04:39:02.588255,2025-02-26 04:39:17.993880,15.405625
channel-165,71483,30369598,30369608,10,2025-02-26 04:39:21.507112,2025-02-26 04:39:37.218206,15.711094
channel-89321,19599,30369607,30369634,27,2025-02-26 04:39:36.106863,2025-02-26 04:40:08.527093,32.42023
channel-750,685554,30369615,30369638,23,2025-02-26 04:39:46.164213,2025-02-26 04:40:15.502940,29.338727
channel-0,4040628,30369629,30369639,10,2025-02-26 04:40:01.746142,2025-02-26 04:40:16.607422,14.86128
channel-165,71484,30369639,30369648,9,2025-02-26 04:40:16.607422,2025-02-26 04:40:28.008268,11.400846
channel-874,293575,30369670,30369688,18,2025-02-26 04:40:53.184324,2025-02-26 04:41:18.579884,25.39556
channel-750,685555,30369676,30369685,9,2025-02-26 04:41:01.720530,2025-02-26 04:41:14.274868,12.554338
channel-229,55064,30369679,30369691,12,2025-02-26 04:41:06.018815,2025-02-26 04:41:23.065220,17.046405
channel-750,685556,30369682,30369704,22,2025-02-26 04:41:09.540449,2025-02-26 04:41:38.980063,29.439614
channel-208,1491197,30369692,30369704,12,2025-02-26 04:41:24.237692,2025-02-26 04:41:38.980063,14.742371
channel-75,845422,30369694,30369700,6,2025-02-26 04:41:26.476524,2025-02-26 04:41:34.541141,8.064617
channel-89321,19600,30369713,30369724,11,2025-02-26 04:41:49.677538,2025-02-26 04:42:02.182644,12.505106
channel-0,4040629,30369720,30369732,12,2025-02-26 04:41:57.620490,2025-02-26 04:42:12.142977,14.522487
channel-750,685557,30369752,30369777,25,2025-02-26 04:42:39.327233,2025-02-26 04:43:09.487748,30.160515
channel-326,538560,30369789,30369806,17,2025-02-26 04:43:24.177212,2025-02-26 04:43:45.113218,20.936006
channel-874,293576,30369793,30369810,17,2025-02-26 04:43:28.973028,2025-02-26 04:43:49.838651,20.865623
channel-85077,61248,30369793,30369810,17,2025-02-26 04:43:28.973028,2025-02-26 04:43:49.838651,20.865623
channel-85077,61249,30369794,30369805,11,2025-02-26 04:43:30.150467,2025-02-26 04:43:43.811715,13.661248
channel-85077,61250,30369807,30369817,10,2025-02-26 04:43:46.245523,2025-02-26 04:43:57.526114,11.280591
channel-750,685558,30369814,30369833,19,2025-02-26 04:43:54.180820,2025-02-26 04:44:20.501695,26.320875
channel-750,685559,30369828,30369840,12,2025-02-26 04:44:13.569606,2025-02-26 04:44:29.340673,15.771067
channel-0,4040630,30369830,30369840,10,2025-02-26 04:44:17.061164,2025-02-26 04:44:29.340673,12.279509
channel-6994,1326171,30369861,30369869,8,2025-02-26 04:44:55.747562,2025-02-26 04:45:05.794526,10.046964
channel-750,685560,30369863,30369888,25,2025-02-26 04:44:58.098405,2025-02-26 04:45:30.437425,32.33902
channel-783,104430,30369868,30369875,7,2025-02-26 04:45:04.692242,2025-02-26 04:45:14.029491,9.337249
channel-750,685561,30369875,30369892,17,2025-02-26 04:45:14.029491,2025-02-26 04:45:34.783829,20.754338
channel-750,685562,30369900,30369914,14,2025-02-26 04:45:44.174274,2025-02-26 04:46:02.049998,17.875724
channel-874,293577,30369936,30369955,19,2025-02-26 04:46:32.095726,2025-02-26 04:46:54.811451,22.715725
channel-750,685563,30369942,30369966,24,2025-02-26 04:46:39.904008,2025-02-26 04:47:08.473911,28.569903
channel-874,293578,30369985,30369989,4,2025-02-26 04:47:31.895203,2025-02-26 04:47:36.541804,4.646601
channel-85077,61251,30369992,30370003,11,2025-02-26 04:47:40.943247,2025-02-26 04:47:53.500712,12.557465
channel-750,685564,30370003,30370023,20,2025-02-26 04:47:53.500712,2025-02-26 04:48:22.492630,28.991918
channel-874,293579,30370005,30370010,5,2025-02-26 04:47:55.872206,2025-02-26 04:48:02.039128,6.166922
channel-251,85299,30370034,30370046,12,2025-02-26 04:48:35.338907,2025-02-26 04:48:50.781814,15.442907
channel-0,4040631,30370042,30370050,8,2025-02-26 04:48:45.053592,2025-02-26 04:48:55.568626,10.515034
channel-251,85300,30370067,30370079,12,2025-02-26 04:49:17.986863,2025-02-26 04:49:32.534367,14.547504
channel-75,845423,30370069,30370078,9,2025-02-26 04:49:20.168402,2025-02-26 04:49:31.242072,11.07367
channel-199,132960,30370071,30370082,11,2025-02-26 04:49:23.678014,2025-02-26 04:49:35.957450,12.279436
channel-874,293580,30370071,30370091,20,2025-02-26 04:49:23.678014,2025-02-26 04:49:47.724612,24.046598
channel-783,104431,30370075,30370082,7,2025-02-26 04:49:27.981362,2025-02-26 04:49:35.957450,7.976088
channel-492,20141,30370076,30370087,11,2025-02-26 04:49:29.111055,2025-02-26 04:49:43.264061,14.153006
channel-208,1491198,30370094,30370101,7,2025-02-26 04:49:51.460078,2025-02-26 04:50:01.137298,9.67722
channel-0,4040632,30370101,30370109,8,2025-02-26 04:50:01.137298,2025-02-26 04:50:16.016464,14.879166
channel-874,293581,30370105,30370109,4,2025-02-26 04:50:09.594672,2025-02-26 04:50:16.016464,6.421792
channel-208,1491199,30370107,30370121,14,2025-02-26 04:50:12.123650,2025-02-26 04:50:32.640245,20.516595
channel-208,1491200,30370107,30370121,14,2025-02-26 04:50:12.123650,2025-02-26 04:50:32.640245,20.516595
channel-251,85301,30370107,30370117,10,2025-02-26 04:50:12.123650,2025-02-26 04:50:26.984962,14.861312
channel-750,685565,30370110,30370119,9,2025-02-26 04:50:17.195473,2025-02-26 04:50:29.293743,12.09827
channel-750,685566,30370110,30370134,24,2025-02-26 04:50:17.195473,2025-02-26 04:50:48.618242,31.422769
channel-750,685567,30370122,30370136,14,2025-02-26 04:50:33.721522,2025-02-26 04:50:51.033825,17.312303
channel-92956,212,30370136,30370149,13,2025-02-26 04:50:51.033825,2025-02-26 04:51:07.150786,16.116961
channel-122,668460,30370154,30370157,3,2025-02-26 04:51:13.013499,2025-02-26 04:51:16.344254,3.330755
channel-750,685568,30370157,30370168,11,2025-02-26 04:51:16.344254,2025-02-26 04:51:31.163515,14.819261
channel-75755,5561,30370173,30370184,11,2025-02-26 04:51:36.944812,2025-02-26 04:51:51.556595,14.611783
channel-19774,346221,30370183,30370194,11,2025-02-26 04:51:50.403305,2025-02-26 04:52:03.078322,12.675017
channel-750,685569,30370192,30370201,9,2025-02-26 04:52:00.652216,2025-02-26 04:52:13.504193,12.851977
channel-92956,213,30370209,30370220,11,2025-02-26 04:52:22.745995,2025-02-26 04:52:36.488988,13.742993
channel-92956,214,30370230,30370242,12,2025-02-26 04:52:51.228503,2025-02-26 04:53:06.979220,15.750717
channel-2188,43933,30370237,30370241,4,2025-02-26 04:53:00.411820,2025-02-26 04:53:05.902357,5.490537
channel-92956,215,30370272,30370278,6,2025-02-26 04:53:42.630605,2025-02-26 04:53:52.170748,9.540143
channel-208,1491201,30370287,30370297,10,2025-02-26 04:54:02.202117,2025-02-26 04:54:14.749734,12.547617
channel-208,1491202,30370324,30370335,11,2025-02-26 04:54:48.342085,2025-02-26 04:55:01.601167,13.259082
channel-6994,1326172,30370344,30370355,11,2025-02-26 04:55:11.789209,2025-02-26 04:55:25.390391,13.601182
channel-750,685570,30370356,30370369,13,2025-02-26 04:55:26.779925,2025-02-26 04:55:45.084195,18.30427
channel-2188,43934,30370359,30370364,5,2025-02-26 04:55:31.442091,2025-02-26 04:55:39.384651,7.94256
channel-208,1491203,30370363,30370375,12,2025-02-26 04:55:38.282821,2025-02-26 04:55:53.243431,14.96061
channel-6994,1326173,30370385,30370396,11,2025-02-26 04:56:05.979361,2025-02-26 04:56:20.508383,14.529022
channel-326,538561,30370385,30370391,6,2025-02-26 04:56:05.979361,2025-02-26 04:56:12.870506,6.891145
channel-6994,1326174,30370392,30370400,8,2025-02-26 04:56:15.044845,2025-02-26 04:56:25.454689,10.409844
channel-199,132961,30370418,30370429,11,2025-02-26 04:56:46.639681,2025-02-26 04:57:00.559904,13.920223
channel-6994,1326175,30370422,30370432,10,2025-02-26 04:56:51.624903,2025-02-26 04:57:07.143504,15.518601
channel-0,4040633,30370445,30370455,10,2025-02-26 04:57:22.328704,2025-02-26 04:57:35.382616,13.053912
channel-874,293582,30370454,30370458,4,2025-02-26 04:57:34.130427,2025-02-26 04:57:39.923575,5.793148
channel-19774,346222,30370456,30370468,12,2025-02-26 04:57:36.491431,2025-02-26 04:57:51.151654,14.660223
channel-6994,1326176,30370466,30370478,12,2025-02-26 04:57:48.780751,2025-02-26 04:58:02.754818,13.974067
channel-750,685571,30370475,30370484,9,2025-02-26 04:57:59.221447,2025-02-26 04:58:10.846012,11.624565
channel-2188,43935,30370481,30370486,5,2025-02-26 04:58:06.111207,2025-02-26 04:58:13.160709,7.049502
channel-750,685572,30370510,30370515,5,2025-02-26 04:58:46.568661,2025-02-26 04:58:52.327845,5.759184
channel-6994,1326177,30370518,30370528,10,2025-02-26 04:58:55.668183,2025-02-26 04:59:07.537811,11.869628
channel-6994,1326178,30370533,30370542,9,2025-02-26 04:59:13.078763,2025-02-26 04:59:24.820491,11.741728
channel-0,4040634,30370584,30370594,10,2025-02-26 05:00:17.393312,2025-02-26 05:00:30.399758,13.006446
channel-6994,1326179,30370593,30370604,11,2025-02-26 05:00:28.241831,2025-02-26 05:00:43.883990,15.642159
channel-492,20142,30370597,30370605,8,2025-02-26 05:00:34.583564,2025-02-26 05:00:46.042166,11.458602
channel-0,4040635,30370608,30370621,13,2025-02-26 05:00:49.334315,2025-02-26 05:01:06.737067,17.402752
channel-85077,61252,30370613,30370624,11,2025-02-26 05:00:57.570415,2025-02-26 05:01:10.268960,12.698545
channel-0,4040636,30370640,30370654,14,2025-02-26 05:01:33.219119,2025-02-26 05:01:50.342682,17.123563
channel-750,685573,30370647,30370652,5,2025-02-26 05:01:41.252339,2025-02-26 05:01:48.175353,6.923014
channel-1,408767,30370647,30370660,13,2025-02-26 05:01:41.252339,2025-02-26 05:01:57.150316,15.897977
channel-6994,1326180,30370662,30370698,36,2025-02-26 05:02:00.398495,2025-02-26 05:02:45.533346,45.134851
channel-208,1491204,30370667,30370680,13,2025-02-26 05:02:06.248163,2025-02-26 05:02:22.232588,15.984425
channel-2694,3330,30370675,30370687,12,2025-02-26 05:02:15.524171,2025-02-26 05:02:30.745602,15.221431
channel-750,685574,30370684,30370701,17,2025-02-26 05:02:27.318705,2025-02-26 05:02:49.044598,21.725893
channel-750,685575,30370688,30370693,5,2025-02-26 05:02:31.911853,2025-02-26 05:02:37.553287,5.641434
channel-2188,43936,30370695,30370698,3,2025-02-26 05:02:40.003141,2025-02-26 05:02:45.533346,5.530205
channel-148,16101,30370699,30370707,8,2025-02-26 05:02:46.766614,2025-02-26 05:02:56.187932,9.421318
channel-0,4040637,30370703,30370714,11,2025-02-26 05:02:51.548710,2025-02-26 05:03:05.589301,14.040591
channel-208,1491205,30370706,30370715,9,2025-02-26 05:02:55.033488,2025-02-26 05:03:06.755932,11.722444
channel-6994,1326181,30370725,30370765,40,2025-02-26 05:03:19.447728,2025-02-26 05:04:08.165990,48.718262
channel-750,685576,30370726,30370732,6,2025-02-26 05:03:20.762022,2025-02-26 05:03:27.471829,6.709807
channel-6994,1326182,30370736,30370745,9,2025-02-26 05:03:32.988451,2025-02-26 05:03:45.252269,12.263818
channel-6994,1326183,30370753,30370765,12,2025-02-26 05:03:54.757427,2025-02-26 05:04:08.165990,13.408563
channel-122,668461,30370756,30370760,4,2025-02-26 05:03:58.063285,2025-02-26 05:04:02.748031,4.684746
channel-750,685577,30370762,30370767,5,2025-02-26 05:04:04.935818,2025-02-26 05:04:10.811236,5.875418
channel-2188,43937,30370764,30370768,4,2025-02-26 05:04:07.089213,2025-02-26 05:04:12.042942,4.953729
channel-122,668462,30370771,30370775,4,2025-02-26 05:04:15.569032,2025-02-26 05:04:20.726297,5.157265
channel-6994,1326184,30370795,30370844,49,2025-02-26 05:04:45.501976,2025-02-26 05:05:52.266425,66.764449
channel-0,4040638,30370824,30370838,14,2025-02-26 05:05:26.780928,2025-02-26 05:05:44.035872,17.254944
channel-6994,1326185,30370861,30370897,36,2025-02-26 05:06:14.827082,2025-02-26 05:07:00.219129,45.392047
channel-2188,43938,30370869,30370874,5,2025-02-26 05:06:25.150807,2025-02-26 05:06:30.734553,5.583746
channel-0,4040639,30370872,30370881,9,2025-02-26 05:06:28.624718,2025-02-26 05:06:40.485784,11.861066
channel-0,4040640,30370880,30370891,11,2025-02-26 05:06:39.251676,2025-02-26 05:06:52.111637,12.859961
channel-1,408768,30370886,30370901,15,2025-02-26 05:06:46.199942,2025-02-26 05:07:04.602445,18.402503
channel-6994,1326186,30370897,30370911,14,2025-02-26 05:07:00.219129,2025-02-26 05:07:16.506934,16.287805
channel-208,1491206,30370906,30370916,10,2025-02-26 05:07:10.689679,2025-02-26 05:07:22.385429,11.69575
channel-199,132962,30370913,30370926,13,2025-02-26 05:07:18.836135,2025-02-26 05:07:34.548539,15.712404
channel-94814,3810,30370919,30370933,14,2025-02-26 05:07:26.768597,2025-02-26 05:07:44.632359,17.863762
channel-6994,1326187,30370925,30370964,39,2025-02-26 05:07:33.483506,2025-02-26 05:08:21.469926,47.98642
channel-208,1491207,30370939,30370953,14,2025-02-26 05:07:52.410393,2025-02-26 05:08:08.571692,16.161299
channel-750,685578,30370946,30370951,5,2025-02-26 05:08:00.435167,2025-02-26 05:08:06.329390,5.894223
channel-0,4040641,30370951,30370975,24,2025-02-26 05:08:06.329390,2025-02-26 05:08:38.993861,32.664471
channel-259,314488,30370964,30370971,7,2025-02-26 05:08:21.469926,2025-02-26 05:08:34.267253,12.797327
channel-750,685579,30370971,30370977,6,2025-02-26 05:08:34.267253,2025-02-26 05:08:41.320876,7.053623
channel-767,14392,30370976,30370987,11,2025-02-26 05:08:40.256853,2025-02-26 05:08:54.100673,13.84382
channel-88,467247,30370977,30370996,19,2025-02-26 05:08:41.320876,2025-02-26 05:09:05.563613,24.242737
channel-208,1491208,30370982,30370992,10,2025-02-26 05:08:47.451685,2025-02-26 05:09:00.844650,13.392965
channel-6994,1326188,30370984,30370992,8,2025-02-26 05:08:49.604880,2025-02-26 05:09:00.844650,11.23977
channel-6994,1326189,30370986,30371029,43,2025-02-26 05:08:52.945532,2025-02-26 05:09:45.201074,52.255542
channel-259,314489,30371015,30371022,7,2025-02-26 05:09:27.204488,2025-02-26 05:09:36.168065,8.963577
channel-750,685580,30371034,30371039,5,2025-02-26 05:09:51.834951,2025-02-26 05:09:57.371118,5.536167
channel-326,538562,30371036,30371044,8,2025-02-26 05:09:54.018574,2025-02-26 05:10:04.307393,10.288819
channel-0,4040642,30371038,30371048,10,2025-02-26 05:09:56.241350,2025-02-26 05:10:08.957488,12.716138
channel-750,685581,30371043,30371048,5,2025-02-26 05:10:02.079247,2025-02-26 05:10:08.957488,6.878241
channel-199,132963,30371055,30371061,6,2025-02-26 05:10:19.745237,2025-02-26 05:10:31.532772,11.787535
channel-208,1491209,30371057,30371067,10,2025-02-26 05:10:23.665910,2025-02-26 05:10:38.297009,14.631099
channel-750,685582,30371060,30371079,19,2025-02-26 05:10:27.059215,2025-02-26 05:10:52.475931,25.416716
channel-0,4040643,30371077,30371089,12,2025-02-26 05:10:50.059130,2025-02-26 05:11:05.292739,15.233609
channel-6994,1326190,30371077,30371089,12,2025-02-26 05:10:50.059130,2025-02-26 05:11:05.292739,15.233609
channel-208,1491210,30371079,30371090,11,2025-02-26 05:10:52.475931,2025-02-26 05:11:06.414194,13.938263
channel-208,1491211,30371102,30371112,10,2025-02-26 05:11:21.482391,2025-02-26 05:11:36.129913,14.647522
channel-750,685583,30371116,30371121,5,2025-02-26 05:11:41.495791,2025-02-26 05:11:48.195643,6.699852
channel-0,4040644,30371122,30371132,10,2025-02-26 05:11:49.282550,2025-02-26 05:12:02.639814,13.357264
channel-85077,61253,30371139,30371147,8,2025-02-26 05:12:10.735617,2025-02-26 05:12:24.961348,14.225731
channel-122,668463,30371145,30371148,3,2025-02-26 05:12:21.759738,2025-02-26 05:12:26.036454,4.276716
channel-750,685584,30371151,30371159,8,2025-02-26 05:12:29.470635,2025-02-26 05:12:38.885082,9.414447
channel-6994,1326191,30371157,30371167,10,2025-02-26 05:12:36.661370,2025-02-26 05:12:47.956236,11.294866
channel-783,104432,30371162,30371169,7,2025-02-26 05:12:42.238925,2025-02-26 05:12:50.140172,7.901247
channel-89298,18775,30371167,30371178,11,2025-02-26 05:12:47.956236,2025-02-26 05:13:01.577831,13.621595
channel-85077,61254,30371170,30371178,8,2025-02-26 05:12:51.243283,2025-02-26 05:13:01.577831,10.334548
channel-750,685585,30371172,30371177,5,2025-02-26 05:12:53.707943,2025-02-26 05:13:00.425706,6.717763
channel-783,104433,30371179,30371188,9,2025-02-26 05:13:03.899667,2025-02-26 05:13:14.147997,10.24833
channel-783,104434,30371188,30371194,6,2025-02-26 05:13:14.147997,2025-02-26 05:13:21.110538,6.962541
channel-75,845424,30371191,30371198,7,2025-02-26 05:13:17.592203,2025-02-26 05:13:25.733281,8.141078
channel-320,119298,30371203,30371213,10,2025-02-26 05:13:31.544462,2025-02-26 05:13:43.104015,11.559553
channel-783,104435,30371210,30371219,9,2025-02-26 05:13:39.646982,2025-02-26 05:13:50.299830,10.652848
channel-326,538563,30371226,30371256,30,2025-02-26 05:13:59.994520,2025-02-26 05:14:38.832452,38.837932
channel-143,128499,30371226,30371243,17,2025-02-26 05:13:59.994520,2025-02-26 05:14:22.669015,22.674495
channel-122,668464,30371245,30371249,4,2025-02-26 05:14:25.103966,2025-02-26 05:14:30.828993,5.725027
channel-750,685586,30371247,30371256,9,2025-02-26 05:14:28.507755,2025-02-26 05:14:38.832452,10.324697
channel-208,1491212,30371254,30371263,9,2025-02-26 05:14:36.528209,2025-02-26 05:14:48.067285,11.539076
channel-320,119299,30371279,30371307,28,2025-02-26 05:15:12.176570,2025-02-26 05:15:47.697482,35.520912
channel-783,104436,30371283,30371302,19,2025-02-26 05:15:16.743822,2025-02-26 05:15:41.940699,25.196877
channel-122,668465,30371293,30371297,4,2025-02-26 05:15:29.909075,2025-02-26 05:15:34.695828,4.786753
channel-750,685587,30371314,30371319,5,2025-02-26 05:15:56.328998,2025-02-26 05:16:03.649719,7.320721
channel-0,4040645,30371326,30371334,8,2025-02-26 05:16:12.548067,2025-02-26 05:16:22.744966,10.196899
channel-19774,346223,30371346,30371357,11,2025-02-26 05:16:37.092430,2025-02-26 05:16:51.479960,14.38753
channel-6994,1326192,30371346,30371385,39,2025-02-26 05:16:37.092430,2025-02-26 05:17:26.062445,48.970015
channel-42,1490102,30371402,30371413,11,2025-02-26 05:17:48.620020,2025-02-26 05:18:01.339407,12.719387
channel-874,293583,30371402,30371409,7,2025-02-26 05:17:48.620020,2025-02-26 05:17:56.667332,8.047312
channel-0,4040646,30371414,30371441,27,2025-02-26 05:18:02.548802,2025-02-26 05:18:36.567697,34.018895
channel-6994,1326193,30371416,30371452,36,2025-02-26 05:18:04.985622,2025-02-26 05:18:50.168127,45.182505
channel-874,293584,30371429,30371435,6,2025-02-26 05:18:21.729383,2025-02-26 05:18:29.533486,7.804103
channel-6994,1326194,30371439,30371447,8,2025-02-26 05:18:34.220627,2025-02-26 05:18:44.512257,10.29163
channel-6994,1326195,30371476,30371513,37,2025-02-26 05:19:23.577264,2025-02-26 05:20:10.195287,46.618023
channel-0,4040647,30371485,30371494,9,2025-02-26 05:19:34.167261,2025-02-26 05:19:46.873377,12.706116
channel-750,685588,30371493,30371497,4,2025-02-26 05:19:45.770499,2025-02-26 05:19:50.433189,4.66269
channel-6994,1326196,30371538,30371570,32,2025-02-26 05:20:41.125329,2025-02-26 05:21:27.261390,46.136061
channel-19774,346224,30371544,30371556,12,2025-02-26 05:20:48.299212,2025-02-26 05:21:03.817126,15.517914
channel-0,4040648,30371553,30371563,10,2025-02-26 05:21:00.192957,2025-02-26 05:21:13.796422,13.603465
channel-6994,1326197,30371560,30371568,8,2025-02-26 05:21:08.287606,2025-02-26 05:21:20.527775,12.240169
channel-326,538564,30371561,30371566,5,2025-02-26 05:21:10.452464,2025-02-26 05:21:18.104396,7.651932
channel-1,408769,30371562,30371575,13,2025-02-26 05:21:11.520672,2025-02-26 05:21:33.081330,21.560658
channel-6994,1326198,30371568,30371584,16,2025-02-26 05:21:20.527775,2025-02-26 05:21:44.542231,24.014456
channel-259,314490,30371569,30371576,7,2025-02-26 05:21:25.909992,2025-02-26 05:21:34.336200,8.426208
channel-199,132964,30371571,30371580,9,2025-02-26 05:21:28.373984,2025-02-26 05:21:38.905383,10.531399
channel-81016,266,30371583,30371598,15,2025-02-26 05:21:43.400187,2025-02-26 05:22:01.793967,18.39378
channel-6994,1326199,30371583,30371593,10,2025-02-26 05:21:43.400187,2025-02-26 05:21:55.934477,12.53429
channel-75,845425,30371595,30371601,6,2025-02-26 05:21:58.135549,2025-02-26 05:22:05.268078,7.132529
channel-6994,1326200,30371601,30371638,37,2025-02-26 05:22:05.268078,2025-02-26 05:22:51.039068,45.77099
channel-6994,1326201,30371601,30371612,11,2025-02-26 05:22:05.268078,2025-02-26 05:22:20.209249,14.941171
channel-0,4040649,30371602,30371623,21,2025-02-26 05:22:07.873775,2025-02-26 05:22:33.899225,26.02545
channel-91017,2942,30371606,30371618,12,2025-02-26 05:22:12.765743,2025-02-26 05:22:28.296865,15.531122
channel-208,1491213,30371609,30371620,11,2025-02-26 05:22:15.997900,2025-02-26 05:22:30.679284,14.681384
channel-0,4040650,30371611,30371639,28,2025-02-26 05:22:19.123022,2025-02-26 05:22:52.189156,33.066134
channel-0,4040651,30371619,30371649,30,2025-02-26 05:22:29.465028,2025-02-26 05:23:03.565928,34.1009
channel-229,55065,30371623,30371634,11,2025-02-26 05:22:33.899225,2025-02-26 05:22:46.074880,12.175655
channel-208,1491214,30371638,30371652,14,2025-02-26 05:22:51.039068,2025-02-26 05:23:07.149124,16.110056
channel-326,538565,30371643,30371671,28,2025-02-26 05:22:56.763915,2025-02-26 05:23:34.873984,38.110069
channel-208,1491215,30371644,30371656,12,2025-02-26 05:22:57.824558,2025-02-26 05:23:11.682973,13.858415
channel-0,4040652,30371648,30371657,9,2025-02-26 05:23:02.462224,2025-02-26 05:23:12.959006,10.496782
channel-204,670880,30371654,30371739,85,2025-02-26 05:23:09.504664,2025-02-26 05:25:01.804567,112.299903
channel-6994,1326202,30371666,30371701,35,2025-02-26 05:23:28.861465,2025-02-26 05:24:15.484768,46.623303
channel-750,685589,30371675,30371680,5,2025-02-26 05:23:41.483337,2025-02-26 05:23:46.813672,5.330335
channel-6994,1326203,30371683,30371693,10,2025-02-26 05:23:51.460159,2025-02-26 05:24:06.019021,14.558862
channel-208,1491216,30371683,30371696,13,2025-02-26 05:23:51.460159,2025-02-26 05:24:09.424221,17.964062
channel-6994,1326204,30371690,30371701,11,2025-02-26 05:24:02.591484,2025-02-26 05:24:15.484768,12.893284
channel-0,4040653,30371693,30371704,11,2025-02-26 05:24:06.019021,2025-02-26 05:24:18.974297,12.955276
channel-85791,3784,30371707,30371712,5,2025-02-26 05:24:22.519179,2025-02-26 05:24:28.492402,5.973223
channel-75,845426,30371709,30371715,6,2025-02-26 05:24:24.804498,2025-02-26 05:24:33.258235,8.453737
channel-0,4040654,30371713,30371724,11,2025-02-26 05:24:30.833703,2025-02-26 05:24:43.588540,12.754837
channel-94814,3811,30371725,30371737,12,2025-02-26 05:24:44.645941,2025-02-26 05:24:59.517568,14.871627
channel-320,119300,30371726,30371751,25,2025-02-26 05:24:45.862664,2025-02-26 05:25:21.912918,36.050254
channel-6994,1326205,30371727,30371775,48,2025-02-26 05:24:48.019817,2025-02-26 05:25:50.979205,62.959388
channel-89298,18776,30371728,30371738,10,2025-02-26 05:24:49.272867,2025-02-26 05:25:00.650795,11.377928
channel-98451,109,30371741,30371749,8,2025-02-26 05:25:05.079844,2025-02-26 05:25:19.510567,14.430723
channel-184,137470,30371745,30371758,13,2025-02-26 05:25:10.884852,2025-02-26 05:25:30.891925,20.007073
channel-122,668466,30371760,30371764,4,2025-02-26 05:25:33.110599,2025-02-26 05:25:37.843818,4.733219
channel-208,1491217,30371768,30371777,9,2025-02-26 05:25:43.012168,2025-02-26 05:25:54.340491,11.328323
channel-122,668467,30371774,30371777,3,2025-02-26 05:25:49.844881,2025-02-26 05:25:54.340491,4.49561
channel-6994,1326206,30371777,30371789,12,2025-02-26 05:25:54.340491,2025-02-26 05:26:09.211132,14.870641
channel-208,1491218,30371782,30371792,10,2025-02-26 05:26:00.063756,2025-02-26 05:26:12.553929,12.490173
channel-320,119301,30371824,30371828,4,2025-02-26 05:26:51.977034,2025-02-26 05:26:56.511991,4.534957
channel-750,685590,30371828,30371832,4,2025-02-26 05:26:56.511991,2025-02-26 05:27:05.248601,8.73661
channel-782,310304,30371829,30371837,8,2025-02-26 05:27:01.769592,2025-02-26 05:27:11.424920,9.655328
channel-783,104437,30371872,30371878,6,2025-02-26 05:27:54.705999,2025-02-26 05:28:05.072518,10.366519
channel-2188,43939,30371876,30371881,5,2025-02-26 05:28:02.774600,2025-02-26 05:28:08.558330,5.78373
channel-208,1491219,30371877,30371885,8,2025-02-26 05:28:03.933411,2025-02-26 05:28:14.089605,10.156194
channel-0,4040655,30371882,30371888,6,2025-02-26 05:28:09.604641,2025-02-26 05:28:17.514926,7.910285
channel-0,4040656,30371891,30371901,10,2025-02-26 05:28:22.385129,2025-02-26 05:28:35.318700,12.933571
channel-326,538566,30371916,30371922,6,2025-02-26 05:28:53.072023,2025-02-26 05:29:01.471502,8.399479
channel-144,86709,30371923,30371938,15,2025-02-26 05:29:02.682461,2025-02-26 05:29:20.706545,18.024084
channel-0,4040657,30371948,30371958,10,2025-02-26 05:29:33.187408,2025-02-26 05:29:46.729330,13.541922
channel-208,1491220,30371974,30371982,8,2025-02-26 05:30:05.335257,2025-02-26 05:30:14.590427,9.25517
channel-88,467248,30371996,30372014,18,2025-02-26 05:30:34.375196,2025-02-26 05:30:58.088842,23.713646
channel-0,4040658,30372018,30372030,12,2025-02-26 05:31:02.940137,2025-02-26 05:31:16.744669,13.804532
channel-6994,1326208,30372049,30372081,32,2025-02-26 05:31:39.453987,2025-02-26 05:32:19.541729,40.087742
channel-143,128500,30372060,30372073,13,2025-02-26 05:31:54.005406,2025-02-26 05:32:08.934784,14.929378
channel-208,1491221,30372076,30372084,8,2025-02-26 05:32:12.314845,2025-02-26 05:32:22.933684,10.618839
channel-326,538567,30372084,30372105,21,2025-02-26 05:32:22.933684,2025-02-26 05:32:55.780256,32.846572
channel-326,538568,30372084,30372105,21,2025-02-26 05:32:22.933684,2025-02-26 05:32:55.780256,32.846572
channel-326,538569,30372084,30372105,21,2025-02-26 05:32:22.933684,2025-02-26 05:32:55.780256,32.846572
channel-326,538570,30372084,30372105,21,2025-02-26 05:32:22.933684,2025-02-26 05:32:55.780256,32.846572
channel-326,538571,30372084,30372105,21,2025-02-26 05:32:22.933684,2025-02-26 05:32:55.780256,32.846572
channel-204,670881,30372094,30372101,7,2025-02-26 05:32:39.632841,2025-02-26 05:32:49.056539,9.423698
channel-1429,140844,30372096,30372105,9,2025-02-26 05:32:41.794997,2025-02-26 05:32:55.780256,13.985259
channel-6994,1326209,30372106,30372144,38,2025-02-26 05:32:56.903171,2025-02-26 05:33:43.133151,46.22998
channel-750,685591,30372148,30372168,20,2025-02-26 05:33:48.923503,2025-02-26 05:34:12.103425,23.179922
channel-6994,1326210,30372171,30372204,33,2025-02-26 05:34:15.451228,2025-02-26 05:35:00.659236,45.208008
channel-75,845427,30372172,30372178,6,2025-02-26 05:34:17.641436,2025-02-26 05:34:27.211455,9.570019
channel-208,1491222,30372174,30372185,11,2025-02-26 05:34:20.865214,2025-02-26 05:34:36.074777,15.209563
channel-85077,61255,30372193,30372202,9,2025-02-26 05:34:46.207517,2025-02-26 05:34:57.404758,11.197241
channel-750,685592,30372208,30372227,19,2025-02-26 05:35:05.269552,2025-02-26 05:35:28.588594,23.319042
channel-782,310305,30372210,30372248,38,2025-02-26 05:35:07.636518,2025-02-26 05:35:55.058628,47.42211
channel-782,310306,30372213,30372248,35,2025-02-26 05:35:12.453033,2025-02-26 05:35:55.058628,42.605595
channel-782,310307,30372222,30372248,26,2025-02-26 05:35:22.691328,2025-02-26 05:35:55.058628,32.3673
channel-750,685593,30372233,30372245,12,2025-02-26 05:35:35.558150,2025-02-26 05:35:51.494607,15.936457
channel-208,1491223,30372237,30372250,13,2025-02-26 05:35:41.087937,2025-02-26 05:35:57.248597,16.16066
channel-1429,140845,30372240,30372248,8,2025-02-26 05:35:45.728924,2025-02-26 05:35:55.058628,9.329704
